bin	ch 1	ch 2	ch 3	ch 4	ch 5	ch 6	ch 7
0.0500	0	0	0	0	2	1	3
0.1500	0	0	0	0	1	0	2
0.2500	0	0	0	0	0	0	0
0.3500	0	0	0	0	0	2	1
0.4500	0	0	0	0	1	0	2
0.5500	0	0	0	0	1	0	0
0.6500	0	0	0	0	0	0	0
0.7500	0	0	0	0	0	0	0
0.8500	0	0	0	0	0	1	1
0.9500	0	0	0	0	0	0	0
1.0500	0	0	0	0	0	0	0
1.1500	0	1	0	0	0	0	0
1.2500	0	0	1	0	1	0	0
1.3500	0	0	0	0	0	0	0
1.4500	0	1	0	0	0	0	0
1.5500	0	0	0	0	0	0	0
1.6500	1	0	0	0	0	0	0
1.7500	0	0	1	0	0	0	0
1.8500	0	0	0	0	0	0	0
1.9500	0	0	2	0	1	0	0
2.0500	0	1	0	0	1	0	1
2.1500	0	0	0	1	2	3	3
2.2500	0	0	0	1	3	1	1
2.3500	3	2	1	2	4	4	3
2.4500	1	0	1	2	2	1	6
2.5500	6	0	1	7	9	8	8
2.6500	8	6	6	3	15	8	14
2.7500	8	1	1	8	13	9	22
2.8500	12	1	2	10	13	14	21
2.9500	24	4	5	9	15	11	13
3.0500	12	4	4	16	20	8	20
3.1500	21	8	6	14	12	15	23
3.2500	19	16	5	21	10	7	21
3.3500	16	12	14	22	15	9	21
3.4500	16	17	18	20	17	12	23
3.5500	23	13	13	19	22	14	15
3.6500	16	11	13	19	16	6	15
3.7500	17	12	16	19	16	10	19
3.8500	9	15	13	16	24	7	20
3.9500	28	12	12	12	22	9	21
4.0500	13	12	14	28	19	5	26
4.1500	25	8	11	24	31	7	33
4.2500	20	10	21	16	21	7	24
4.3500	20	19	8	23	29	5	29
4.4500	26	21	16	14	23	2	23
4.5500	32	12	16	18	29	4	30
4.6500	38	22	17	17	34	4	28
4.7500	30	12	16	32	27	2	33
4.8500	37	13	19	32	27	4	36
4.9500	36	19	24	35	36	0	40
5.0500	36	17	25	16	33	4	28
5.1500	45	10	19	36	38	5	41
5.2500	27	16	33	35	41	5	42
5.3500	44	21	26	32	46	1	35
5.4500	34	24	31	38	37	3	32
5.5500	40	30	27	50	45	1	36
5.6500	38	32	39	39	45	3	47
5.7500	36	28	37	45	40	3	32
5.8500	46	31	34	37	29	13	35
5.9500	29	41	41	34	38	6	39
6.0500	44	37	29	40	50	5	43
6.1500	36	41	28	42	43	3	30
6.2500	31	52	34	36	34	3	33
6.3500	39	43	30	47	36	6	35
6.4500	42	30	36	37	42	2	37
6.5500	35	41	45	52	35	5	44
6.6500	35	42	42	30	44	7	45
6.7500	47	39	46	34	50	6	37
6.8500	40	39	41	45	52	7	49
6.9500	37	44	47	28	35	5	55
7.0500	48	43	39	38	37	11	37
7.1500	43	50	38	42	43	2	40
7.2500	48	54	41	32	46	8	41
7.3500	50	52	45	45	57	9	49
7.4500	51	51	48	36	41	7	41
7.5500	46	41	38	39	44	15	48
7.6500	51	35	42	40	47	11	38
7.7500	41	60	48	49	42	15	54
7.8500	50	42	48	44	53	9	49
7.9500	38	38	41	54	50	13	55
8.0500	40	37	48	44	41	16	42
8.1500	52	48	51	36	47	14	45
8.2500	49	48	54	47	55	20	48
8.3500	51	41	41	60	48	25	44
8.4500	53	42	54	55	50	15	54
8.5500	53	47	57	45	59	18	69
8.6500	59	52	54	49	50	20	50
8.7500	66	64	51	62	55	33	60
8.8500	57	73	51	71	69	31	57
8.9500	58	67	59	65	61	40	45
9.0500	58	61	64	64	68	46	44
9.1500	66	68	54	61	58	58	56
9.2500	70	71	73	68	67	52	59
9.3500	61	67	82	67	68	56	66
9.4500	73	64	67	68	72	61	77
9.5500	80	76	65	72	67	65	87
9.6500	87	76	72	86	67	63	82
9.7500	69	88	80	65	88	83	87
9.8500	92	90	104	98	92	63	83
9.9500	88	91	90	89	95	115	102
10.0500	99	98	103	114	108	90	97
10.1500	94	100	98	106	106	100	107
10.2500	104	129	98	104	120	101	106
10.3500	127	114	113	107	127	136	136
10.4500	134	130	113	128	127	120	153
10.5500	131	120	117	127	138	146	146
10.6500	153	159	139	136	159	158	161
10.7500	159	161	149	144	183	162	164
10.8500	154	158	179	159	173	190	172
10.9500	195	137	171	185	183	206	182
11.0500	210	190	225	187	203	212	224
11.1500	215	212	215	188	240	216	226
11.2500	221	233	250	215	261	304	252
11.3500	300	250	270	217	288	302	299
11.4500	290	308	303	290	290	347	306
11.5500	335	305	372	284	393	396	346
11.6500	367	378	357	366	413	452	433
11.7500	443	391	408	429	434	479	499
11.8500	527	456	445	424	526	600	510
11.9500	544	555	537	517	600	698	593
12.0500	751	677	680	658	791	872	808
12.1500	937	850	846	823	959	1091	1163
12.2500	1294	1114	1222	1085	1370	1556	1502
12.3500	1687	1578	1581	1543	1803	1981	1997
12.4500	2317	2070	2000	2102	2217	2441	2550
12.5500	2731	2549	2595	2527	2708	2980	3046
12.6500	3155	2909	2908	2987	2964	3318	3235
12.7500	3182	3099	3060	3139	3056	3508	3195
12.8500	3337	3193	3157	3195	3123	3728	3171
12.9500	3267	3120	3077	3166	3062	3631	3012
13.0500	3080	3075	2996	3008	2914	3536	2900
13.1500	2969	2931	2853	3007	2887	3492	2846
13.2500	2849	2920	2882	2876	2848	3330	2777
13.3500	2640	2746	2700	2650	2620	3184	2579
13.4500	2639	2575	2647	2597	2547	2996	2512
13.5500	2497	2358	2514	2525	2303	2854	2361
13.6500	2303	2478	2291	2379	2298	2766	2223
13.7500	2334	2209	2209	2141	2239	2665	2133
13.8500	2117	2124	2114	2115	2129	2489	2121
13.9500	2025	1979	2098	2026	2017	2373	1979
14.0500	1865	1985	1905	1957	1868	2269	1842
14.1500	1907	1781	1810	1868	1773	2128	1775
14.2500	1709	1760	1739	1813	1771	2090	1725
14.3500	1694	1630	1677	1651	1630	2012	1622
14.4500	1541	1548	1590	1589	1539	1841	1495
14.5500	1531	1434	1519	1528	1423	1740	1489
14.6500	1374	1410	1434	1365	1340	1684	1325
14.7500	1397	1341	1304	1354	1205	1579	1274
14.8500	1216	1205	1271	1232	1226	1413	1239
14.9500	1146	1190	1155	1160	1159	1324	1131
15.0500	1073	1134	1130	1131	1042	1251	1026
15.1500	1034	1056	1050	1088	985	1217	964
15.2500	956	991	1044	1008	932	1110	906
15.3500	884	933	915	907	865	1082	874
15.4500	844	848	916	856	788	953	784
15.5500	824	808	831	793	743	975	766
15.6500	732	741	765	735	674	864	666
15.7500	646	676	699	693	615	813	643
15.8500	622	658	640	649	620	755	552
15.9500	554	581	636	563	579	696	537
16.0500	571	523	542	532	517	616	502
16.1500	445	483	484	493	477	573	469
16.2500	416	469	434	465	430	544	369
16.3500	430	410	414	441	386	490	353
16.4500	374	371	371	362	369	435	356
16.5500	312	337	316	329	326	377	287
16.6500	287	314	289	295	290	340	275
16.7500	240	254	257	263	252	294	245
16.8500	237	215	261	241	232	262	211
16.9500	202	221	206	218	195	241	159
17.0500	167	186	204	192	176	229	152
17.1500	154	170	182	154	140	192	118
17.2500	148	143	137	127	151	152	112
17.3500	91	102	113	118	101	154	91
17.4500	71	103	113	97	99	113	73
17.5500	76	69	76	84	82	91	47
17.6500	62	59	71	70	56	81	58
17.7500	52	55	50	46	44	62	40
17.8500	44	48	34	46	35	41	27
17.9500	41	31	30	33	24	37	15
18.0500	19	20	27	31	15	20	19
18.1500	17	13	9	20	30	28	8
18.2500	12	11	13	19	16	20	9
18.3500	9	9	10	4	5	16	0
18.4500	9	2	4	9	6	10	5
18.5500	6	2	8	3	1	4	1
18.6500	5	3	2	7	4	1	3
18.7500	2	2	4	2	2	4	4
18.8500	2	4	4	2	4	6	3
18.9500	4	1	2	1	0	3	5
19.0500	0	2	4	2	2	3	2
19.1500	3	0	2	2	3	1	4
19.2500	2	2	3	5	4	3	3
19.3500	2	2	3	1	4	1	1
19.4500	2	3	3	2	0	5	5
19.5500	3	2	1	1	1	4	4
19.6500	3	2	1	1	0	7	3
19.7500	0	0	0	3	1	3	1
19.8500	3	3	1	2	3	3	4
19.9500	1	3	3	3	6	3	0
