bin	ch 1	ch 2	ch 3	ch 4	ch 5	ch 6	ch 7
0.0500	0	0	0	1	1	0	4
0.1500	0	1	1	0	2	0	1
0.2500	0	0	0	0	2	0	2
0.3500	0	0	0	0	1	0	2
0.4500	0	0	0	0	3	0	1
0.5500	0	0	0	0	0	0	1
0.6500	0	1	0	0	2	0	1
0.7500	0	0	0	0	3	0	1
0.8500	1	0	0	0	1	1	1
0.9500	0	0	0	0	1	0	2
1.0500	0	0	1	0	0	0	1
1.1500	0	0	1	0	1	0	1
1.2500	1	1	1	0	0	0	2
1.3500	2	1	0	0	1	0	0
1.4500	0	1	2	0	0	0	0
1.5500	0	0	0	0	2	0	0
1.6500	1	0	1	0	0	0	0
1.7500	1	0	2	2	1	0	0
1.8500	2	0	2	0	2	0	0
1.9500	0	1	0	0	1	2	2
2.0500	5	0	0	1	2	0	3
2.1500	2	1	3	1	3	5	3
2.2500	3	0	0	2	4	0	4
2.3500	5	1	3	3	4	6	5
2.4500	3	0	1	3	13	5	13
2.5500	10	1	1	5	8	5	12
2.6500	14	2	1	6	10	13	20
2.7500	16	3	7	7	16	15	31
2.8500	28	5	9	18	24	22	29
2.9500	16	5	8	22	21	22	26
3.0500	26	6	18	22	17	16	34
3.1500	27	15	9	20	19	20	27
3.2500	22	17	21	23	20	16	39
3.3500	27	18	26	29	32	20	32
3.4500	31	24	19	22	29	14	28
3.5500	31	15	18	27	31	15	27
3.6500	30	23	24	31	38	18	29
3.7500	25	22	22	29	37	12	25
3.8500	30	14	27	29	28	12	30
3.9500	20	19	24	34	34	9	38
4.0500	30	19	26	27	30	14	22
4.1500	38	22	31	19	28	10	32
4.2500	28	18	20	23	35	13	38
4.3500	32	22	24	27	41	12	38
4.4500	31	19	18	37	29	15	44
4.5500	36	26	27	26	36	7	53
4.6500	51	25	29	37	28	6	32
4.7500	50	27	23	29	47	6	43
4.8500	55	27	30	40	53	5	52
4.9500	44	30	36	40	49	7	45
5.0500	40	30	25	45	47	6	44
5.1500	51	27	31	51	51	10	48
5.2500	56	35	30	37	51	6	48
5.3500	52	31	37	43	60	4	54
5.4500	44	32	42	57	47	8	55
5.5500	48	45	47	54	66	11	51
5.6500	61	39	43	61	55	4	44
5.7500	59	52	36	50	57	2	46
5.8500	46	43	39	57	57	6	64
5.9500	51	54	33	50	59	8	52
6.0500	43	51	48	48	43	5	52
6.1500	66	58	44	39	65	7	54
6.2500	49	45	58	56	54	4	48
6.3500	57	48	57	46	65	6	62
6.4500	56	55	59	52	54	7	55
6.5500	50	64	52	38	46	11	36
6.6500	50	68	61	55	47	11	47
6.7500	51	50	66	59	60	2	61
6.8500	64	51	52	56	51	7	61
6.9500	64	50	60	63	57	13	58
7.0500	64	47	48	63	58	9	70
7.1500	53	66	48	52	60	15	61
7.2500	56	46	66	56	61	17	62
7.3500	61	53	49	51	67	11	42
7.4500	70	60	75	51	61	17	58
7.5500	58	66	60	62	40	26	55
7.6500	63	50	65	66	82	27	63
7.7500	44	61	50	50	68	16	80
7.8500	79	52	54	56	57	34	64
7.9500	75	49	78	68	81	33	64
8.0500	65	65	67	59	81	30	63
8.1500	72	65	71	66	75	36	70
8.2500	56	65	72	77	80	27	83
8.3500	77	74	89	69	76	44	76
8.4500	76	92	82	78	88	57	67
8.5500	71	81	57	91	75	44	74
8.6500	84	65	88	86	103	64	89
8.7500	104	82	89	69	89	60	86
8.8500	82	93	93	88	83	69	81
8.9500	95	86	89	95	85	69	98
9.0500	98	91	100	93	94	70	114
9.1500	115	98	101	86	81	93	114
9.2500	117	94	107	89	106	88	96
9.3500	105	113	116	95	105	107	115
9.4500	97	118	137	108	106	96	115
9.5500	144	125	140	123	119	112	123
9.6500	127	119	144	128	131	113	122
9.7500	113	131	122	118	143	136	121
9.8500	136	136	149	133	177	156	155
9.9500	155	138	147	140	158	162	181
10.0500	140	151	145	150	197	159	142
10.1500	179	166	162	165	207	183	196
10.2500	186	184	195	198	211	220	193
10.3500	183	226	201	206	236	239	219
10.4500	231	236	230	187	230	237	242
10.5500	236	244	264	234	259	262	275
10.6500	275	278	275	256	290	312	299
10.7500	295	319	284	270	284	342	313
10.8500	338	303	328	334	326	398	333
10.9500	342	351	359	379	365	419	354
11.0500	395	385	389	372	416	496	452
11.1500	456	449	469	417	507	567	481
11.2500	481	486	490	457	535	608	560
11.3500	603	538	612	535	614	691	672
11.4500	692	677	672	651	760	805	743
11.5500	850	794	825	753	984	1034	851
11.6500	1096	1001	1008	921	1271	1254	1249
11.7500	1554	1408	1464	1294	1679	1837	1754
11.8500	2173	1877	1998	1813	2098	2210	2414
11.9500	2760	2584	2657	2408	2611	2929	3131
12.0500	3245	3131	3147	2964	3234	3548	3689
12.1500	3629	3595	3422	3447	3615	3992	3811
12.2500	3966	3823	3822	3652	3755	4269	3827
12.3500	3833	3926	3853	3822	3787	4560	3990
12.4500	3644	3751	3921	3816	3698	4410	3703
12.5500	3639	3599	3677	3776	3526	4251	3527
12.6500	3488	3500	3547	3448	3472	4145	3558
12.7500	3483	3412	3424	3505	3423	3926	3261
12.8500	3313	3288	3352	3236	3321	3868	3151
12.9500	3055	3245	3137	3110	3090	3677	3134
13.0500	2989	3023	3080	3002	2920	3508	2914
13.1500	2906	2874	2867	2845	2793	3404	2855
13.2500	2696	2726	2694	2789	2707	3153	2811
13.3500	2567	2635	2669	2687	2678	3013	2581
13.4500	2564	2522	2473	2444	2507	2995	2500
13.5500	2430	2377	2422	2327	2404	2832	2290
13.6500	2254	2379	2291	2363	2193	2736	2324
13.7500	2250	2213	2178	2130	2258	2560	2097
13.8500	2089	2053	2118	2106	2112	2452	2058
13.9500	1911	2031	2047	2044	1817	2393	2063
14.0500	1959	1844	1874	1879	1861	2216	1830
14.1500	1813	1866	1779	1825	1730	2154	1780
14.2500	1746	1732	1698	1774	1723	1984	1567
14.3500	1656	1727	1684	1647	1584	1923	1525
14.4500	1559	1588	1569	1595	1492	1804	1514
14.5500	1498	1575	1499	1486	1486	1685	1402
14.6500	1381	1348	1406	1399	1368	1616	1381
14.7500	1301	1313	1346	1348	1326	1488	1275
14.8500	1192	1210	1215	1313	1132	1452	1213
14.9500	1158	1137	1221	1189	1119	1410	1119
15.0500	1104	1130	1108	1084	1045	1284	1062
15.1500	1043	1030	1028	1094	1012	1183	1039
15.2500	962	961	994	1001	956	1140	927
15.3500	900	940	927	932	897	1009	874
15.4500	824	864	823	908	812	991	808
15.5500	757	808	785	791	759	956	736
15.6500	692	670	728	774	704	848	689
15.7500	673	656	698	717	668	726	650
15.8500	610	647	598	643	600	772	590
15.9500	546	585	629	551	577	650	511
16.0500	542	520	539	537	519	665	486
16.1500	464	433	444	496	443	573	478
16.2500	416	451	465	413	435	511	413
16.3500	386	406	389	412	431	483	341
16.4500	341	344	357	405	360	395	331
16.5500	327	327	335	323	299	390	320
16.6500	277	311	277	296	280	360	256
16.7500	237	283	273	267	213	328	215
16.8500	238	198	250	227	225	286	206
16.9500	197	192	202	206	200	251	183
17.0500	161	185	174	193	193	221	156
17.1500	143	161	161	165	165	169	124
17.2500	100	128	119	145	122	149	120
17.3500	105	128	125	138	112	133	104
17.4500	81	91	90	113	96	122	83
17.5500	64	87	85	90	77	92	65
17.6500	69	64	74	59	63	77	51
17.7500	45	42	59	53	52	73	34
17.8500	47	33	44	43	33	45	30
17.9500	25	24	38	30	26	44	23
18.0500	15	31	20	14	28	25	14
18.1500	13	14	20	23	14	21	10
18.2500	11	8	17	7	10	16	12
18.3500	1	14	6	12	9	7	5
18.4500	4	3	4	5	4	12	5
18.5500	9	5	10	4	11	7	5
18.6500	6	6	5	7	9	7	4
18.7500	5	1	3	5	4	6	4
18.8500	2	0	5	4	3	6	4
18.9500	2	3	4	9	7	4	6
19.0500	1	0	4	6	3	2	3
19.1500	1	2	3	3	6	4	6
19.2500	3	3	6	6	2	4	3
19.3500	5	5	5	2	7	3	8
19.4500	2	1	5	2	4	4	3
19.5500	3	4	8	3	2	3	3
19.6500	3	4	2	2	6	2	2
19.7500	6	1	4	6	3	3	4
19.8500	3	6	2	5	2	5	1
19.9500	3	2	2	6	4	3	3
