bin	ch 1	ch 2	ch 3	ch 4	ch 5	ch 6	ch 7
4.0450	0	1	0	0	1	0	0
4.1350	0	1	0	1	0	0	1
4.2250	0	0	1	0	0	1	2
4.3150	0	1	0	1	1	0	0
4.4050	1	0	0	0	2	0	0
4.4950	0	0	0	0	0	0	0
4.5850	0	2	0	0	0	0	1
4.6750	0	1	0	0	0	0	0
4.7650	0	0	1	0	0	0	0
4.8550	1	0	0	0	0	0	0
4.9450	0	1	1	1	0	0	0
5.0350	0	0	0	1	0	0	0
5.1250	0	0	1	0	0	0	1
5.2150	0	0	0	0	0	0	0
5.3050	2	1	1	1	0	0	1
5.3950	2	0	1	1	0	0	1
5.4850	0	0	0	2	2	0	0
5.5750	1	1	1	0	0	0	0
5.6650	0	0	2	1	0	1	1
5.7550	1	2	0	0	1	0	0
5.8450	2	1	2	2	1	1	0
5.9350	0	0	0	0	0	0	0
6.0250	2	1	1	0	1	0	0
6.1150	1	0	0	1	2	1	1
6.2050	0	0	0	1	0	0	1
6.2950	0	0	0	1	0	1	0
6.3850	5	0	2	0	0	0	0
6.4750	0	0	1	0	1	0	1
6.5650	1	1	1	0	0	1	0
6.6550	0	0	0	3	0	0	2
6.7450	0	0	1	0	0	0	1
6.8350	1	2	0	0	0	0	0
6.9250	0	1	3	3	1	0	3
7.0150	1	0	1	0	1	1	0
7.1050	3	1	0	3	0	0	1
7.1950	1	1	1	1	0	1	1
7.2850	0	2	1	1	1	0	0
7.3750	0	0	1	2	0	1	0
7.4650	2	0	0	2	1	0	0
7.5550	2	0	1	2	0	0	1
7.6450	2	0	0	0	2	0	1
7.7350	0	1	1	1	1	0	2
7.8250	1	0	1	1	3	0	1
7.9150	2	1	0	1	1	0	0
8.0050	0	0	0	2	0	0	2
8.0950	3	2	1	0	0	0	0
8.1850	0	0	0	0	0	0	0
8.2750	3	0	1	3	1	0	0
8.3650	0	1	0	1	0	1	2
8.4550	1	1	0	0	1	0	0
8.5450	0	1	2	0	3	0	1
8.6350	1	3	0	1	0	0	0
8.7250	3	0	0	2	0	0	0
8.8150	0	0	2	1	1	0	2
8.9050	0	0	0	0	2	0	1
8.9950	0	2	2	0	1	1	1
9.0850	3	0	1	0	0	0	0
9.1750	1	0	0	1	1	0	0
9.2650	0	1	1	3	0	0	1
9.3550	2	0	1	0	0	0	1
9.4450	1	1	3	1	2	2	4
9.5350	1	0	1	1	1	0	0
9.6250	1	0	1	0	1	1	1
9.7150	0	1	1	0	2	0	1
9.8050	2	0	3	1	0	1	5
9.8950	0	0	0	3	0	1	0
9.9850	1	2	0	1	1	0	0
10.0750	1	0	1	1	4	0	0
10.1650	1	3	0	1	0	0	0
10.2550	0	0	0	1	1	0	3
10.3450	1	1	0	2	0	0	0
10.4350	0	0	1	0	1	0	2
10.5250	1	0	0	2	1	0	0
10.6150	0	0	0	0	1	0	1
10.7050	3	0	0	0	0	0	2
10.7950	0	0	0	1	1	0	0
10.8850	0	0	0	1	1	1	0
10.9750	0	1	0	0	0	1	3
11.0650	2	1	3	1	0	0	0
11.1550	1	0	1	1	0	0	0
11.2450	1	0	0	3	1	0	0
11.3350	1	0	1	0	1	0	2
11.4250	1	1	1	0	1	0	1
11.5150	0	0	2	0	1	1	1
11.6050	0	0	1	0	4	1	0
11.6950	0	1	0	2	2	0	2
11.7850	1	0	0	0	1	0	0
11.8750	1	1	1	1	0	2	2
11.9650	1	0	2	4	1	1	0
12.0550	1	0	1	0	2	0	0
12.1450	0	1	0	1	1	0	0
12.2350	0	2	0	0	1	0	2
12.3250	1	0	1	0	1	0	2
12.4150	0	0	3	0	1	2	3
12.5050	2	3	0	2	1	1	1
12.5950	0	0	1	2	2	1	2
12.6850	1	0	3	1	0	0	0
12.7750	1	2	0	2	2	0	1
12.8650	1	0	1	1	0	1	0
12.9550	1	2	1	2	1	2	0
13.0450	1	2	2	4	2	2	3
13.1350	4	1	0	1	0	0	1
13.2250	1	2	0	2	1	0	2
13.3150	0	4	4	1	2	3	2
13.4050	1	1	0	1	2	0	0
13.4950	1	2	1	0	0	2	2
13.5850	0	0	0	1	2	3	2
13.6750	2	1	1	1	1	2	2
13.7650	2	2	1	1	5	3	4
13.8550	1	2	4	1	2	3	3
13.9450	3	3	2	2	4	1	1
14.0350	3	0	2	2	2	2	3
14.1250	1	3	1	3	2	2	0
14.2150	2	4	0	2	4	1	1
14.3050	3	1	1	2	1	2	5
14.3950	6	5	2	3	0	1	2
14.4850	2	4	0	4	1	2	2
14.5750	0	1	2	3	2	3	2
14.6650	4	4	1	3	4	0	2
14.7550	2	2	2	2	3	6	1
14.8450	3	2	2	2	5	4	4
14.9350	0	0	5	2	5	0	4
15.0250	3	3	2	2	1	6	2
15.1150	4	1	4	2	5	10	5
15.2050	2	7	3	6	3	3	3
15.2950	5	4	1	3	2	3	3
15.3850	1	4	1	4	4	9	5
15.4750	6	4	6	4	3	9	7
15.5650	7	0	5	4	7	8	4
15.6550	6	4	5	7	8	15	6
15.7450	4	7	5	5	4	4	14
15.8350	9	9	14	9	7	10	7
15.9250	11	12	9	16	17	21	7
16.0150	11	15	8	13	7	27	13
16.1050	16	18	19	14	14	35	19
16.1950	23	17	21	22	18	28	31
16.2850	29	30	29	33	29	34	23
16.3750	24	27	33	31	27	39	37
16.4650	38	39	37	28	31	35	40
16.5550	43	47	45	45	34	66	57
16.6450	50	50	59	72	59	79	66
16.7350	69	62	67	81	78	92	64
16.8250	94	66	84	90	72	105	100
16.9150	95	106	104	117	101	120	91
17.0050	103	123	115	127	107	124	124
17.0950	117	132	141	132	124	153	147
17.1850	111	122	149	142	124	156	124
17.2750	104	119	135	127	125	144	122
17.3650	144	121	97	121	130	135	128
17.4550	100	95	114	83	114	119	102
17.5450	82	84	89	78	99	116	79
17.6350	85	79	90	66	77	89	65
17.7250	76	67	73	58	80	87	68
17.8150	70	45	42	41	61	59	43
17.9050	43	31	35	32	56	52	34
17.9950	34	33	29	20	29	37	25
18.0850	31	26	25	15	25	27	17
18.1750	26	10	13	14	16	26	12
18.2650	9	9	13	5	11	15	12
18.3550	6	5	11	5	8	11	5
18.4450	3	3	9	4	4	5	5
18.5350	6	1	4	0	4	6	4
18.6250	5	0	1	0	4	4	0
18.7150	0	0	2	1	2	1	0
18.8050	2	0	1	0	2	2	0
18.8950	0	0	0	0	0	1	0
18.9850	0	0	0	0	1	0	0
19.0750	1	0	0	0	0	1	0
19.1650	0	0	0	0	0	0	0
19.2550	0	0	0	0	0	0	0
19.3450	0	0	0	0	0	0	0
19.4350	0	0	0	0	0	0	0
19.5250	0	0	0	0	0	0	0
19.6150	0	0	0	0	0	0	0
19.7050	0	0	0	0	0	0	0
19.7950	0	0	0	0	0	0	0
19.8850	0	0	0	0	0	0	0
19.9750	0	0	0	0	0	0	0
20.0650	0	0	0	0	0	0	0
20.1550	0	0	0	0	0	0	0
20.2450	0	0	0	0	0	0	0
20.3350	0	0	0	0	0	0	0
20.4250	0	0	0	0	0	0	0
20.5150	0	0	0	0	0	0	0
20.6050	0	0	0	0	0	0	0
20.6950	0	0	0	0	0	0	0
20.7850	0	0	0	0	0	0	0
20.8750	0	0	0	0	0	0	0
20.9650	0	0	0	0	0	0	0
21.0550	0	0	0	0	0	0	0
21.1450	0	0	0	0	0	0	0
21.2350	0	0	0	0	0	0	0
21.3250	0	0	0	0	0	0	0
21.4150	0	0	0	0	0	0	0
21.5050	0	0	0	0	0	0	0
21.5950	0	0	0	0	0	0	0
21.6850	0	0	0	0	0	0	0
21.7750	0	0	0	0	0	0	0
21.8650	0	0	0	0	0	0	0
21.9550	0	0	0	0	0	0	0
22.0450	0	0	0	0	0	0	0
22.1350	0	0	0	0	0	0	0
22.2250	0	0	0	0	0	0	0
22.3150	0	0	0	0	0	0	0
22.4050	0	0	0	0	0	0	0
22.4950	0	0	0	0	0	0	0
22.5850	0	0	0	0	0	0	0
22.6750	0	0	0	0	0	0	0
22.7650	0	0	0	0	0	0	0
22.8550	0	0	0	0	0	0	0
22.9450	0	0	0	0	0	0	0
23.0350	0	0	0	0	0	0	0
23.1250	0	0	0	0	0	0	0
23.2150	0	0	0	0	0	0	0
23.3050	0	0	0	0	0	0	0
23.3950	0	0	0	0	0	0	0
23.4850	0	0	0	0	0	0	0
23.5750	0	0	0	0	0	0	0
23.6650	0	0	0	0	0	0	1
23.7550	0	0	0	0	0	0	0
23.8450	0	0	0	0	0	0	0
23.9350	0	0	0	0	0	0	0
24.0250	0	0	0	0	0	0	0
24.1150	0	0	0	0	0	0	0
24.2050	0	0	0	0	0	0	0
24.2950	0	0	0	0	0	0	0
24.3850	0	0	0	0	0	0	0
24.4750	0	0	0	0	0	0	0
24.5650	0	0	0	0	0	0	0
24.6550	0	0	0	0	0	0	0
24.7450	0	0	0	0	0	0	0
24.8350	0	0	1	0	0	0	0
24.9250	0	0	0	0	0	0	0
25.0150	0	0	0	0	0	0	0
25.1050	0	0	0	0	0	0	0
25.1950	0	0	0	0	0	0	0
25.2850	0	0	0	0	0	0	0
25.3750	0	0	0	0	0	0	0
25.4650	0	0	0	0	0	0	0
25.5550	0	0	0	0	0	0	0
25.6450	0	0	0	0	0	0	0
25.7350	0	0	0	0	0	0	0
25.8250	0	0	0	0	0	0	0
25.9150	0	0	0	0	0	0	0
26.0050	0	0	0	0	0	0	0
26.0950	0	0	0	0	1	0	0
26.1850	0	0	0	0	0	0	0
26.2750	0	0	0	0	0	0	0
26.3650	0	0	0	0	0	0	0
26.4550	0	0	0	0	0	0	0
26.5450	0	0	0	0	0	0	0
26.6350	0	0	0	0	0	0	0
26.7250	0	0	0	0	0	0	0
26.8150	0	0	0	0	0	0	0
26.9050	0	0	0	0	0	0	0
26.9950	0	0	0	0	0	0	0
27.0850	0	0	0	0	0	0	0
27.1750	0	0	0	0	0	0	0
27.2650	0	0	0	0	0	0	0
27.3550	0	0	0	0	0	0	0
27.4450	0	0	0	0	0	0	0
27.5350	0	0	0	0	0	0	0
27.6250	0	0	0	0	0	0	0
27.7150	0	0	0	0	0	0	0
27.8050	0	0	0	0	0	0	0
27.8950	0	0	0	0	0	0	0
27.9850	0	0	0	0	0	0	0
28.0750	0	0	0	0	0	0	0
28.1650	0	0	0	0	0	0	0
28.2550	0	0	0	0	0	0	0
28.3450	0	0	0	0	0	0	0
28.4350	0	0	0	0	0	0	0
28.5250	0	0	0	0	0	0	0
28.6150	0	0	0	0	0	0	0
28.7050	0	0	0	0	0	0	0
28.7950	0	0	0	0	0	0	0
28.8850	0	0	0	0	0	0	0
28.9750	0	0	0	0	0	0	0
29.0650	0	0	0	0	0	0	0
29.1550	0	0	0	0	0	0	0
29.2450	0	0	0	0	0	0	0
29.3350	0	0	0	0	0	0	0
29.4250	0	0	0	0	0	0	0
29.5150	0	0	0	0	0	0	0
29.6050	0	0	0	0	0	0	0
29.6950	0	0	0	0	0	0	0
29.7850	0	0	0	0	0	0	0
29.8750	0	0	0	0	0	0	0
29.9650	0	0	0	0	0	0	0
30.0550	0	0	0	0	0	0	0
30.1450	0	0	0	0	0	0	0
30.2350	0	0	0	0	0	0	0
30.3250	0	0	0	0	0	0	0
30.4150	0	0	0	0	0	0	0
30.5050	0	0	0	0	0	0	0
30.5950	0	0	0	0	0	0	0
30.6850	0	0	0	0	0	0	0
30.7750	0	0	0	0	0	0	0
30.8650	0	0	0	0	0	0	0
30.9550	0	0	0	0	0	0	0
31.0450	0	0	0	0	0	0	0
31.1350	0	0	0	0	0	0	0
31.2250	0	0	0	0	0	0	0
31.3150	0	0	0	0	0	0	0
31.4050	0	0	0	0	0	0	0
31.4950	0	0	0	0	0	0	0
31.5850	0	0	0	0	0	0	0
31.6750	0	0	0	0	0	0	0
31.7650	0	0	0	0	0	0	0
31.8550	0	0	0	0	0	0	0
31.9450	0	0	0	0	0	0	0
32.0350	0	0	0	0	0	0	0
32.1250	0	0	0	0	0	0	0
32.2150	0	0	0	0	0	0	0
32.3050	0	0	0	0	0	0	0
32.3950	0	0	0	0	0	0	0
32.4850	0	0	0	0	0	0	0
32.5750	0	0	0	0	0	0	0
32.6650	0	0	0	0	0	0	0
32.7550	0	0	0	0	0	0	0
32.8450	0	0	0	0	0	0	0
32.9350	0	0	0	0	0	0	0
33.0250	0	0	0	0	0	0	0
33.1150	0	0	0	0	0	0	0
33.2050	0	0	0	0	0	0	0
33.2950	0	0	0	0	0	0	0
33.3850	0	0	0	0	0	0	0
33.4750	0	0	0	0	0	0	0
33.5650	0	0	0	0	0	0	0
33.6550	0	0	0	0	0	0	0
33.7450	0	0	0	0	0	0	0
33.8350	0	0	0	0	0	0	0
33.9250	0	0	0	0	0	0	0
34.0150	0	0	0	0	0	0	0
34.1050	0	0	0	0	0	0	0
34.1950	0	0	0	0	0	0	0
34.2850	0	0	0	0	0	0	0
34.3750	0	0	0	0	0	0	0
34.4650	0	0	0	0	0	0	0
34.5550	0	0	0	0	0	0	0
34.6450	0	0	0	0	0	0	0
34.7350	0	0	0	0	0	0	0
34.8250	0	0	0	0	0	0	0
34.9150	0	0	0	0	0	0	0
35.0050	0	0	0	0	0	0	0
35.0950	0	0	0	0	0	0	0
35.1850	0	0	0	0	0	0	0
35.2750	0	0	0	0	0	0	0
35.3650	0	0	0	0	0	0	0
35.4550	0	0	0	0	0	0	0
35.5450	0	0	0	0	0	0	0
35.6350	0	0	0	0	0	0	0
35.7250	0	0	0	0	0	0	0
35.8150	0	0	0	0	0	0	0
35.9050	0	0	0	0	0	0	0
35.9950	0	0	0	0	0	0	0
36.0850	0	0	0	0	0	0	0
36.1750	0	0	0	0	0	0	0
36.2650	0	0	0	0	0	0	0
36.3550	0	0	0	0	0	0	0
36.4450	0	0	0	0	0	0	0
36.5350	0	0	0	0	0	0	0
36.6250	0	0	0	0	0	0	0
36.7150	0	0	0	0	0	0	0
36.8050	0	0	0	0	0	0	0
36.8950	0	0	0	0	0	0	0
36.9850	0	0	0	0	0	0	0
37.0750	0	0	0	0	0	0	0
37.1650	0	0	0	0	0	0	0
37.2550	0	0	0	0	0	0	0
37.3450	0	0	0	0	0	0	0
37.4350	0	0	0	0	0	0	0
37.5250	0	0	0	0	0	0	0
37.6150	0	0	0	0	0	0	0
37.7050	0	0	0	0	0	0	0
37.7950	0	0	0	0	0	0	0
37.8850	0	0	0	0	0	0	0
37.9750	0	0	0	0	0	0	0
38.0650	0	0	0	0	0	0	0
38.1550	0	0	0	0	0	0	0
38.2450	0	0	0	0	0	0	0
38.3350	0	0	0	0	0	0	0
38.4250	0	0	0	0	0	0	0
38.5150	0	0	0	0	0	0	0
38.6050	0	0	0	0	0	0	0
38.6950	0	0	0	0	0	0	0
38.7850	0	0	0	0	0	0	0
38.8750	0	0	0	0	0	0	0
38.9650	0	0	0	0	0	0	0
39.0550	0	0	0	0	0	0	0
39.1450	0	0	0	0	0	0	0
39.2350	0	0	0	0	0	0	0
39.3250	0	0	0	0	0	0	0
39.4150	0	0	0	0	0	0	0
39.5050	0	0	0	0	0	0	0
39.5950	0	0	0	0	0	0	0
39.6850	0	0	0	0	0	0	0
39.7750	0	0	0	0	0	0	0
39.8650	0	0	0	0	0	0	0
39.9550	0	0	0	0	0	0	0
