bin	ch 1	ch 2	ch 3	ch 4	ch 5	ch 6	ch 7
0.0500	0	0	0	0	1	0	0
0.1500	0	0	0	0	0	0	0
0.2500	0	0	0	0	0	0	0
0.3500	0	0	0	0	0	0	0
0.4500	0	0	0	0	1	0	1
0.5500	0	0	0	0	0	0	0
0.6500	0	0	0	0	0	0	0
0.7500	0	0	0	0	1	0	0
0.8500	0	0	0	0	2	2	0
0.9500	0	0	0	0	0	0	0
1.0500	0	0	0	0	0	0	0
1.1500	0	0	0	0	1	0	0
1.2500	0	0	0	0	0	0	0
1.3500	0	0	0	0	0	0	0
1.4500	0	0	0	0	0	0	0
1.5500	0	0	0	0	0	0	0
1.6500	0	0	0	0	0	0	0
1.7500	0	0	0	0	0	0	0
1.8500	0	0	0	0	0	0	0
1.9500	0	0	0	0	0	0	0
2.0500	0	0	0	0	0	0	0
2.1500	0	0	0	0	0	1	0
2.2500	0	0	0	0	0	0	0
2.3500	0	0	0	0	0	0	0
2.4500	0	0	0	0	0	0	0
2.5500	0	0	0	0	0	0	0
2.6500	0	0	0	0	0	0	0
2.7500	0	1	0	0	0	0	0
2.8500	0	0	0	0	1	0	0
2.9500	0	0	1	0	0	0	0
3.0500	0	0	0	0	0	0	0
3.1500	0	0	0	0	0	0	0
3.2500	0	0	0	0	0	0	0
3.3500	0	0	0	0	0	0	0
3.4500	0	1	1	0	0	0	0
3.5500	0	0	0	0	0	0	0
3.6500	1	0	0	0	1	0	0
3.7500	0	0	1	0	0	0	0
3.8500	0	0	0	0	0	1	0
3.9500	0	0	1	0	1	0	0
4.0500	0	1	0	0	0	0	0
4.1500	0	0	0	0	0	0	0
4.2500	0	0	0	0	2	0	0
4.3500	0	0	0	0	2	0	0
4.4500	0	0	0	0	0	1	0
4.5500	1	0	1	0	0	1	0
4.6500	1	0	1	0	0	0	0
4.7500	0	0	0	0	0	0	0
4.8500	0	0	0	0	0	0	0
4.9500	0	0	0	0	0	0	0
5.0500	0	0	0	0	1	0	1
5.1500	0	0	0	0	1	0	0
5.2500	1	1	0	0	0	0	0
5.3500	1	0	0	2	0	0	0
5.4500	0	2	0	0	1	0	1
5.5500	0	0	1	2	2	0	1
5.6500	1	0	2	0	0	0	0
5.7500	1	2	0	0	0	0	0
5.8500	0	2	0	0	0	0	0
5.9500	0	0	0	1	0	0	1
6.0500	1	0	2	1	1	2	0
6.1500	0	0	2	0	1	1	0
6.2500	1	1	3	2	1	0	0
6.3500	0	1	0	0	1	0	0
6.4500	3	1	1	0	0	0	1
6.5500	0	1	1	0	2	1	1
6.6500	3	1	0	1	0	1	0
6.7500	0	0	0	1	0	0	2
6.8500	0	2	0	1	0	2	3
6.9500	1	0	0	0	0	0	0
7.0500	0	0	0	2	1	0	0
7.1500	0	0	2	2	0	0	0
7.2500	0	0	0	1	0	1	3
7.3500	0	1	1	1	1	1	1
7.4500	0	0	0	0	0	0	1
7.5500	1	1	0	1	0	1	2
7.6500	0	1	0	0	0	0	0
7.7500	0	2	1	0	1	0	1
7.8500	1	0	0	1	0	0	2
7.9500	0	0	0	0	3	0	1
8.0500	0	0	0	0	2	0	1
8.1500	0	0	0	1	0	0	0
8.2500	0	5	0	1	1	0	1
8.3500	1	0	2	0	1	2	0
8.4500	1	0	1	0	0	0	0
8.5500	0	1	0	1	0	0	0
8.6500	1	1	0	1	2	0	0
8.7500	0	1	2	0	0	0	0
8.8500	2	3	0	0	0	0	1
8.9500	1	1	0	0	1	0	1
9.0500	0	0	0	0	0	2	0
9.1500	1	0	3	0	0	0	0
9.2500	0	3	0	2	1	1	1
9.3500	0	0	0	1	0	0	1
9.4500	1	0	2	0	2	0	3
9.5500	0	1	2	0	1	0	1
9.6500	0	0	0	0	1	0	0
9.7500	0	2	0	0	1	1	2
9.8500	1	0	1	1	2	0	0
9.9500	0	2	0	0	2	0	1
10.0500	0	0	0	1	1	0	2
10.1500	0	1	1	0	0	0	0
10.2500	0	1	1	2	0	0	0
10.3500	0	0	1	1	0	1	0
10.4500	1	1	1	0	2	0	1
10.5500	0	2	1	0	0	0	1
10.6500	1	0	0	0	1	0	1
10.7500	1	1	1	2	1	0	1
10.8500	0	1	0	3	0	1	0
10.9500	1	1	2	1	1	0	3
11.0500	0	1	0	0	0	1	1
11.1500	0	0	0	2	1	1	3
11.2500	0	0	2	2	0	0	0
11.3500	0	0	0	0	0	0	0
11.4500	1	1	0	1	1	0	0
11.5500	0	2	0	2	1	0	0
11.6500	1	0	0	1	1	0	2
11.7500	1	1	1	0	0	0	0
11.8500	0	1	0	0	0	1	1
11.9500	2	0	0	0	1	1	0
12.0500	1	1	0	0	1	1	1
12.1500	2	1	1	0	0	1	3
12.2500	0	0	0	0	1	0	2
12.3500	2	2	0	2	4	2	0
12.4500	1	1	3	0	1	2	1
12.5500	1	0	2	2	0	0	1
12.6500	0	0	0	3	1	0	0
12.7500	0	3	0	0	1	1	1
12.8500	0	1	0	0	2	2	0
12.9500	0	0	0	1	0	1	4
13.0500	0	3	1	1	1	0	0
13.1500	0	0	1	0	1	1	4
13.2500	1	2	1	2	1	1	0
13.3500	1	1	2	0	1	0	1
13.4500	4	2	1	0	1	5	2
13.5500	2	1	0	2	0	0	1
13.6500	0	2	2	0	2	2	1
13.7500	3	0	1	2	4	3	1
13.8500	0	0	3	0	1	5	3
13.9500	2	0	1	2	3	0	1
14.0500	1	1	0	2	2	2	1
14.1500	1	1	1	0	1	1	0
14.2500	1	0	5	1	2	0	2
14.3500	0	3	2	2	2	3	1
14.4500	2	3	1	1	1	2	6
14.5500	3	1	2	2	2	2	4
14.6500	1	1	3	2	1	5	0
14.7500	3	6	1	2	0	4	1
14.8500	6	2	4	1	4	4	1
14.9500	2	1	2	2	5	5	4
15.0500	3	2	6	1	5	6	3
15.1500	3	3	6	0	5	9	0
15.2500	3	5	3	4	4	1	2
15.3500	2	4	4	4	2	5	3
15.4500	5	3	6	4	4	7	5
15.5500	6	9	8	6	4	7	8
15.6500	5	14	5	8	2	10	7
15.7500	11	8	7	12	10	14	6
15.8500	4	10	8	13	11	13	18
15.9500	13	11	13	14	16	21	10
16.0500	14	10	16	13	10	16	19
16.1500	21	14	19	20	22	28	23
16.2500	25	29	27	21	18	31	25
16.3500	34	32	42	27	35	38	36
16.4500	37	28	41	27	40	49	44
16.5500	46	38	46	57	36	34	52
16.6500	35	47	58	58	58	63	52
16.7500	73	78	66	88	63	81	74
16.8500	83	79	100	97	82	103	82
16.9500	81	86	105	110	84	92	104
17.0500	91	87	108	113	86	113	100
17.1500	102	125	106	123	99	117	123
17.2500	105	108	125	99	107	153	86
17.3500	95	107	110	88	109	109	109
17.4500	105	80	88	62	96	102	64
17.5500	81	80	85	65	86	106	78
17.6500	67	54	71	70	73	79	56
17.7500	57	41	47	34	53	62	54
17.8500	42	33	35	44	46	35	40
17.9500	34	28	39	20	24	49	34
18.0500	19	14	22	17	22	23	22
18.1500	17	9	20	8	11	17	8
18.2500	15	11	4	2	18	9	3
18.3500	7	4	8	3	9	4	2
18.4500	4	7	4	2	2	8	1
18.5500	6	1	2	1	0	1	2
18.6500	1	1	3	0	2	1	0
18.7500	0	0	0	0	0	0	0
18.8500	0	0	0	0	2	0	0
18.9500	0	0	0	0	0	0	0
19.0500	0	0	0	0	0	0	0
19.1500	0	0	0	0	0	0	0
19.2500	0	0	0	0	0	0	0
19.3500	0	0	0	0	1	0	0
19.4500	0	0	0	0	0	0	0
19.5500	0	0	0	0	0	0	0
19.6500	0	0	0	0	0	0	0
19.7500	0	0	0	0	0	0	0
19.8500	0	0	0	0	0	0	0
19.9500	0	0	0	0	0	0	0
20.0500	0	0	0	0	0	0	0
20.1500	0	0	0	0	0	0	0
20.2500	0	0	0	0	0	0	0
20.3500	0	0	0	0	0	0	0
20.4500	0	0	0	0	0	0	0
20.5500	0	0	0	0	0	0	0
20.6500	0	0	0	0	0	0	0
20.7500	0	0	0	0	0	0	0
20.8500	0	0	0	0	0	0	0
20.9500	0	0	0	0	0	0	0
21.0500	0	0	0	0	0	0	0
21.1500	0	0	0	0	0	0	0
21.2500	0	0	0	0	0	0	0
21.3500	0	0	0	0	0	0	0
21.4500	0	0	0	0	0	0	0
21.5500	0	0	0	0	0	0	0
21.6500	0	0	0	0	0	0	0
21.7500	0	0	0	0	0	0	0
21.8500	0	0	0	0	0	0	0
21.9500	0	0	0	0	0	0	0
22.0500	0	0	0	0	0	0	0
22.1500	0	0	0	0	0	0	0
22.2500	0	0	0	0	0	0	0
22.3500	0	0	0	0	0	0	0
22.4500	0	0	0	0	0	0	0
22.5500	0	0	0	0	0	0	0
22.6500	0	0	0	0	0	0	0
22.7500	0	0	0	0	0	0	0
22.8500	0	0	0	0	0	0	0
22.9500	0	0	0	0	0	0	0
23.0500	0	0	0	0	0	0	0
23.1500	0	0	0	0	0	0	0
23.2500	0	0	0	0	0	0	0
23.3500	0	0	0	0	0	0	0
23.4500	0	0	0	0	0	0	0
23.5500	0	0	0	0	0	0	0
23.6500	0	0	0	0	0	0	0
23.7500	0	0	0	0	0	0	0
23.8500	0	0	0	0	0	0	0
23.9500	0	0	0	0	0	0	0
24.0500	0	0	0	0	0	0	0
24.1500	0	0	0	0	0	0	0
24.2500	0	0	0	0	0	0	0
24.3500	0	0	0	0	0	0	0
24.4500	0	0	0	0	0	0	0
24.5500	0	0	0	0	0	0	0
24.6500	0	0	0	0	0	0	0
24.7500	0	0	0	0	0	0	0
24.8500	0	0	0	0	0	0	0
24.9500	0	0	0	0	0	0	0
25.0500	0	0	0	0	0	0	0
25.1500	0	0	0	0	0	0	0
25.2500	0	0	0	0	0	0	0
25.3500	0	0	0	0	0	0	0
25.4500	0	0	0	0	0	0	0
25.5500	0	0	0	0	0	0	0
25.6500	0	0	0	0	0	0	0
25.7500	0	0	0	0	0	0	0
25.8500	0	0	0	0	0	0	0
25.9500	0	0	0	0	0	0	0
26.0500	0	0	0	0	0	0	0
26.1500	0	0	0	0	0	0	0
26.2500	0	0	1	0	0	0	0
26.3500	0	0	0	0	0	0	0
26.4500	0	0	0	0	0	0	0
26.5500	0	0	0	0	0	0	0
26.6500	0	0	0	0	0	0	0
26.7500	0	0	0	0	0	0	0
26.8500	0	0	0	0	0	0	0
26.9500	0	0	0	0	0	0	0
27.0500	0	0	0	0	0	0	0
27.1500	0	0	0	0	0	0	0
27.2500	0	0	0	0	0	0	0
27.3500	0	0	0	0	0	0	0
27.4500	0	0	0	0	0	0	0
27.5500	0	0	0	0	0	0	0
27.6500	0	0	0	0	0	0	0
27.7500	0	0	0	0	0	0	0
27.8500	0	0	0	0	0	0	0
27.9500	0	0	0	0	0	0	0
28.0500	0	0	0	0	0	0	0
28.1500	0	0	0	0	0	0	0
28.2500	1	0	0	0	0	0	0
28.3500	0	0	0	0	0	0	0
28.4500	0	0	0	0	0	0	0
28.5500	0	0	0	0	1	0	0
28.6500	0	0	0	0	0	0	0
28.7500	0	0	0	0	0	0	0
28.8500	0	0	0	0	0	0	0
28.9500	0	0	0	0	0	0	0
29.0500	0	0	0	0	0	0	0
29.1500	0	0	0	0	0	0	0
29.2500	0	0	0	0	0	0	0
29.3500	0	0	0	0	0	0	0
29.4500	0	0	0	0	0	0	0
29.5500	0	0	0	0	0	0	0
29.6500	0	0	0	0	0	0	0
29.7500	0	0	0	0	0	0	0
29.8500	0	0	0	0	0	0	0
29.9500	0	0	0	0	0	1	0
30.0500	0	0	0	0	0	0	0
30.1500	0	0	0	0	0	0	0
30.2500	0	0	0	0	0	0	0
30.3500	0	0	0	0	0	0	0
30.4500	0	0	0	0	0	0	0
30.5500	0	0	0	0	0	0	0
30.6500	0	0	0	0	0	0	0
30.7500	0	0	0	0	0	0	0
30.8500	0	0	0	0	0	0	0
30.9500	0	0	0	0	0	0	0
31.0500	0	0	0	0	0	0	0
31.1500	0	0	0	0	0	0	0
31.2500	0	0	0	0	0	0	0
31.3500	0	0	0	0	0	0	0
31.4500	0	0	0	0	0	0	0
31.5500	0	0	0	0	0	0	0
31.6500	0	0	0	0	0	0	0
31.7500	0	0	0	0	0	0	0
31.8500	0	0	0	0	0	0	0
31.9500	0	0	1	0	0	0	0
32.0500	0	0	0	0	0	0	0
32.1500	0	0	0	0	0	0	0
32.2500	0	0	0	0	0	0	0
32.3500	0	0	0	0	0	0	0
32.4500	0	0	0	0	0	0	0
32.5500	0	0	0	0	0	0	0
32.6500	0	0	0	0	0	0	0
32.7500	0	0	0	0	0	0	0
32.8500	0	0	0	0	0	0	0
32.9500	0	0	0	0	0	0	0
33.0500	0	0	0	0	0	0	0
33.1500	0	0	0	0	0	0	0
33.2500	0	0	0	0	0	0	0
33.3500	0	0	0	0	0	0	0
33.4500	0	0	0	0	0	0	0
33.5500	0	0	0	0	0	0	0
33.6500	0	0	0	0	0	0	0
33.7500	0	0	0	0	0	0	0
33.8500	0	0	0	0	0	0	0
33.9500	0	0	0	0	0	0	0
34.0500	0	0	0	0	0	0	0
34.1500	0	0	0	0	0	0	0
34.2500	0	0	0	0	0	0	0
34.3500	0	0	0	0	0	0	0
34.4500	0	0	0	0	0	0	0
34.5500	0	0	0	0	0	0	0
34.6500	0	0	0	0	0	0	0
34.7500	0	0	0	0	0	0	0
34.8500	0	0	0	0	0	0	0
34.9500	0	0	0	0	0	0	0
35.0500	0	0	0	0	0	0	0
35.1500	0	0	0	0	0	0	0
35.2500	0	0	0	0	0	0	0
35.3500	0	0	0	0	0	0	0
35.4500	0	0	0	0	0	0	0
35.5500	0	0	0	0	0	0	0
35.6500	0	0	0	0	0	0	0
35.7500	0	0	0	0	0	0	0
35.8500	0	0	0	0	0	0	0
35.9500	0	0	0	0	0	0	0
36.0500	0	0	0	0	0	0	0
36.1500	0	0	0	0	0	0	0
36.2500	0	0	0	0	0	0	0
36.3500	0	0	0	0	0	0	0
36.4500	0	0	0	0	0	0	0
36.5500	0	0	0	0	0	0	0
36.6500	0	0	0	0	0	0	0
36.7500	0	0	0	0	0	0	0
36.8500	0	0	0	0	0	0	0
36.9500	0	0	0	0	0	0	0
37.0500	0	0	0	0	0	0	0
37.1500	0	0	0	0	0	0	0
37.2500	0	0	0	0	0	0	0
37.3500	0	0	0	0	0	0	0
37.4500	0	0	0	0	0	0	0
37.5500	0	0	0	0	0	0	0
37.6500	0	0	0	0	0	0	0
37.7500	0	0	0	0	0	0	0
37.8500	0	0	0	0	0	0	0
37.9500	0	0	0	0	0	0	0
38.0500	0	0	0	0	0	0	0
38.1500	0	0	0	0	0	0	0
38.2500	0	0	0	0	0	0	0
38.3500	0	0	0	0	0	0	0
38.4500	0	0	0	0	0	0	0
38.5500	0	0	0	0	0	0	0
38.6500	0	0	0	0	0	0	0
38.7500	0	0	0	0	0	0	0
38.8500	0	0	0	0	0	0	0
38.9500	0	0	0	0	0	0	0
39.0500	0	0	0	0	0	0	0
39.1500	0	0	0	0	0	0	0
39.2500	0	0	0	0	0	0	0
39.3500	0	0	0	0	0	0	0
39.4500	0	0	0	0	0	0	0
39.5500	0	0	0	0	0	0	0
39.6500	0	0	0	0	0	0	0
39.7500	0	0	0	0	0	0	0
39.8500	0	0	0	0	0	0	0
39.9500	0	0	0	0	0	0	0
