bin	ch 1	ch 2	ch 3	ch 4	ch 5	ch 6	ch 7
0.0500	0	0	0	0	0	0	0
0.1500	0	0	0	0	0	0	0
0.2500	0	0	0	0	1	0	0
0.3500	0	0	1	0	1	0	0
0.4500	0	0	0	0	0	2	0
0.5500	0	0	0	0	3	1	0
0.6500	0	0	0	0	1	0	1
0.7500	0	0	0	0	0	0	0
0.8500	0	0	0	0	0	0	0
0.9500	0	0	0	0	1	0	0
1.0500	0	0	0	0	0	1	0
1.1500	0	0	0	0	1	0	0
1.2500	0	0	0	0	0	0	0
1.3500	0	0	0	0	0	0	0
1.4500	0	0	0	0	1	0	0
1.5500	0	0	0	0	0	0	0
1.6500	0	0	0	0	0	0	0
1.7500	0	0	0	0	0	0	0
1.8500	0	0	0	0	0	0	0
1.9500	0	0	0	0	0	0	0
2.0500	0	0	0	0	0	0	0
2.1500	0	0	0	0	0	0	0
2.2500	0	0	0	0	1	0	0
2.3500	0	0	0	0	0	0	0
2.4500	0	0	0	0	0	0	0
2.5500	0	0	0	0	0	0	0
2.6500	0	0	0	0	0	0	0
2.7500	0	0	0	0	0	0	0
2.8500	0	1	0	0	0	0	0
2.9500	0	0	0	0	0	0	0
3.0500	1	0	0	0	1	0	0
3.1500	1	1	1	0	2	0	0
3.2500	0	1	0	0	0	1	0
3.3500	0	0	0	0	2	0	0
3.4500	1	0	0	0	1	1	0
3.5500	0	0	0	0	1	1	0
3.6500	0	0	0	0	4	0	0
3.7500	0	1	0	0	0	0	0
3.8500	1	0	0	1	1	2	0
3.9500	2	3	1	0	5	0	1
4.0500	3	0	1	1	0	0	0
4.1500	3	1	0	1	2	1	0
4.2500	0	1	0	2	1	1	0
4.3500	1	0	3	1	3	0	0
4.4500	0	3	0	0	0	1	2
4.5500	1	2	3	0	1	1	1
4.6500	1	0	1	3	2	0	1
4.7500	1	1	0	1	3	0	2
4.8500	1	0	1	4	1	3	1
4.9500	3	1	1	1	3	0	0
5.0500	0	1	3	1	3	0	0
5.1500	1	2	2	1	1	3	0
5.2500	5	2	1	3	2	0	1
5.3500	0	8	1	2	2	1	2
5.4500	1	4	0	1	4	0	1
5.5500	2	1	4	1	2	0	2
5.6500	3	0	3	1	4	0	0
5.7500	2	3	3	1	1	0	0
5.8500	2	3	6	3	3	0	2
5.9500	5	4	1	3	2	0	3
6.0500	4	1	0	1	3	0	2
6.1500	3	2	1	3	4	1	1
6.2500	1	4	4	2	1	0	3
6.3500	0	1	2	6	4	0	0
6.4500	3	2	1	2	3	1	1
6.5500	1	0	2	4	2	2	3
6.6500	1	5	6	6	0	1	2
6.7500	4	2	4	1	5	2	1
6.8500	1	1	3	3	3	2	7
6.9500	5	3	2	1	3	1	0
7.0500	3	1	2	1	7	1	3
7.1500	0	3	2	3	5	0	1
7.2500	3	1	1	3	3	0	2
7.3500	5	5	4	1	1	0	3
7.4500	2	1	5	1	1	1	4
7.5500	2	4	4	1	1	0	5
7.6500	1	0	1	2	2	0	1
7.7500	3	4	1	6	4	0	2
7.8500	2	2	2	2	3	1	0
7.9500	4	2	3	6	4	0	3
8.0500	4	1	4	4	2	0	1
8.1500	4	2	2	1	2	0	3
8.2500	3	2	1	1	1	0	2
8.3500	3	1	3	3	2	2	1
8.4500	3	3	1	1	4	2	2
8.5500	5	1	3	2	3	0	2
8.6500	1	4	3	3	4	1	6
8.7500	2	2	1	0	3	0	3
8.8500	3	6	5	2	2	1	2
8.9500	3	2	3	3	1	1	2
9.0500	4	1	5	3	1	0	5
9.1500	4	5	3	1	0	1	3
9.2500	2	3	4	0	1	1	4
9.3500	2	3	0	8	2	0	2
9.4500	3	1	3	1	2	1	5
9.5500	1	2	1	2	2	0	2
9.6500	1	4	2	6	1	0	2
9.7500	4	3	3	5	4	0	2
9.8500	6	2	3	4	4	0	3
9.9500	2	2	2	2	2	2	1
10.0500	4	2	3	7	3	1	5
10.1500	4	0	2	4	4	1	2
10.2500	3	2	4	0	4	1	2
10.3500	2	0	2	3	4	0	3
10.4500	4	4	1	3	6	0	2
10.5500	2	4	5	4	4	0	1
10.6500	5	1	2	8	3	0	3
10.7500	4	2	1	2	1	0	5
10.8500	3	4	5	3	3	0	3
10.9500	2	1	5	4	4	3	4
11.0500	1	1	6	4	3	0	2
11.1500	6	3	2	6	3	0	2
11.2500	3	3	1	2	1	1	2
11.3500	2	4	2	5	1	0	3
11.4500	3	3	4	3	4	5	2
11.5500	3	4	2	6	1	2	5
11.6500	6	4	5	1	7	2	4
11.7500	3	5	0	2	5	2	8
11.8500	3	3	0	4	7	6	8
11.9500	1	1	2	3	3	3	3
12.0500	2	4	4	3	3	2	3
12.1500	6	2	4	4	3	2	4
12.2500	6	4	6	7	4	3	3
12.3500	1	4	7	5	4	4	3
12.4500	2	3	3	6	3	9	1
12.5500	6	8	6	3	5	4	5
12.6500	7	3	5	6	4	8	5
12.7500	11	6	5	5	5	5	7
12.8500	5	4	4	3	7	8	5
12.9500	7	6	5	5	6	6	5
13.0500	5	4	6	4	5	10	11
13.1500	11	7	5	10	9	7	6
13.2500	4	6	6	6	4	8	13
13.3500	11	6	8	5	10	11	10
13.4500	6	2	11	10	7	9	9
13.5500	11	5	2	9	6	11	11
13.6500	8	7	4	9	4	9	9
13.7500	5	11	4	9	7	7	8
13.8500	12	12	7	15	10	14	5
13.9500	6	6	10	10	8	8	13
14.0500	5	11	10	6	7	9	11
14.1500	8	19	12	11	8	14	10
14.2500	11	8	12	13	8	12	10
14.3500	10	18	14	14	11	15	13
14.4500	14	11	19	13	13	14	15
14.5500	11	16	12	16	16	29	19
14.6500	21	15	20	19	14	32	15
14.7500	17	20	21	33	19	40	37
14.8500	23	32	24	26	27	37	38
14.9500	26	22	36	33	23	48	25
15.0500	39	57	44	51	45	53	39
15.1500	47	47	47	64	62	74	52
15.2500	56	68	72	73	60	98	73
15.3500	77	66	90	62	78	98	88
15.4500	100	99	111	93	77	114	95
15.5500	111	118	113	123	110	160	101
15.6500	148	141	139	176	131	178	144
15.7500	147	178	193	205	179	216	203
15.8500	226	249	224	284	230	299	241
15.9500	251	316	321	331	285	360	310
16.0500	345	372	342	411	274	347	361
16.1500	353	397	328	368	349	398	367
16.2500	358	377	340	383	358	395	380
16.3500	360	360	306	352	329	418	350
16.4500	366	342	329	367	321	408	303
16.5500	334	310	305	279	322	384	287
16.6500	289	252	302	234	265	366	288
16.7500	275	280	259	261	240	317	226
16.8500	257	200	234	216	231	272	229
16.9500	187	207	213	185	197	225	199
17.0500	187	193	164	153	175	228	163
17.1500	165	142	152	141	176	201	132
17.2500	159	128	126	120	132	150	121
17.3500	109	103	115	89	126	119	113
17.4500	106	78	94	77	101	109	87
17.5500	82	63	70	58	76	90	72
17.6500	61	46	56	41	64	65	57
17.7500	71	42	41	36	59	62	43
17.8500	50	34	37	41	44	40	42
17.9500	31	31	31	17	33	25	27
18.0500	21	23	18	16	29	30	17
18.1500	19	19	11	14	15	16	14
18.2500	9	8	6	6	9	14	7
18.3500	9	2	6	6	13	2	10
18.4500	6	2	2	1	4	5	2
18.5500	4	0	1	0	4	2	0
18.6500	1	0	1	0	1	0	0
18.7500	0	0	0	0	2	1	1
18.8500	0	0	0	0	0	2	0
18.9500	0	0	0	0	0	0	0
19.0500	0	0	0	0	0	1	0
19.1500	0	0	0	1	0	0	0
19.2500	0	0	0	0	0	0	0
19.3500	0	0	0	0	0	0	0
19.4500	0	0	0	0	0	0	0
19.5500	0	1	0	0	0	0	0
19.6500	0	0	1	0	0	0	0
19.7500	0	0	0	0	0	0	0
19.8500	0	0	0	0	0	0	0
19.9500	0	0	0	0	0	0	0
20.0500	0	0	0	0	0	0	1
20.1500	0	0	0	0	0	1	0
20.2500	0	0	0	0	0	0	0
20.3500	0	0	0	0	0	0	0
20.4500	0	0	0	0	0	0	0
20.5500	0	0	0	0	0	0	0
20.6500	0	0	0	0	0	0	0
20.7500	0	0	0	0	0	0	0
20.8500	0	0	0	0	0	0	0
20.9500	0	0	0	0	0	0	0
21.0500	0	0	0	0	0	0	0
21.1500	0	0	0	0	0	0	0
21.2500	0	0	0	0	0	0	0
21.3500	0	0	0	0	0	0	0
21.4500	0	0	0	0	0	0	0
21.5500	0	0	0	0	0	0	0
21.6500	0	0	0	0	0	0	0
21.7500	0	0	0	0	0	0	0
21.8500	0	0	0	0	0	0	0
21.9500	0	0	0	0	0	0	0
22.0500	0	0	0	0	0	0	0
22.1500	0	0	0	0	0	0	0
22.2500	0	0	0	0	0	0	0
22.3500	0	0	0	0	0	1	0
22.4500	0	1	0	0	0	0	0
22.5500	0	0	0	0	0	0	0
22.6500	0	0	0	0	1	0	0
22.7500	0	0	0	0	0	0	0
22.8500	0	0	0	0	0	0	0
22.9500	0	0	0	0	0	0	0
23.0500	0	0	0	0	0	0	0
23.1500	0	0	0	0	0	0	0
23.2500	0	0	0	0	0	0	0
23.3500	0	0	0	0	0	0	0
23.4500	0	0	0	0	0	0	0
23.5500	0	0	0	0	0	0	0
23.6500	0	0	0	0	0	0	0
23.7500	0	0	0	0	0	0	0
23.8500	0	0	0	0	0	0	0
23.9500	0	0	0	0	0	0	0
24.0500	0	0	0	0	0	0	0
24.1500	0	0	0	0	0	0	0
24.2500	0	0	0	0	0	0	0
24.3500	0	0	0	0	0	0	0
24.4500	0	0	0	0	0	0	0
24.5500	0	0	0	0	0	0	0
24.6500	0	0	0	0	0	0	0
24.7500	0	0	0	0	0	0	0
24.8500	0	0	0	0	0	0	0
24.9500	0	0	0	0	0	0	0
25.0500	0	0	0	0	0	0	0
25.1500	0	0	0	0	0	0	0
25.2500	0	0	0	0	0	0	0
25.3500	0	0	0	0	0	0	0
25.4500	0	0	0	0	0	0	0
25.5500	0	0	0	0	0	0	0
25.6500	0	0	0	0	0	0	0
25.7500	0	0	0	0	0	0	0
25.8500	0	0	0	0	0	0	0
25.9500	0	0	0	0	0	0	1
26.0500	0	0	0	0	0	0	0
26.1500	0	0	0	0	0	0	0
26.2500	0	0	0	0	0	0	0
26.3500	0	0	0	0	0	0	0
26.4500	0	0	0	0	0	0	0
26.5500	0	0	0	0	0	0	0
26.6500	0	0	0	0	0	0	0
26.7500	0	0	0	0	0	0	0
26.8500	0	0	0	0	0	0	0
26.9500	0	0	0	0	0	0	0
27.0500	0	0	0	0	0	1	0
27.1500	0	0	0	0	0	0	0
27.2500	0	1	0	0	0	0	0
27.3500	0	0	0	0	0	0	0
27.4500	0	0	0	0	0	0	0
27.5500	0	0	0	0	0	0	0
27.6500	0	0	0	0	0	0	0
27.7500	0	0	0	0	0	0	0
27.8500	0	0	0	0	0	0	0
27.9500	0	0	0	0	0	0	0
28.0500	0	0	0	0	0	2	0
28.1500	0	0	0	0	0	0	0
28.2500	0	0	0	0	0	0	1
28.3500	0	0	1	0	0	0	0
28.4500	0	0	0	0	0	0	0
28.5500	0	0	0	0	0	0	0
28.6500	0	0	0	0	0	0	0
28.7500	0	0	0	0	0	0	0
28.8500	0	0	0	0	0	0	0
28.9500	0	0	0	0	0	0	0
29.0500	0	1	0	0	0	0	0
29.1500	0	0	0	0	0	0	0
29.2500	0	0	0	0	0	0	0
29.3500	0	0	0	0	0	0	0
29.4500	0	0	0	0	0	0	0
29.5500	0	0	0	0	0	0	0
29.6500	1	0	0	0	0	0	0
29.7500	0	0	0	0	0	0	0
29.8500	0	0	0	0	0	0	0
29.9500	0	0	1	0	0	0	0
30.0500	0	0	0	0	0	0	0
30.1500	0	0	0	0	0	0	0
30.2500	0	0	0	0	0	0	0
30.3500	0	0	0	0	0	0	0
30.4500	0	0	0	0	0	0	0
30.5500	0	0	0	0	0	0	0
30.6500	0	0	0	0	0	0	0
30.7500	0	0	0	0	0	0	0
30.8500	0	0	0	0	0	0	0
30.9500	0	0	0	0	0	0	0
31.0500	0	0	0	0	0	1	0
31.1500	0	0	0	0	0	0	0
31.2500	0	0	0	0	0	0	0
31.3500	0	0	0	0	0	1	0
31.4500	0	0	0	0	0	0	0
31.5500	0	0	0	0	0	0	0
31.6500	0	0	0	0	0	0	0
31.7500	0	0	0	0	0	0	0
31.8500	0	0	0	0	0	0	0
31.9500	0	0	0	0	0	0	0
32.0500	0	0	0	0	0	0	0
32.1500	0	0	0	0	0	0	0
32.2500	0	0	0	0	0	1	0
32.3500	0	0	0	0	0	0	0
32.4500	0	0	0	0	0	0	0
32.5500	0	0	0	0	0	0	0
32.6500	0	0	0	0	0	0	0
32.7500	0	0	0	0	0	0	0
32.8500	0	0	0	0	0	0	0
32.9500	0	0	0	0	0	0	0
33.0500	0	0	0	0	0	0	0
33.1500	0	0	0	0	0	0	0
33.2500	0	0	0	0	0	0	0
33.3500	1	0	0	0	0	0	0
33.4500	0	0	0	0	0	0	0
33.5500	0	0	0	0	0	0	0
33.6500	0	0	0	0	0	0	0
33.7500	0	0	0	0	0	0	0
33.8500	0	0	0	0	0	0	0
33.9500	0	0	0	0	0	0	0
34.0500	0	0	0	0	0	0	0
34.1500	0	0	0	0	0	0	0
34.2500	0	0	0	0	0	0	0
34.3500	0	0	0	0	0	0	0
34.4500	0	0	0	0	0	0	0
34.5500	0	0	0	0	0	0	0
34.6500	0	0	0	0	0	0	0
34.7500	0	0	0	0	0	0	0
34.8500	0	0	0	0	0	0	0
34.9500	0	0	0	0	0	0	0
35.0500	0	0	0	0	0	0	0
35.1500	0	0	0	0	0	0	0
35.2500	0	0	0	0	0	0	0
35.3500	0	0	0	0	0	0	0
35.4500	0	0	0	0	0	0	0
35.5500	0	0	0	0	0	0	0
35.6500	0	0	0	0	0	0	0
35.7500	0	0	0	0	0	0	0
35.8500	0	0	0	0	0	0	0
35.9500	0	0	0	0	0	0	0
36.0500	0	0	0	0	0	0	0
36.1500	0	0	0	0	0	0	0
36.2500	0	0	0	0	0	0	0
36.3500	0	0	0	0	0	0	0
36.4500	0	0	0	0	0	0	0
36.5500	0	0	0	0	0	0	0
36.6500	0	0	0	0	0	0	0
36.7500	0	0	0	0	0	0	0
36.8500	0	0	0	0	0	0	0
36.9500	0	0	0	0	0	0	0
37.0500	0	0	0	0	0	0	0
37.1500	0	0	0	0	0	0	0
37.2500	0	0	0	0	0	0	0
37.3500	0	0	0	0	0	0	0
37.4500	0	0	0	0	0	0	0
37.5500	0	0	0	0	0	0	0
37.6500	0	0	0	0	0	0	0
37.7500	0	0	0	0	0	0	0
37.8500	0	0	0	0	0	0	0
37.9500	0	0	0	0	0	0	0
38.0500	0	0	0	0	0	0	0
38.1500	0	0	0	0	0	0	0
38.2500	0	0	0	0	0	0	0
38.3500	0	0	0	0	0	0	0
38.4500	0	0	0	0	0	0	0
38.5500	0	0	0	0	0	0	0
38.6500	0	0	0	0	0	0	0
38.7500	0	0	0	0	0	0	0
38.8500	0	0	0	0	0	0	0
38.9500	0	0	0	0	0	0	0
39.0500	0	0	0	0	0	0	0
39.1500	0	0	0	0	0	0	0
39.2500	0	0	0	0	0	0	0
39.3500	0	0	0	0	0	0	0
39.4500	0	0	0	0	0	0	0
39.5500	0	0	0	0	0	0	0
39.6500	0	0	0	0	0	0	0
39.7500	0	0	0	0	0	0	0
39.8500	0	0	0	0	0	0	0
39.9500	0	0	0	0	0	0	0
