bin	ch 1	ch 2	ch 3	ch 4	ch 5	ch 6	ch 7	
0.0500	0	0	0	0	2	0	2	
0.1500	0	0	0	0	0	0	1	
0.2500	0	0	0	0	2	1	3	
0.3500	0	0	0	0	1	0	1	
0.4500	0	0	0	0	1	0	1	
0.5500	1	0	0	0	4	1	1	
0.6500	0	0	0	0	4	0	1	
0.7500	0	0	0	0	0	0	2	
0.8500	0	0	0	0	0	0	0	
0.9500	0	0	0	0	2	1	1	
1.0500	0	0	0	0	0	0	0	
1.1500	0	0	0	0	0	0	2	
1.2500	0	0	1	0	1	0	0	
1.3500	0	0	0	0	0	0	1	
1.4500	0	0	0	0	1	0	0	
1.5500	1	0	0	0	0	0	0	
1.6500	0	0	0	0	1	0	1	
1.7500	0	0	0	0	0	1	1	
1.8500	0	0	0	1	0	0	2	
1.9500	0	0	0	0	1	0	0	
2.0500	0	0	1	0	1	1	0	
2.1500	0	2	0	2	1	2	1	
2.2500	0	0	0	0	3	1	0	
2.3500	0	0	0	0	2	4	3	
2.4500	2	0	0	2	2	5	4	
2.5500	1	0	0	0	1	5	3	
2.6500	3	0	1	5	6	2	5	
2.7500	3	0	0	5	5	3	3	
2.8500	4	1	1	1	6	3	3	
2.9500	6	0	3	8	8	4	6	
3.0500	8	2	2	3	9	4	13	
3.1500	10	2	2	11	8	3	13	
3.2500	4	5	3	4	5	3	7	
3.3500	5	2	8	10	11	3	8	
3.4500	11	7	4	4	7	1	6	
3.5500	10	2	3	15	10	2	13	
3.6500	5	4	3	7	14	1	8	
3.7500	11	7	7	9	8	2	16	
3.8500	12	3	13	9	6	3	8	
3.9500	7	9	7	13	12	3	13	
4.0500	5	8	5	8	10	2	5	
4.1500	9	8	10	9	8	2	17	
4.2500	10	9	9	9	15	0	13	
4.3500	13	8	8	13	18	1	8	
4.4500	21	9	6	12	18	2	13	
4.5500	11	8	6	5	17	5	17	
4.6500	16	11	8	9	13	3	25	
4.7500	26	11	9	13	16	3	16	
4.8500	14	12	13	16	16	1	25	
4.9500	17	8	14	13	19	0	24	
5.0500	22	14	10	20	15	2	14	
5.1500	20	9	9	12	18	3	16	
5.2500	23	15	15	18	13	3	24	
5.3500	21	12	12	13	20	2	16	
5.4500	17	17	16	21	22	3	23	
5.5500	34	17	12	27	22	2	25	
5.6500	29	20	14	26	30	3	20	
5.7500	25	18	23	24	20	3	24	
5.8500	25	19	9	24	17	0	17	
5.9500	22	27	28	24	19	2	20	
6.0500	26	15	18	15	23	3	21	
6.1500	23	13	22	11	27	2	22	
6.2500	23	27	18	17	27	1	27	
6.3500	18	20	22	23	28	3	20	
6.4500	22	18	25	20	26	4	22	
6.5500	24	31	14	13	30	3	20	
6.6500	21	16	18	16	28	4	21	
6.7500	33	17	18	30	28	5	31	
6.8500	20	20	19	22	27	4	27	
6.9500	35	32	19	15	12	3	17	
7.0500	24	26	20	7	17	2	16	
7.1500	13	13	19	20	22	5	32	
7.2500	25	20	27	16	29	6	35	
7.3500	22	25	24	23	22	5	25	
7.4500	25	25	27	25	27	5	26	
7.5500	12	27	22	26	23	3	24	
7.6500	25	17	29	20	19	4	23	
7.7500	28	19	30	25	26	5	23	
7.8500	26	24	20	26	17	6	30	
7.9500	20	18	16	24	20	5	27	
8.0500	16	16	22	18	19	4	17	
8.1500	23	24	26	31	22	6	27	
8.2500	17	21	30	20	26	3	15	
8.3500	21	28	22	26	22	4	16	
8.4500	21	26	23	21	27	10	24	
8.5500	27	18	27	19	26	5	24	
8.6500	22	32	13	20	31	9	24	
8.7500	22	27	23	27	24	6	21	
8.8500	29	14	26	25	32	8	36	
8.9500	40	24	29	19	21	12	27	
9.0500	25	34	23	23	28	8	25	
9.1500	20	22	30	29	32	13	36	
9.2500	27	35	21	30	30	7	31	
9.3500	25	28	22	32	42	10	30	
9.4500	35	36	23	34	19	12	29	
9.5500	30	24	38	22	33	14	31	
9.6500	39	23	33	35	29	14	27	
9.7500	41	36	30	29	37	22	36	
9.8500	45	37	44	32	37	27	27	
9.9500	39	43	34	24	41	23	37	
10.0500	39	37	43	46	49	24	34	
10.1500	39	30	40	38	42	36	30	
10.2500	41	25	36	40	40	31	34	
10.3500	43	47	41	42	50	33	38	
10.4500	50	34	51	46	47	32	52	
10.5500	41	36	41	38	39	29	43	
10.6500	48	39	49	55	45	52	57	
10.7500	44	54	56	54	55	55	50	
10.8500	66	57	47	44	53	60	51	
10.9500	76	58	56	51	59	60	50	
11.0500	60	64	66	62	78	61	80	
11.1500	54	60	77	57	62	64	81	
11.2500	58	69	65	64	74	70	61	
11.3500	77	59	57	59	78	76	71	
11.4500	76	66	76	66	80	79	68	
11.5500	85	88	93	93	79	98	94	
11.6500	86	78	81	80	88	105	92	
11.7500	91	97	95	80	115	100	101	
11.8500	97	83	117	118	108	141	109	
11.9500	93	126	125	133	127	155	122	
12.0500	127	129	135	125	135	164	133	
12.1500	137	160	153	116	145	161	133	
12.2500	152	141	149	169	178	183	156	
12.3500	189	167	185	170	172	212	171	
12.4500	210	218	189	191	224	222	215	
12.5500	250	210	211	177	219	260	245	
12.6500	261	270	260	233	242	296	273	
12.7500	259	281	284	272	318	366	315	
12.8500	343	318	315	325	340	426	347	
12.9500	368	349	359	331	413	466	407	
13.0500	480	410	438	427	496	578	533	
13.1500	629	546	586	548	719	784	664	
13.2500	910	760	817	779	889	1048	1059	
13.3500	1178	1079	1079	969	1184	1353	1382	
13.4500	1568	1396	1411	1329	1465	1653	1783	
13.5500	1827	1736	1741	1807	1742	1995	1953	
13.6500	2092	1971	1948	1929	2020	2364	2156	
13.7500	2228	2168	2048	2009	2017	2411	2179	
13.8500	2097	2090	2178	2118	2123	2382	2085	
13.9500	2020	2142	1980	2084	2108	2368	1917	
14.0500	1885	2063	2066	2020	2013	2296	1987	
14.1500	1862	1953	1986	1818	1851	2167	1783	
14.2500	1701	1762	1833	1784	1760	2074	1725	
14.3500	1684	1678	1634	1754	1709	1983	1651	
14.4500	1606	1656	1549	1649	1545	1991	1514	
14.5500	1553	1538	1568	1548	1509	1745	1379	
14.6500	1367	1437	1408	1387	1385	1733	1385	
14.7500	1425	1397	1412	1363	1397	1594	1221	
14.8500	1294	1275	1326	1367	1241	1487	1255	
14.9500	1260	1265	1202	1196	1224	1389	1161	
15.0500	1120	1169	1120	1095	1175	1407	1120	
15.1500	1067	1119	1062	1101	1019	1258	1052	
15.2500	969	975	1074	972	940	1180	943	
15.3500	880	925	969	963	932	1016	866	
15.4500	812	879	862	860	809	1027	807	
15.5500	799	813	829	836	762	943	730	
15.6500	725	762	762	753	805	843	693	
15.7500	711	709	734	711	675	830	666	
15.8500	658	641	664	649	641	770	542	
15.9500	600	584	609	616	555	679	567	
16.0500	549	567	577	560	518	654	479	
16.1500	487	491	501	473	482	563	499	
16.2500	455	435	462	470	434	483	400	
16.3500	399	431	408	421	383	486	377	
16.4500	344	371	390	406	325	448	325	
16.5500	329	336	336	336	297	408	296	
16.6500	269	300	284	301	284	361	285	
16.7500	252	265	254	295	257	309	260	
16.8500	238	235	215	246	200	281	208	
16.9500	215	212	197	197	195	242	170	
17.0500	200	178	181	176	171	203	153	
17.1500	139	180	155	159	152	182	145	
17.2500	128	157	146	170	131	160	109	
17.3500	116	121	118	95	100	146	85	
17.4500	89	88	101	96	94	113	80	
17.5500	78	67	74	74	74	108	67	
17.6500	54	63	79	56	67	75	55	
17.7500	56	49	55	58	42	60	41	
17.8500	38	50	42	43	34	48	28	
17.9500	24	30	26	31	34	29	14	
18.0500	18	28	15	24	23	27	16	
18.1500	24	12	8	14	19	17	5	
18.2500	9	9	2	9	7	11	10	
18.3500	4	5	7	6	6	10	6	
18.4500	5	3	5	5	4	3	1	
18.5500	1	3	2	5	4	5	2	
18.6500	1	2	1	4	0	2	0	
18.7500	0	1	2	4	2	1	0	
18.8500	2	0	1	0	1	1	1	
18.9500	0	1	3	1	2	5	0	
19.0500	0	0	1	1	1	1	1	
19.1500	1	0	1	0	4	1	2	
19.2500	1	1	1	3	1	2	2	
19.3500	1	3	1	2	0	1	2	
19.4500	0	2	0	0	1	0	1	
19.5500	2	1	0	1	0	1	2	
19.6500	1	2	2	0	1	1	0	
19.7500	0	1	3	3	0	0	0	
19.8500	0	1	0	1	0	1	1	
19.9500	3	1	0	2	0	4	2	
