bin	ch 1	ch 2	ch 3	ch 4	ch 5	ch 6	ch 7
0.0500	0	0	0	0	0	0	1
0.1500	0	0	0	0	0	0	0
0.2500	0	0	0	0	0	0	1
0.3500	0	0	0	0	0	0	0
0.4500	0	0	0	0	1	0	0
0.5500	0	0	0	0	0	0	0
0.6500	0	0	0	0	0	0	1
0.7500	0	0	0	0	0	0	0
0.8500	0	0	0	0	0	0	0
0.9500	0	0	0	0	0	0	0
1.0500	0	1	0	0	0	0	0
1.1500	0	0	0	0	0	0	0
1.2500	0	0	0	0	0	0	1
1.3500	0	0	0	0	0	0	0
1.4500	0	0	0	1	0	0	0
1.5500	0	0	0	0	0	0	1
1.6500	0	1	0	1	0	0	0
1.7500	0	0	0	0	0	0	0
1.8500	1	0	0	0	1	0	1
1.9500	0	0	0	0	0	0	0
2.0500	1	0	0	1	1	0	2
2.1500	0	0	0	0	1	1	1
2.2500	0	0	0	0	2	0	2
2.3500	2	0	0	1	4	1	3
2.4500	3	2	0	1	4	1	1
2.5500	5	1	1	2	3	4	5
2.6500	7	0	2	4	6	3	7
2.7500	6	0	4	5	7	5	8
2.8500	7	1	3	6	8	6	5
2.9500	8	0	4	11	10	8	12
3.0500	8	4	3	11	10	6	20
3.1500	11	3	9	17	10	9	14
3.2500	14	7	9	7	11	6	10
3.3500	18	6	11	11	15	2	9
3.4500	13	13	5	12	10	4	11
3.5500	13	8	13	15	12	10	11
3.6500	15	11	12	7	16	5	13
3.7500	16	7	6	15	17	1	9
3.8500	12	6	9	9	18	9	15
3.9500	16	10	7	10	6	5	23
4.0500	19	10	5	13	12	3	14
4.1500	14	6	12	13	20	0	22
4.2500	16	8	6	14	17	0	27
4.3500	16	13	10	10	15	2	19
4.4500	20	12	6	23	23	3	17
4.5500	22	14	14	14	17	3	23
4.6500	14	15	10	18	21	3	28
4.7500	25	11	16	17	17	2	30
4.8500	27	18	16	17	26	3	28
4.9500	22	11	22	9	28	1	31
5.0500	21	17	11	33	27	2	26
5.1500	27	10	20	22	23	2	31
5.2500	35	17	26	23	28	1	25
5.3500	24	20	16	30	33	2	26
5.4500	38	18	18	29	32	2	25
5.5500	32	20	31	16	29	2	29
5.6500	25	27	26	30	30	4	19
5.7500	34	20	23	18	40	0	33
5.8500	24	24	26	30	33	2	32
5.9500	19	27	29	39	39	2	23
6.0500	30	23	35	23	31	1	56
6.1500	29	27	23	18	38	3	26
6.2500	24	31	24	26	29	1	31
6.3500	25	33	40	25	32	6	41
6.4500	21	28	32	39	42	4	37
6.5500	30	19	32	37	34	7	37
6.6500	31	33	27	31	31	3	22
6.7500	24	31	34	32	30	6	36
6.8500	27	22	27	35	28	6	20
6.9500	25	38	23	38	38	2	33
7.0500	30	34	28	34	28	6	27
7.1500	37	37	33	35	30	9	27
7.2500	27	29	26	44	35	5	30
7.3500	24	31	40	36	34	4	28
7.4500	34	32	42	43	31	7	25
7.5500	44	32	21	34	37	5	34
7.6500	37	29	31	38	31	6	32
7.7500	36	40	39	33	31	6	34
7.8500	33	31	33	24	32	6	31
7.9500	30	39	34	27	25	10	32
8.0500	40	35	39	32	33	8	42
8.1500	36	23	25	34	32	7	31
8.2500	35	35	31	44	36	9	25
8.3500	34	36	33	37	38	9	27
8.4500	42	38	39	32	31	8	35
8.5500	37	33	33	34	42	9	36
8.6500	45	49	37	32	34	16	42
8.7500	39	41	42	41	33	12	42
8.8500	35	49	40	44	44	16	41
8.9500	39	23	54	45	38	24	38
9.0500	45	46	49	36	44	20	43
9.1500	49	40	49	33	40	23	44
9.2500	44	42	44	52	32	25	37
9.3500	45	59	49	55	46	30	55
9.4500	51	54	50	48	50	32	48
9.5500	50	53	51	43	47	25	34
9.6500	38	61	61	48	57	32	43
9.7500	60	66	43	43	57	40	58
9.8500	50	65	52	70	66	41	60
9.9500	56	53	54	56	54	36	60
10.0500	61	46	61	60	49	63	67
10.1500	48	64	69	59	56	64	49
10.2500	66	64	65	51	73	59	62
10.3500	54	77	58	72	67	67	68
10.4500	55	69	79	70	82	57	64
10.5500	70	88	64	73	67	64	88
10.6500	77	77	75	68	94	84	91
10.7500	81	85	85	65	95	92	81
10.8500	101	94	72	101	100	77	101
10.9500	97	91	95	93	75	115	93
11.0500	106	113	116	109	119	123	111
11.1500	110	102	105	104	116	136	113
11.2500	133	114	126	116	135	151	119
11.3500	117	130	140	137	163	138	133
11.4500	131	132	145	136	180	176	176
11.5500	147	163	172	151	161	185	171
11.6500	173	179	195	156	168	183	183
11.7500	236	211	194	208	201	237	210
11.8500	200	245	251	223	247	268	240
11.9500	245	230	242	235	273	309	261
12.0500	278	270	275	243	298	319	261
12.1500	284	312	316	306	303	395	294
12.2500	309	317	364	329	381	443	390
12.3500	418	378	388	375	413	471	433
12.4500	491	450	497	425	507	619	516
12.5500	609	571	572	547	639	690	632
12.6500	810	707	779	694	815	866	947
12.7500	1118	972	1019	944	1115	1173	1248
12.8500	1416	1332	1318	1299	1476	1589	1674
12.9500	1892	1810	1803	1767	1885	2043	2114
13.0500	2289	2147	2205	2156	2184	2427	2430
13.1500	2584	2419	2446	2324	2423	2778	2587
13.2500	2667	2620	2592	2523	2481	2977	2661
13.3500	2630	2677	2619	2576	2506	3105	2608
13.4500	2511	2640	2546	2601	2450	3012	2479
13.5500	2496	2526	2499	2567	2360	2909	2387
13.6500	2343	2473	2442	2360	2323	2755	2269
13.7500	2233	2317	2305	2288	2214	2623	2203
13.8500	2171	2099	2162	2115	2103	2527	2069
13.9500	2022	2043	2084	2080	2016	2502	1966
14.0500	1957	1959	2051	1962	1966	2301	1890
14.1500	1897	1879	1875	1920	1887	2190	1800
14.2500	1777	1831	1746	1764	1691	2073	1695
14.3500	1646	1671	1680	1637	1587	1875	1700
14.4500	1531	1604	1622	1614	1579	1881	1473
14.5500	1487	1496	1520	1506	1512	1784	1514
14.6500	1411	1482	1504	1397	1352	1634	1404
14.7500	1338	1367	1390	1441	1386	1567	1289
14.8500	1241	1272	1325	1256	1261	1485	1263
14.9500	1221	1159	1195	1248	1197	1500	1084
15.0500	1166	1095	1141	1097	1101	1306	1037
15.1500	1013	1016	1051	1017	1056	1207	1031
15.2500	982	975	994	1000	960	1150	941
15.3500	882	956	968	865	925	1052	898
15.4500	871	864	878	893	865	1003	791
15.5500	829	755	832	802	801	947	762
15.6500	745	748	713	779	699	848	737
15.7500	706	676	688	696	688	805	671
15.8500	595	617	631	670	634	772	588
15.9500	567	595	579	592	560	718	518
16.0500	504	541	535	521	498	632	456
16.1500	476	479	491	485	476	558	488
16.2500	436	449	489	455	480	533	467
16.3500	428	417	414	405	402	507	388
16.4500	371	368	367	379	343	452	348
16.5500	334	333	337	328	295	425	319
16.6500	293	301	308	307	250	352	265
16.7500	236	296	309	250	253	301	213
16.8500	240	232	252	247	244	280	197
16.9500	194	223	230	222	220	234	174
17.0500	159	185	186	185	162	196	166
17.1500	137	153	162	168	144	161	132
17.2500	110	127	142	139	128	158	89
17.3500	112	124	118	133	111	130	76
17.4500	94	113	92	101	99	116	80
17.5500	71	71	73	78	75	85	55
17.6500	55	58	74	59	60	78	42
17.7500	46	45	45	56	35	64	41
17.8500	30	48	39	36	31	42	31
17.9500	26	35	27	31	22	37	22
18.0500	24	22	20	23	10	27	14
18.1500	16	19	6	14	14	13	4
18.2500	14	8	9	12	7	12	11
18.3500	5	4	8	6	6	8	2
18.4500	2	6	4	6	2	7	6
18.5500	1	1	3	5	4	9	1
18.6500	2	1	1	4	2	3	2
18.7500	2	1	2	4	1	2	0
18.8500	0	1	2	0	2	1	1
18.9500	0	4	1	1	2	3	2
19.0500	4	2	2	4	0	3	1
19.1500	1	1	1	1	3	1	1
19.2500	0	1	2	2	2	1	0
19.3500	3	0	1	1	1	1	2
19.4500	1	2	2	1	1	0	3
19.5500	1	2	2	1	0	0	1
19.6500	2	0	3	2	4	2	1
19.7500	1	2	0	1	2	0	2
19.8500	4	1	1	0	0	4	3
19.9500	2	1	2	2	1	3	1
