0.000000000000000000e+00
0.000000000000000000e+00
0.000000000000000000e+00
0.000000000000000000e+00
0.000000000000000000e+00
0.000000000000000000e+00
0.000000000000000000e+00
0.000000000000000000e+00
0.000000000000000000e+00
0.000000000000000000e+00
0.000000000000000000e+00
0.000000000000000000e+00
0.000000000000000000e+00
0.000000000000000000e+00
0.000000000000000000e+00
0.000000000000000000e+00
0.000000000000000000e+00
0.000000000000000000e+00
6.500000000000000000e+01
4.090000000000000000e+02
1.450000000000000000e+02
5.900000000000000000e+01
1.900000000000000000e+01
3.000000000000000000e+00
2.000000000000000000e+00
0.000000000000000000e+00
1.000000000000000000e+00
1.000000000000000000e+00
5.000000000000000000e+00
1.000000000000000000e+00
3.000000000000000000e+00
7.000000000000000000e+00
6.000000000000000000e+00
4.000000000000000000e+00
4.000000000000000000e+00
6.000000000000000000e+00
3.000000000000000000e+00
1.300000000000000000e+01
7.700000000000000000e+01
9.900000000000000000e+01
8.000000000000000000e+01
4.100000000000000000e+01
3.400000000000000000e+01
2.200000000000000000e+01
1.400000000000000000e+01
1.300000000000000000e+01
7.000000000000000000e+00
9.000000000000000000e+00
1.000000000000000000e+01
6.000000000000000000e+00
8.000000000000000000e+00
4.000000000000000000e+00
3.000000000000000000e+00
4.000000000000000000e+00
1.400000000000000000e+01
1.000000000000000000e+01
5.000000000000000000e+00
1.200000000000000000e+01
3.000000000000000000e+01
3.000000000000000000e+01
3.400000000000000000e+01
3.800000000000000000e+01
2.500000000000000000e+01
2.000000000000000000e+01
2.600000000000000000e+01
2.600000000000000000e+01
2.200000000000000000e+01
2.200000000000000000e+01
1.700000000000000000e+01
2.100000000000000000e+01
1.600000000000000000e+01
1.900000000000000000e+01
2.300000000000000000e+01
2.300000000000000000e+01
2.400000000000000000e+01
2.500000000000000000e+01
3.500000000000000000e+01
2.600000000000000000e+01
3.100000000000000000e+01
3.100000000000000000e+01
3.500000000000000000e+01
3.400000000000000000e+01
3.600000000000000000e+01
3.100000000000000000e+01
2.400000000000000000e+01
2.600000000000000000e+01
2.600000000000000000e+01
2.600000000000000000e+01
2.400000000000000000e+01
3.300000000000000000e+01
3.300000000000000000e+01
3.600000000000000000e+01
4.100000000000000000e+01
3.600000000000000000e+01
3.200000000000000000e+01
4.600000000000000000e+01
3.400000000000000000e+01
4.300000000000000000e+01
4.200000000000000000e+01
3.300000000000000000e+01
4.400000000000000000e+01
4.200000000000000000e+01
5.400000000000000000e+01
3.400000000000000000e+01
4.300000000000000000e+01
6.200000000000000000e+01
5.300000000000000000e+01
3.300000000000000000e+01
4.100000000000000000e+01
4.800000000000000000e+01
4.800000000000000000e+01
4.500000000000000000e+01
5.300000000000000000e+01
4.700000000000000000e+01
5.500000000000000000e+01
4.400000000000000000e+01
5.500000000000000000e+01
5.700000000000000000e+01
5.800000000000000000e+01
6.100000000000000000e+01
6.300000000000000000e+01
6.700000000000000000e+01
7.300000000000000000e+01
6.600000000000000000e+01
6.500000000000000000e+01
8.200000000000000000e+01
6.700000000000000000e+01
9.500000000000000000e+01
1.070000000000000000e+02
1.220000000000000000e+02
1.450000000000000000e+02
1.740000000000000000e+02
1.650000000000000000e+02
2.050000000000000000e+02
2.230000000000000000e+02
2.120000000000000000e+02
1.920000000000000000e+02
2.170000000000000000e+02
2.170000000000000000e+02
2.110000000000000000e+02
2.580000000000000000e+02
2.400000000000000000e+02
2.660000000000000000e+02
2.720000000000000000e+02
3.230000000000000000e+02
3.140000000000000000e+02
3.540000000000000000e+02
3.800000000000000000e+02
3.610000000000000000e+02
3.800000000000000000e+02
4.010000000000000000e+02
3.750000000000000000e+02
3.690000000000000000e+02
3.230000000000000000e+02
2.890000000000000000e+02
2.690000000000000000e+02
1.830000000000000000e+02
1.700000000000000000e+02
1.460000000000000000e+02
7.500000000000000000e+01
6.600000000000000000e+01
3.900000000000000000e+01
3.300000000000000000e+01
1.900000000000000000e+01
1.200000000000000000e+01
5.000000000000000000e+00
1.000000000000000000e+00
4.000000000000000000e+00
2.000000000000000000e+00
0.000000000000000000e+00
0.000000000000000000e+00
2.000000000000000000e+00
0.000000000000000000e+00
0.000000000000000000e+00
0.000000000000000000e+00
0.000000000000000000e+00
0.000000000000000000e+00
0.000000000000000000e+00
1.000000000000000000e+00
0.000000000000000000e+00
0.000000000000000000e+00
0.000000000000000000e+00
0.000000000000000000e+00
0.000000000000000000e+00
0.000000000000000000e+00
0.000000000000000000e+00
0.000000000000000000e+00
0.000000000000000000e+00
1.000000000000000000e+00
0.000000000000000000e+00
0.000000000000000000e+00
0.000000000000000000e+00
0.000000000000000000e+00
0.000000000000000000e+00
0.000000000000000000e+00
0.000000000000000000e+00
0.000000000000000000e+00
0.000000000000000000e+00
0.000000000000000000e+00
0.000000000000000000e+00
1.000000000000000000e+00
0.000000000000000000e+00
0.000000000000000000e+00
1.000000000000000000e+00
0.000000000000000000e+00
0.000000000000000000e+00
0.000000000000000000e+00
0.000000000000000000e+00
0.000000000000000000e+00
0.000000000000000000e+00
1.000000000000000000e+00
0.000000000000000000e+00
0.000000000000000000e+00
0.000000000000000000e+00
1.000000000000000000e+00
0.000000000000000000e+00
0.000000000000000000e+00
0.000000000000000000e+00
0.000000000000000000e+00
0.000000000000000000e+00
0.000000000000000000e+00
0.000000000000000000e+00
1.000000000000000000e+00
0.000000000000000000e+00
0.000000000000000000e+00
0.000000000000000000e+00
0.000000000000000000e+00
0.000000000000000000e+00
0.000000000000000000e+00
0.000000000000000000e+00
0.000000000000000000e+00
0.000000000000000000e+00
0.000000000000000000e+00
0.000000000000000000e+00
0.000000000000000000e+00
0.000000000000000000e+00
1.000000000000000000e+00
0.000000000000000000e+00
0.000000000000000000e+00
0.000000000000000000e+00
0.000000000000000000e+00
1.000000000000000000e+00
0.000000000000000000e+00
0.000000000000000000e+00
0.000000000000000000e+00
0.000000000000000000e+00
0.000000000000000000e+00
0.000000000000000000e+00
0.000000000000000000e+00
0.000000000000000000e+00
0.000000000000000000e+00
0.000000000000000000e+00
0.000000000000000000e+00
0.000000000000000000e+00
0.000000000000000000e+00
0.000000000000000000e+00
0.000000000000000000e+00
0.000000000000000000e+00
0.000000000000000000e+00
0.000000000000000000e+00
0.000000000000000000e+00
0.000000000000000000e+00
0.000000000000000000e+00
0.000000000000000000e+00
0.000000000000000000e+00
0.000000000000000000e+00
0.000000000000000000e+00
0.000000000000000000e+00
0.000000000000000000e+00
0.000000000000000000e+00
0.000000000000000000e+00
0.000000000000000000e+00
0.000000000000000000e+00
0.000000000000000000e+00
0.000000000000000000e+00
0.000000000000000000e+00
0.000000000000000000e+00
0.000000000000000000e+00
0.000000000000000000e+00
0.000000000000000000e+00
0.000000000000000000e+00
1.000000000000000000e+00
1.000000000000000000e+00
0.000000000000000000e+00
0.000000000000000000e+00
0.000000000000000000e+00
0.000000000000000000e+00
0.000000000000000000e+00
0.000000000000000000e+00
0.000000000000000000e+00
0.000000000000000000e+00
0.000000000000000000e+00
0.000000000000000000e+00
1.000000000000000000e+00
0.000000000000000000e+00
0.000000000000000000e+00
0.000000000000000000e+00
0.000000000000000000e+00
0.000000000000000000e+00
1.000000000000000000e+00
