0.000000000000000000e+00
0.000000000000000000e+00
0.000000000000000000e+00
0.000000000000000000e+00
0.000000000000000000e+00
0.000000000000000000e+00
0.000000000000000000e+00
0.000000000000000000e+00
0.000000000000000000e+00
0.000000000000000000e+00
0.000000000000000000e+00
1.930000000000000000e+02
2.540000000000000000e+02
4.400000000000000000e+01
1.000000000000000000e+01
1.400000000000000000e+01
2.700000000000000000e+01
5.500000000000000000e+01
8.300000000000000000e+01
1.320000000000000000e+02
1.170000000000000000e+02
1.190000000000000000e+02
1.140000000000000000e+02
1.850000000000000000e+02
2.500000000000000000e+02
2.040000000000000000e+02
1.630000000000000000e+02
1.580000000000000000e+02
1.570000000000000000e+02
1.400000000000000000e+02
1.850000000000000000e+02
1.910000000000000000e+02
1.950000000000000000e+02
2.100000000000000000e+02
2.320000000000000000e+02
2.540000000000000000e+02
3.600000000000000000e+02
3.790000000000000000e+02
3.340000000000000000e+02
3.820000000000000000e+02
4.140000000000000000e+02
4.580000000000000000e+02
5.320000000000000000e+02
5.780000000000000000e+02
6.460000000000000000e+02
6.330000000000000000e+02
6.750000000000000000e+02
6.010000000000000000e+02
6.210000000000000000e+02
6.750000000000000000e+02
6.600000000000000000e+02
7.050000000000000000e+02
7.460000000000000000e+02
7.300000000000000000e+02
8.060000000000000000e+02
8.450000000000000000e+02
8.330000000000000000e+02
9.370000000000000000e+02
9.810000000000000000e+02
1.012000000000000000e+03
9.970000000000000000e+02
9.560000000000000000e+02
1.044000000000000000e+03
1.153000000000000000e+03
1.162000000000000000e+03
1.155000000000000000e+03
1.210000000000000000e+03
1.350000000000000000e+03
1.489000000000000000e+03
1.689000000000000000e+03
2.019000000000000000e+03
2.710000000000000000e+03
3.014000000000000000e+03
3.352000000000000000e+03
3.548000000000000000e+03
3.944000000000000000e+03
4.344000000000000000e+03
4.807000000000000000e+03
5.261000000000000000e+03
5.673000000000000000e+03
6.486000000000000000e+03
6.766000000000000000e+03
6.918000000000000000e+03
6.532000000000000000e+03
5.984000000000000000e+03
5.494000000000000000e+03
4.558000000000000000e+03
4.001000000000000000e+03
3.154000000000000000e+03
2.627000000000000000e+03
2.090000000000000000e+03
1.695000000000000000e+03
1.305000000000000000e+03
1.015000000000000000e+03
7.880000000000000000e+02
5.340000000000000000e+02
3.670000000000000000e+02
2.230000000000000000e+02
1.500000000000000000e+02
1.090000000000000000e+02
5.500000000000000000e+01
2.900000000000000000e+01
1.200000000000000000e+01
1.000000000000000000e+01
5.000000000000000000e+00
4.000000000000000000e+00
1.000000000000000000e+00
2.000000000000000000e+00
4.000000000000000000e+00
4.000000000000000000e+00
1.000000000000000000e+00
2.000000000000000000e+00
4.000000000000000000e+00
5.000000000000000000e+00
2.000000000000000000e+00
0.000000000000000000e+00
3.000000000000000000e+00
3.000000000000000000e+00
4.000000000000000000e+00
3.000000000000000000e+00
3.000000000000000000e+00
6.000000000000000000e+00
3.000000000000000000e+00
4.000000000000000000e+00
5.000000000000000000e+00
2.000000000000000000e+00
4.000000000000000000e+00
5.000000000000000000e+00
3.000000000000000000e+00
1.000000000000000000e+00
4.000000000000000000e+00
1.100000000000000000e+01
2.000000000000000000e+00
5.000000000000000000e+00
1.500000000000000000e+01
5.000000000000000000e+00
2.000000000000000000e+00
4.000000000000000000e+00
5.000000000000000000e+00
2.000000000000000000e+00
6.000000000000000000e+00
6.000000000000000000e+00
2.000000000000000000e+00
4.000000000000000000e+00
5.000000000000000000e+00
1.100000000000000000e+01
1.100000000000000000e+01
1.400000000000000000e+01
7.000000000000000000e+00
1.700000000000000000e+01
1.000000000000000000e+01
8.000000000000000000e+00
8.000000000000000000e+00
1.700000000000000000e+01
1.100000000000000000e+01
1.000000000000000000e+01
8.000000000000000000e+00
2.300000000000000000e+01
1.400000000000000000e+01
1.000000000000000000e+01
1.900000000000000000e+01
1.900000000000000000e+01
1.800000000000000000e+01
1.600000000000000000e+01
1.200000000000000000e+01
1.600000000000000000e+01
1.900000000000000000e+01
1.400000000000000000e+01
1.300000000000000000e+01
1.300000000000000000e+01
9.000000000000000000e+00
9.000000000000000000e+00
1.500000000000000000e+01
1.000000000000000000e+01
6.000000000000000000e+00
1.000000000000000000e+01
6.000000000000000000e+00
7.000000000000000000e+00
6.000000000000000000e+00
3.000000000000000000e+00
2.000000000000000000e+00
4.000000000000000000e+00
5.000000000000000000e+00
9.000000000000000000e+00
4.000000000000000000e+00
1.000000000000000000e+00
2.000000000000000000e+00
2.000000000000000000e+00
1.000000000000000000e+00
1.000000000000000000e+00
1.000000000000000000e+00
1.000000000000000000e+00
1.000000000000000000e+00
0.000000000000000000e+00
1.000000000000000000e+00
0.000000000000000000e+00
2.000000000000000000e+00
0.000000000000000000e+00
0.000000000000000000e+00
0.000000000000000000e+00
0.000000000000000000e+00
0.000000000000000000e+00
1.000000000000000000e+00
0.000000000000000000e+00
0.000000000000000000e+00
1.000000000000000000e+00
0.000000000000000000e+00
0.000000000000000000e+00
0.000000000000000000e+00
0.000000000000000000e+00
0.000000000000000000e+00
0.000000000000000000e+00
0.000000000000000000e+00
0.000000000000000000e+00
0.000000000000000000e+00
0.000000000000000000e+00
0.000000000000000000e+00
0.000000000000000000e+00
0.000000000000000000e+00
0.000000000000000000e+00
0.000000000000000000e+00
0.000000000000000000e+00
0.000000000000000000e+00
1.000000000000000000e+00
0.000000000000000000e+00
1.000000000000000000e+00
0.000000000000000000e+00
0.000000000000000000e+00
0.000000000000000000e+00
0.000000000000000000e+00
0.000000000000000000e+00
0.000000000000000000e+00
0.000000000000000000e+00
0.000000000000000000e+00
0.000000000000000000e+00
0.000000000000000000e+00
0.000000000000000000e+00
0.000000000000000000e+00
0.000000000000000000e+00
0.000000000000000000e+00
0.000000000000000000e+00
0.000000000000000000e+00
0.000000000000000000e+00
0.000000000000000000e+00
0.000000000000000000e+00
0.000000000000000000e+00
0.000000000000000000e+00
0.000000000000000000e+00
0.000000000000000000e+00
0.000000000000000000e+00
0.000000000000000000e+00
0.000000000000000000e+00
0.000000000000000000e+00
0.000000000000000000e+00
0.000000000000000000e+00
0.000000000000000000e+00
0.000000000000000000e+00
0.000000000000000000e+00
0.000000000000000000e+00
0.000000000000000000e+00
0.000000000000000000e+00
0.000000000000000000e+00
0.000000000000000000e+00
0.000000000000000000e+00
1.000000000000000000e+00
0.000000000000000000e+00
0.000000000000000000e+00
0.000000000000000000e+00
0.000000000000000000e+00
0.000000000000000000e+00
0.000000000000000000e+00
0.000000000000000000e+00
0.000000000000000000e+00
0.000000000000000000e+00
0.000000000000000000e+00
0.000000000000000000e+00
0.000000000000000000e+00
0.000000000000000000e+00
0.000000000000000000e+00
0.000000000000000000e+00
0.000000000000000000e+00
0.000000000000000000e+00
0.000000000000000000e+00
0.000000000000000000e+00
0.000000000000000000e+00
0.000000000000000000e+00
0.000000000000000000e+00
0.000000000000000000e+00
1.000000000000000000e+00
0.000000000000000000e+00
0.000000000000000000e+00
0.000000000000000000e+00
0.000000000000000000e+00
0.000000000000000000e+00
0.000000000000000000e+00
0.000000000000000000e+00
0.000000000000000000e+00
0.000000000000000000e+00
0.000000000000000000e+00
1.000000000000000000e+00
