0.000000000000000000e+00
0.000000000000000000e+00
0.000000000000000000e+00
0.000000000000000000e+00
0.000000000000000000e+00
0.000000000000000000e+00
0.000000000000000000e+00
0.000000000000000000e+00
0.000000000000000000e+00
0.000000000000000000e+00
0.000000000000000000e+00
0.000000000000000000e+00
0.000000000000000000e+00
3.150000000000000000e+02
2.110000000000000000e+02
5.400000000000000000e+01
1.700000000000000000e+01
2.200000000000000000e+01
4.100000000000000000e+01
8.400000000000000000e+01
9.600000000000000000e+01
1.090000000000000000e+02
1.340000000000000000e+02
1.540000000000000000e+02
1.540000000000000000e+02
1.780000000000000000e+02
1.870000000000000000e+02
2.580000000000000000e+02
2.720000000000000000e+02
2.510000000000000000e+02
1.950000000000000000e+02
1.940000000000000000e+02
2.050000000000000000e+02
1.950000000000000000e+02
2.430000000000000000e+02
2.440000000000000000e+02
2.550000000000000000e+02
3.000000000000000000e+02
3.240000000000000000e+02
3.200000000000000000e+02
3.220000000000000000e+02
4.070000000000000000e+02
4.270000000000000000e+02
5.170000000000000000e+02
5.100000000000000000e+02
6.070000000000000000e+02
6.200000000000000000e+02
6.960000000000000000e+02
7.350000000000000000e+02
7.660000000000000000e+02
8.080000000000000000e+02
8.470000000000000000e+02
8.830000000000000000e+02
8.100000000000000000e+02
8.330000000000000000e+02
8.680000000000000000e+02
9.200000000000000000e+02
9.380000000000000000e+02
9.310000000000000000e+02
9.980000000000000000e+02
1.022000000000000000e+03
1.134000000000000000e+03
1.082000000000000000e+03
1.150000000000000000e+03
1.168000000000000000e+03
1.266000000000000000e+03
1.277000000000000000e+03
1.288000000000000000e+03
1.344000000000000000e+03
1.317000000000000000e+03
1.413000000000000000e+03
1.442000000000000000e+03
1.507000000000000000e+03
1.566000000000000000e+03
1.587000000000000000e+03
1.780000000000000000e+03
1.940000000000000000e+03
2.295000000000000000e+03
2.676000000000000000e+03
3.312000000000000000e+03
3.608000000000000000e+03
4.109000000000000000e+03
4.560000000000000000e+03
4.881000000000000000e+03
5.268000000000000000e+03
5.514000000000000000e+03
6.300000000000000000e+03
7.032000000000000000e+03
7.604000000000000000e+03
8.141000000000000000e+03
8.391000000000000000e+03
8.492000000000000000e+03
8.424000000000000000e+03
8.087000000000000000e+03
7.644000000000000000e+03
6.867000000000000000e+03
5.941000000000000000e+03
5.241000000000000000e+03
4.526000000000000000e+03
3.966000000000000000e+03
3.469000000000000000e+03
2.811000000000000000e+03
2.484000000000000000e+03
2.033000000000000000e+03
1.681000000000000000e+03
1.374000000000000000e+03
1.086000000000000000e+03
8.990000000000000000e+02
6.580000000000000000e+02
4.740000000000000000e+02
3.580000000000000000e+02
2.670000000000000000e+02
1.580000000000000000e+02
1.150000000000000000e+02
7.400000000000000000e+01
3.500000000000000000e+01
2.900000000000000000e+01
1.500000000000000000e+01
8.000000000000000000e+00
7.000000000000000000e+00
3.000000000000000000e+00
4.000000000000000000e+00
1.000000000000000000e+00
5.000000000000000000e+00
6.000000000000000000e+00
8.000000000000000000e+00
7.000000000000000000e+00
1.000000000000000000e+00
3.000000000000000000e+00
4.000000000000000000e+00
6.000000000000000000e+00
6.000000000000000000e+00
7.000000000000000000e+00
5.000000000000000000e+00
1.000000000000000000e+00
5.000000000000000000e+00
6.000000000000000000e+00
4.000000000000000000e+00
6.000000000000000000e+00
9.000000000000000000e+00
5.000000000000000000e+00
1.000000000000000000e+01
6.000000000000000000e+00
6.000000000000000000e+00
7.000000000000000000e+00
6.000000000000000000e+00
4.000000000000000000e+00
4.000000000000000000e+00
7.000000000000000000e+00
4.000000000000000000e+00
4.000000000000000000e+00
6.000000000000000000e+00
1.000000000000000000e+01
4.000000000000000000e+00
8.000000000000000000e+00
9.000000000000000000e+00
7.000000000000000000e+00
6.000000000000000000e+00
1.100000000000000000e+01
1.500000000000000000e+01
7.000000000000000000e+00
1.300000000000000000e+01
7.000000000000000000e+00
5.000000000000000000e+00
1.100000000000000000e+01
1.300000000000000000e+01
1.200000000000000000e+01
1.400000000000000000e+01
9.000000000000000000e+00
1.400000000000000000e+01
1.600000000000000000e+01
1.100000000000000000e+01
2.000000000000000000e+01
1.900000000000000000e+01
2.100000000000000000e+01
1.900000000000000000e+01
1.600000000000000000e+01
2.200000000000000000e+01
1.800000000000000000e+01
2.700000000000000000e+01
2.100000000000000000e+01
2.300000000000000000e+01
1.700000000000000000e+01
2.500000000000000000e+01
2.300000000000000000e+01
2.500000000000000000e+01
1.500000000000000000e+01
2.200000000000000000e+01
2.600000000000000000e+01
2.000000000000000000e+01
2.100000000000000000e+01
1.300000000000000000e+01
1.300000000000000000e+01
1.100000000000000000e+01
1.300000000000000000e+01
1.100000000000000000e+01
1.000000000000000000e+01
7.000000000000000000e+00
1.300000000000000000e+01
8.000000000000000000e+00
6.000000000000000000e+00
7.000000000000000000e+00
7.000000000000000000e+00
6.000000000000000000e+00
5.000000000000000000e+00
8.000000000000000000e+00
4.000000000000000000e+00
3.000000000000000000e+00
3.000000000000000000e+00
4.000000000000000000e+00
1.000000000000000000e+00
0.000000000000000000e+00
1.000000000000000000e+00
2.000000000000000000e+00
3.000000000000000000e+00
0.000000000000000000e+00
3.000000000000000000e+00
1.000000000000000000e+00
1.000000000000000000e+00
1.000000000000000000e+00
1.000000000000000000e+00
0.000000000000000000e+00
0.000000000000000000e+00
0.000000000000000000e+00
0.000000000000000000e+00
1.000000000000000000e+00
0.000000000000000000e+00
0.000000000000000000e+00
0.000000000000000000e+00
0.000000000000000000e+00
0.000000000000000000e+00
0.000000000000000000e+00
0.000000000000000000e+00
0.000000000000000000e+00
0.000000000000000000e+00
0.000000000000000000e+00
1.000000000000000000e+00
0.000000000000000000e+00
0.000000000000000000e+00
0.000000000000000000e+00
0.000000000000000000e+00
0.000000000000000000e+00
0.000000000000000000e+00
0.000000000000000000e+00
0.000000000000000000e+00
0.000000000000000000e+00
0.000000000000000000e+00
0.000000000000000000e+00
0.000000000000000000e+00
0.000000000000000000e+00
0.000000000000000000e+00
0.000000000000000000e+00
0.000000000000000000e+00
0.000000000000000000e+00
1.000000000000000000e+00
0.000000000000000000e+00
0.000000000000000000e+00
0.000000000000000000e+00
1.000000000000000000e+00
0.000000000000000000e+00
0.000000000000000000e+00
0.000000000000000000e+00
0.000000000000000000e+00
0.000000000000000000e+00
0.000000000000000000e+00
0.000000000000000000e+00
0.000000000000000000e+00
1.000000000000000000e+00
0.000000000000000000e+00
0.000000000000000000e+00
0.000000000000000000e+00
0.000000000000000000e+00
0.000000000000000000e+00
0.000000000000000000e+00
0.000000000000000000e+00
0.000000000000000000e+00
0.000000000000000000e+00
0.000000000000000000e+00
0.000000000000000000e+00
0.000000000000000000e+00
0.000000000000000000e+00
0.000000000000000000e+00
0.000000000000000000e+00
0.000000000000000000e+00
0.000000000000000000e+00
0.000000000000000000e+00
0.000000000000000000e+00
1.000000000000000000e+00
0.000000000000000000e+00
0.000000000000000000e+00
0.000000000000000000e+00
0.000000000000000000e+00
0.000000000000000000e+00
0.000000000000000000e+00
0.000000000000000000e+00
0.000000000000000000e+00
0.000000000000000000e+00
0.000000000000000000e+00
0.000000000000000000e+00
1.000000000000000000e+00
