0.000000000000000000e+00
0.000000000000000000e+00
0.000000000000000000e+00
0.000000000000000000e+00
0.000000000000000000e+00
0.000000000000000000e+00
0.000000000000000000e+00
0.000000000000000000e+00
0.000000000000000000e+00
3.530000000000000000e+02
2.030000000000000000e+02
6.800000000000000000e+01
1.300000000000000000e+02
2.370000000000000000e+02
3.890000000000000000e+02
4.790000000000000000e+02
6.100000000000000000e+02
5.970000000000000000e+02
7.080000000000000000e+02
9.110000000000000000e+02
7.730000000000000000e+02
9.490000000000000000e+02
1.023000000000000000e+03
1.077000000000000000e+03
1.250000000000000000e+03
1.337000000000000000e+03
1.483000000000000000e+03
1.633000000000000000e+03
1.860000000000000000e+03
2.013000000000000000e+03
2.337000000000000000e+03
2.668000000000000000e+03
2.842000000000000000e+03
3.100000000000000000e+03
3.181000000000000000e+03
3.264000000000000000e+03
3.560000000000000000e+03
3.800000000000000000e+03
3.762000000000000000e+03
4.179000000000000000e+03
4.240000000000000000e+03
4.672000000000000000e+03
4.753000000000000000e+03
4.934000000000000000e+03
5.052000000000000000e+03
5.616000000000000000e+03
5.592000000000000000e+03
6.241000000000000000e+03
6.884000000000000000e+03
8.567000000000000000e+03
1.066700000000000000e+04
1.277100000000000000e+04
1.431300000000000000e+04
1.650400000000000000e+04
1.875600000000000000e+04
2.180500000000000000e+04
2.509100000000000000e+04
2.796900000000000000e+04
2.874900000000000000e+04
2.797800000000000000e+04
2.597000000000000000e+04
2.266500000000000000e+04
2.062600000000000000e+04
1.741100000000000000e+04
1.560400000000000000e+04
1.346100000000000000e+04
1.173200000000000000e+04
9.907000000000000000e+03
8.375000000000000000e+03
6.816000000000000000e+03
5.619000000000000000e+03
4.495000000000000000e+03
3.694000000000000000e+03
2.856000000000000000e+03
2.096000000000000000e+03
1.541000000000000000e+03
1.110000000000000000e+03
7.560000000000000000e+02
4.730000000000000000e+02
3.390000000000000000e+02
1.850000000000000000e+02
8.600000000000000000e+01
6.100000000000000000e+01
4.100000000000000000e+01
2.800000000000000000e+01
3.300000000000000000e+01
3.300000000000000000e+01
2.100000000000000000e+01
2.100000000000000000e+01
1.800000000000000000e+01
2.500000000000000000e+01
3.300000000000000000e+01
2.700000000000000000e+01
3.600000000000000000e+01
3.400000000000000000e+01
2.800000000000000000e+01
3.100000000000000000e+01
3.900000000000000000e+01
3.500000000000000000e+01
2.600000000000000000e+01
4.200000000000000000e+01
4.000000000000000000e+01
5.500000000000000000e+01
4.600000000000000000e+01
4.800000000000000000e+01
4.900000000000000000e+01
4.700000000000000000e+01
6.400000000000000000e+01
5.800000000000000000e+01
6.400000000000000000e+01
5.900000000000000000e+01
6.100000000000000000e+01
8.500000000000000000e+01
9.000000000000000000e+01
7.900000000000000000e+01
7.600000000000000000e+01
1.020000000000000000e+02
1.010000000000000000e+02
8.900000000000000000e+01
7.500000000000000000e+01
9.100000000000000000e+01
8.100000000000000000e+01
8.500000000000000000e+01
8.300000000000000000e+01
7.000000000000000000e+01
4.900000000000000000e+01
4.000000000000000000e+01
3.700000000000000000e+01
5.000000000000000000e+01
3.500000000000000000e+01
3.200000000000000000e+01
2.800000000000000000e+01
2.500000000000000000e+01
9.000000000000000000e+00
1.100000000000000000e+01
1.400000000000000000e+01
1.100000000000000000e+01
1.000000000000000000e+01
1.300000000000000000e+01
4.000000000000000000e+00
9.000000000000000000e+00
3.000000000000000000e+00
0.000000000000000000e+00
3.000000000000000000e+00
5.000000000000000000e+00
0.000000000000000000e+00
0.000000000000000000e+00
0.000000000000000000e+00
2.000000000000000000e+00
0.000000000000000000e+00
0.000000000000000000e+00
0.000000000000000000e+00
1.000000000000000000e+00
0.000000000000000000e+00
1.000000000000000000e+00
0.000000000000000000e+00
1.000000000000000000e+00
0.000000000000000000e+00
1.000000000000000000e+00
1.000000000000000000e+00
0.000000000000000000e+00
0.000000000000000000e+00
1.000000000000000000e+00
1.000000000000000000e+00
0.000000000000000000e+00
1.000000000000000000e+00
0.000000000000000000e+00
0.000000000000000000e+00
0.000000000000000000e+00
0.000000000000000000e+00
3.000000000000000000e+00
0.000000000000000000e+00
0.000000000000000000e+00
0.000000000000000000e+00
0.000000000000000000e+00
1.000000000000000000e+00
2.000000000000000000e+00
1.000000000000000000e+00
1.000000000000000000e+00
1.000000000000000000e+00
0.000000000000000000e+00
0.000000000000000000e+00
1.000000000000000000e+00
1.000000000000000000e+00
2.000000000000000000e+00
1.000000000000000000e+00
0.000000000000000000e+00
1.000000000000000000e+00
0.000000000000000000e+00
0.000000000000000000e+00
0.000000000000000000e+00
1.000000000000000000e+00
0.000000000000000000e+00
0.000000000000000000e+00
1.000000000000000000e+00
0.000000000000000000e+00
1.000000000000000000e+00
2.000000000000000000e+00
0.000000000000000000e+00
0.000000000000000000e+00
0.000000000000000000e+00
0.000000000000000000e+00
0.000000000000000000e+00
0.000000000000000000e+00
0.000000000000000000e+00
0.000000000000000000e+00
0.000000000000000000e+00
0.000000000000000000e+00
0.000000000000000000e+00
0.000000000000000000e+00
0.000000000000000000e+00
0.000000000000000000e+00
0.000000000000000000e+00
0.000000000000000000e+00
0.000000000000000000e+00
0.000000000000000000e+00
0.000000000000000000e+00
0.000000000000000000e+00
0.000000000000000000e+00
0.000000000000000000e+00
0.000000000000000000e+00
0.000000000000000000e+00
0.000000000000000000e+00
0.000000000000000000e+00
0.000000000000000000e+00
0.000000000000000000e+00
0.000000000000000000e+00
1.000000000000000000e+00
0.000000000000000000e+00
0.000000000000000000e+00
0.000000000000000000e+00
2.000000000000000000e+00
0.000000000000000000e+00
0.000000000000000000e+00
0.000000000000000000e+00
0.000000000000000000e+00
1.000000000000000000e+00
0.000000000000000000e+00
0.000000000000000000e+00
0.000000000000000000e+00
0.000000000000000000e+00
0.000000000000000000e+00
0.000000000000000000e+00
0.000000000000000000e+00
0.000000000000000000e+00
0.000000000000000000e+00
0.000000000000000000e+00
0.000000000000000000e+00
2.000000000000000000e+00
1.000000000000000000e+00
0.000000000000000000e+00
0.000000000000000000e+00
0.000000000000000000e+00
0.000000000000000000e+00
0.000000000000000000e+00
0.000000000000000000e+00
0.000000000000000000e+00
0.000000000000000000e+00
0.000000000000000000e+00
0.000000000000000000e+00
0.000000000000000000e+00
0.000000000000000000e+00
0.000000000000000000e+00
0.000000000000000000e+00
0.000000000000000000e+00
0.000000000000000000e+00
0.000000000000000000e+00
0.000000000000000000e+00
0.000000000000000000e+00
0.000000000000000000e+00
0.000000000000000000e+00
1.000000000000000000e+00
0.000000000000000000e+00
0.000000000000000000e+00
0.000000000000000000e+00
0.000000000000000000e+00
0.000000000000000000e+00
0.000000000000000000e+00
0.000000000000000000e+00
0.000000000000000000e+00
0.000000000000000000e+00
0.000000000000000000e+00
0.000000000000000000e+00
0.000000000000000000e+00
0.000000000000000000e+00
0.000000000000000000e+00
0.000000000000000000e+00
0.000000000000000000e+00
0.000000000000000000e+00
0.000000000000000000e+00
0.000000000000000000e+00
0.000000000000000000e+00
0.000000000000000000e+00
1.000000000000000000e+00
0.000000000000000000e+00
0.000000000000000000e+00
0.000000000000000000e+00
0.000000000000000000e+00
0.000000000000000000e+00
1.000000000000000000e+00
