0.877603571962955 6.950469394153504e-07
1.3092290967834077 2.316823131384501e-07
1.7408546216038605 9.267292525538012e-07
2.172480146424313 4.633646262769002e-07
2.6041056712447657 2.316823131384501e-07
3.0357311960652185 2.316823131384503e-07
3.467356720885671 2.316823131384501e-07
3.8989822457061236 9.267292525538004e-07
4.330607770526576 1.1584115656922492e-06
4.76223329534703 6.950469394153509e-07
5.193858820167482 9.267292525538012e-07
5.625484344987934 0.0
6.057109869808387 4.6336462627689966e-07
6.48873539462884 2.316823131384503e-07
6.920360919449292 6.950469394153495e-07
7.351986444269746 9.267292525538012e-07
7.783611969090198 4.6336462627689966e-07
8.215237493910651 4.633646262769006e-07
8.646863018731104 0.0
9.078488543551558 6.950469394153509e-07
9.51011406837201 2.316823131384503e-07
9.941739593192462 9.267292525538012e-07
10.373365118012915 6.950469394153509e-07
10.804990642833367 4.633646262769006e-07
11.23661616765382 0.0
11.668241692474274 4.633646262769006e-07
12.099867217294726 2.316823131384503e-07
12.531492742115178 2.316823131384503e-07
12.96311826693563 9.267292525538012e-07
13.394743791756083 2.3168231313844938e-07
13.826369316576537 9.267292525538012e-07
14.25799484139699 6.950469394153509e-07
14.689620366217442 9.267292525538012e-07
15.121245891037894 9.267292525538012e-07
15.552871415858347 2.3168231313844938e-07
15.9844969406788 4.633646262769006e-07
16.416122465499253 2.3168231313845123e-07
16.847747990319704 6.95046939415348e-07
17.279373515140158 4.6336462627690247e-07
17.71099903996061 2.3168231313844938e-07
18.142624564781062 9.267292525538049e-07
18.574250089601513 0.0
19.005875614421967 6.95046939415348e-07
19.43750113924242 1.3900938788307077e-06
19.869126664062872 1.390093878830696e-06
20.300752188883326 1.3900938788307077e-06
20.732377713703777 9.267292525537975e-07
21.16400323852423 1.1584115656922562e-06
21.59562876334468 1.853458505107595e-06
22.027254288165135 0.0
22.45887981298559 9.267292525538049e-07
22.89050533780604 1.390093878830696e-06
23.322130862626494 3.243552383938318e-06
23.753756387446945 3.0118700707998417e-06
24.1853819122674 2.0851408182460442e-06
24.617007437087853 1.3900938788307077e-06
25.048632961908304 2.0851408182460442e-06
25.480258486728758 3.7069170102152198e-06
25.91188401154921 4.1702816364920884e-06
26.343509536369663 2.780187757661392e-06
26.775135061190117 5.792057828461281e-06
27.206760586010567 7.182151707291931e-06
27.63838611083102 5.328693202184379e-06
28.070011635651472 4.401963949630538e-06
28.501637160471926 4.633646262768987e-06
28.93326268529238 8.572245586122697e-06
29.36488821011283 7.182151707291931e-06
29.796513734933285 9.962339464953405e-06
30.228139259753736 1.1352433343784019e-05
30.65976478457419 1.1120751030645569e-05
31.091390309394644 1.621776191969159e-05
31.523015834215094 1.3900938788306962e-05
31.95464135903555 2.0388043556183544e-05
32.386266883856 2.2473184374429586e-05
32.81789240867646 1.6912808859106803e-05
33.24951793349691 1.807122042479905e-05
33.681143458317365 2.200981974815305e-05
34.11276898313781 2.2473184374429586e-05
34.544394507958266 2.0851408182460445e-05
34.97602003277872 2.8265242202890825e-05
35.407645557599174 2.3168231313844936e-05
35.83927108241963 2.3631595940122223e-05
36.270896607240076 2.4326642879537183e-05
36.70252213206053 2.0619725869321993e-05
37.134147656880984 3.104542996055221e-05
37.56577318170144 2.502168981895253e-05
37.99739870652189 2.8728606829168193e-05
38.42902423134234 3.150879458682911e-05
38.86064975616279 2.7570195263475472e-05
39.29227528098325 2.479000750581408e-05
39.7239008058037 2.5948419071506327e-05
40.155526330624156 2.7106830637199022e-05
40.5871518554446 3.2203841526244464e-05
41.01877738026506 3.289888846565981e-05
41.45040290508551 3.336225309193671e-05
41.882028429905965 2.849692451602974e-05
42.31365395472641 2.965533608172152e-05
42.745279479546866 2.7570195263475472e-05
43.17690500436732 3.938599323353639e-05
43.608530529187775 3.0350383021136867e-05
44.04015605400823 3.104542996055272e-05
44.471781578828676 3.0582065334275316e-05
44.90340710364913 3.0582065334275316e-05
45.335032628469584 3.637412316273655e-05
45.76665815329004 3.5215711597044304e-05
46.19828367811049 3.8922628607260135e-05
46.62990920293094 3.498402928390585e-05
47.06153472775139 2.9887018394859966e-05
47.49316025257185 3.104542996055221e-05
47.9247857773923 3.428898234449051e-05
48.356411302212756 3.591075853646024e-05
48.7880368270332 4.054440479922864e-05
49.21966235185366 3.150879458682911e-05
49.65128787667411 3.475234697076741e-05
50.082913401494565 3.869094629412104e-05
50.51453892631502 3.8922628607260135e-05
50.946164451135466 3.730085241529035e-05
51.37778997595592 4.4483004122582274e-05
51.809415500776375 4.1239451738643985e-05
52.24104102559683 4.286122793061313e-05
52.67266655041728 4.425132180944456e-05
53.10429207523773 4.077608711236709e-05
53.535917600058184 4.170281636492089e-05
53.96754312487864 4.934833269848971e-05
54.39916864969909 5.467702590067405e-05
54.830794174519546 4.610478031455218e-05
55.26241969933999 5.004337963790506e-05
55.69404522416045 4.8884968072212814e-05
56.1256707489809 4.981169732476661e-05
56.557296273801356 4.517805106199763e-05
56.98892179862181 4.888496807221362e-05
57.42054732344226 4.981169732476661e-05
57.85217284826271 4.401963949630538e-05
58.283798373083165 5.861562522402769e-05
58.71542389790362 4.795823881965902e-05
59.14704942272407 5.629880209264412e-05
59.57867494754452 5.884730753716614e-05
60.010300472364975 5.7920578284612336e-05
60.44192599718543 5.8152260597750784e-05
60.87355152200588 6.139581298168908e-05
61.30517704682634 5.861562522402866e-05
61.736802571646784 6.278590686051977e-05
62.16842809646724 6.185917760796598e-05
62.60005362128769 6.023740141599683e-05
63.03167914610815 6.417600073935047e-05
63.4633046709286 5.583543746636722e-05
63.89493019574905 6.139581298168908e-05
64.3265557205695 6.0469083729136275e-05
64.75818124538995 6.765123543642833e-05
65.1898067702104 5.6993849032057606e-05
65.62143229503086 6.695618849701296e-05
66.0530578198513 6.76512354364261e-05
66.48468334467177 6.070076604227473e-05
66.91630886949221 6.556609461818226e-05
67.34793439431266 6.533441230504164e-05
67.77955991913312 6.602945924445915e-05
68.21118544395357 6.046908372913429e-05
68.64281096877403 7.182151707292048e-05
69.07443649359448 7.691852796196646e-05
69.50606201841492 7.900366878020994e-05
69.93768754323538 7.62234810225511e-05
70.36931306805583 7.437002251744102e-05
70.80093859287629 6.880964700212059e-05
71.23256411769674 7.043142319408977e-05
71.66418964251719 8.016208034590215e-05
72.09581516733765 7.552843408313573e-05
72.5274406921581 7.413834020430257e-05
72.95906621697856 8.734423205319684e-05
73.390691741799 7.182151707292048e-05
73.82231726661945 7.552843408313325e-05
74.25394279143991 7.946703340648944e-05
74.68556831626036 7.668684564882548e-05
75.11719384108082 8.340563272984313e-05
75.54881936590127 7.830862184079717e-05
75.98044489072171 8.549077354808641e-05
76.41207041554217 8.224722116415088e-05
76.84369594036262 8.201553885100973e-05
77.27532146518308 7.552843408313573e-05
77.70694699000353 7.158983475978203e-05
78.13857251482398 8.757591436633242e-05
78.57019803964444 8.595413817436612e-05
79.00182356446489 8.155217422473283e-05
79.43344908928535 8.664918511378148e-05
79.8650746141058 8.71125497400584e-05
80.29670013892624 8.873432593202465e-05
80.7283256637467 8.340563272984313e-05
81.15995118856715 9.290460756851667e-05
81.59157671338761 8.780759667947376e-05
82.02320223820806 8.572245586122768e-05
82.4548277630285 9.359965450793199e-05
82.88645328784897 8.201553885101243e-05
83.31807881266941 9.012441981085828e-05
83.74970433748986 8.873432593202465e-05
84.18132986231032 8.039376265904325e-05
84.61295538713077 9.174619600282443e-05
85.04458091195123 8.780759667947376e-05
85.47620643677168 9.1514513689689e-05
85.90783196159212 9.475806607362422e-05
86.33945748641258 0.00010263526472033475
86.77108301123303 9.823330077070091e-05
87.20270853605349 8.919769055830447e-05
87.63433406087394 9.290460756851972e-05
88.06595958569439 9.939171233639314e-05
88.49758511051485 0.0001019402177809194
88.9292106353353 0.00010495208785171583
89.36083616015576 0.00010263526472033475
89.7924616849762 0.0001068055463568269
90.22408720979665 0.00010773227560937719
90.65571273461711 0.00011236592187214978
91.08733825943756 0.00011329265112469986
91.51896378425802 0.00011699956813491885
91.95058930907847 0.00011560947425608813
92.38221483389891 0.00010958573411448474
92.81384035871937 0.00012093816745827255
93.24546588353982 0.00011746293276119189
93.67709140836028 0.00011143919261959597
94.10871693318073 0.00012534013140790316
94.54034245800118 0.00011769461507433034
94.97196798282164 0.00011862134432688802
95.40359350764209 0.00013182723617577552
95.83521903246255 0.00013298564774147213
96.266844557283 0.0001320589184889183
96.69847008210344 0.00013924107019620577
97.1300956069239 0.0001420212579538718
97.56172113174435 0.00014155789332759023
97.99334665656481 0.0001394727525093488
98.42497218138526 0.0001424846225801487
98.8565977062057 0.00014897172734802048
99.28822323102617 0.00014225294026701024
99.71984875584661 0.0001450331280246669
100.15147428066707 0.00014711826884291777
100.58309980548752 0.00015314200898451755
101.01472533030797 0.00016356771307574257
101.44635085512843 0.00015800733756042508
101.87797637994888 0.0001587023844998352
102.30960190476934 0.00017098154709617845
102.74122742958978 0.00015962911375239422
103.17285295441023 0.0001765419226114955
103.60447847923069 0.00016588453620713247
104.03610400405114 0.00017631024029835706
104.4677295288716 0.00017793201649033203
104.89935505369205 0.00017074986478304
105.3309805785125 0.00018719930901586398
105.76260610333296 0.00017260332328814762
106.1942316281534 0.00018534585051075645
106.62585715297386 0.0001999418362384851
107.05748267779431 0.00018627257976331634
107.48910820261476 0.00020689230563263186
107.92073372743522 0.00019716164848082365
108.35235925225567 0.00020805071719832407
108.78398477707613 0.0002043438001881157
109.21561030189658 0.0002071239879457771
109.64723582671702 0.00021129426958226236
110.07886135153748 0.00021940315054211514
110.51048687635793 0.0002166229627844466
110.94211240117839 0.000230060536946484
111.37373792599884 0.0002434981111085143
111.80536345081929 0.0002495218512501059
112.23698897563975 0.00025716736758368304
112.6686145004602 0.00025693568527053614
113.10024002528066 0.0002476683927450064
113.5318655501011 0.0002606426022807598
113.96349107492155 0.00026689802473548927
114.39511659974201 0.0002569356852705446
114.82674212456246 0.00027199503562453503
115.25836764938292 0.00028033559889752835
115.68999317420337 0.00029724840775663543
116.12161869902381 0.00030118700707997925
116.55324422384427 0.00033431757785878794
116.98486974866472 0.0003220384152624393
117.41649527348518 0.0003366344009901725
117.84812079830563 0.00033895122412155697
118.27974632312608 0.0003449749642631454
118.71137184794654 0.0003667531016981714
119.14299737276698 0.00038899460375945
119.57462289758745 0.00038899460375946287
120.0062484224079 0.0004031272248609085
120.43787394722834 0.0004200400337200018
120.8694994720488 0.0004142479758915542
121.30112499686925 0.00042560040923532444
121.73275052168971 0.00044158648884189177
122.16437604651016 0.00045340228681195287
122.5960015713306 0.0004756437888732287
123.02762709615106 0.00047471705962069053
123.45925262097151 0.0004951051031768581
123.89087814579197 0.0005414415658045651
124.32250367061242 0.000553720728400903
124.75412919543287 0.0005502454937038082
125.18575472025333 0.0005592811039162259
125.61738024507378 0.000606312613483312
126.04900576989424 0.0006253105631606851
126.48063129471468 0.000645235242090592
126.91225681953513 0.0006834628237584144
127.34388234435559 0.000712654795213882
127.77550786917604 0.0007207636761736803
128.20713339399651 0.0007782208898320642
128.63875891881696 0.0007844763122868025
129.0703844436374 0.0008815512014918144
129.50200996845786 0.0009151451368968297
129.93363549327833 0.0009292777579983356
130.36526101809878 0.00104396050300187
130.79688654291922 0.0010905286479426992
131.22851206773967 0.001170690728288604
131.66013759256012 0.001279813097776731
132.0917631173806 0.0013259178780913674
132.52338864220104 0.0016071802062414496
132.9550141670215 0.0017093521063355074
133.38663969184194 0.0018242665336521803
133.81826521666238 0.0022299422639574648
134.24989074148286 0.002244306567372196
134.6815162663033 0.002601792376544829
135.11314179112375 0.002858264697189097
135.5447673159442 0.0029419020122320783
135.97639284076465 0.0033964627106095003
136.40801836558512 0.00344488431405566
136.83964389040557 0.003670774569365652
137.27126941522602 0.003954817085273396
137.70289494004646 0.004009725793487209
138.1345204648669 0.004199473607947326
138.56614598968739 0.004395476844862733
138.99777151450783 0.004465213221117408
139.42939703932828 0.004563909886514389
139.86102256414873 0.004639901685223802
140.29264808896917 0.00466005804646654
140.72427361378965 0.004618586912415064
141.1558991386101 0.004685543100912077
141.58752466343054 0.0046468521546179555
142.019150188251 0.004712418249236137
142.45077571307144 0.004689250017921983
142.8824012378919 0.004615806724657403
143.31402676271236 0.0047230756356405066
143.7456522875328 0.004613721583839157
144.17727781235325 0.004588699894020203
144.6089033371737 0.004652180847819833
145.04052886199418 0.00460121073892968
145.47215438681462 0.0045676168035246045
145.90377991163507 0.00462067205323331
146.33540543645552 0.0045703969912822655
146.76703096127596 0.0045583495109987665
147.19865648609644 0.004538888196695436
147.6302820109169 0.004505062578977222
148.06190753573733 0.004526609034099098
148.49353306055778 0.004400110491125503
148.92515858537823 0.004493478463320003
149.3567841101987 0.00437045515504378
149.78840963501915 0.0043231919631635364
150.2200351598396 0.004380649176821873
150.65166068466004 0.004304889060425599
151.0832862094805 0.004324350374728944
151.51491173430097 0.004279867370606645
151.9465372591214 0.004241639788938801
152.37816278394186 0.004179317246704556
152.8097883087623 0.004122555079985635
153.24141383358275 0.004039844494194942
153.67303935840323 0.004014822804376255
154.10466488322368 0.004002311959466778
154.53629040804412 0.004000458500961672
154.96791593286457 0.003959914096162441
155.39954145768502 0.003970571482566549
155.8311669825055 0.0039240033376259816
156.26279250732594 0.0038899460375946284
156.6944180321464 0.003854266961371307
157.12604355696683 0.003907553893393151
157.55766908178728 0.003836427423259393
157.98929460660776 0.0038832272505136133
158.4209201314282 0.0038681679001596144
158.85254565624865 0.003827391813047246
159.2841711810691 0.003764837588499864
159.71579670588955 0.0037539485197821093
160.14742223071002 0.0037490831912064494
160.57904775553047 0.003741901039499157
161.01067328035091 0.0036691527931736827
161.44229880517136 0.0037140991619225433
161.8739243299918 0.003731011970781404
162.30554985481228 0.003620499507414608
162.73717537963273 0.003606135204000024
163.16880090445318 0.0035556284597358413
163.60042642927363 0.003528521629098642
164.03205195409407 0.003582966972685942
164.46367747891455 0.0034801000256527046
164.895303003735 0.003464808992985567
165.32692852855544 0.0034187042126710148
165.7585540533759 0.003366112327588586
166.19017957819634 0.0033955359813571694
166.62180510301678 0.003365880645275226
167.05343062783726 0.003283633424111297
167.4850561526577 0.003386268688831632
167.91668167747815 0.003276451272404005
168.3483072022986 0.0032996195037178497
168.77993272711905 0.0033193125003344003
169.21155825193952 0.00325768500503979
169.64318377675997 0.0032755245431514506
170.07480930158042 0.003217140600240561
170.50643482640086 0.003224554434260991
170.9380603512213 0.003213897047856411
171.36968587604179 0.003201849567573423
171.80131140086223 0.003174974419249362
172.23293692568268 0.0031302597328136408
172.66456245050313 0.003179376383198993
173.09618797532357 0.0031823882532695832
173.52781350014405 0.0030943489742771804
173.9594390249645 0.003135820108328964
174.39106454978494 0.0030890202810749962
174.8226900746054 0.003103847949115857
175.25431559942584 0.0031080182307521445
175.6859411242463 0.0030241492333962293
176.11756664906676 0.0029914820272437075
176.5491921738872 0.003092032151145796
176.98081769870765 0.002994262215001369
177.4124432235281 0.0030144185762442156
177.84406874834858 0.0030216007279517064
178.27569427316902 0.002968777160556139
178.70731979798947 0.0029400485537269708
179.13894532280992 0.002982678099344446
179.57057084763036 0.0029782761353946193
180.00219637245084 0.00293564658977734
180.4338218972713 0.0029409752829795245
180.86544742209173 0.0029071496652613104
181.29707294691218 0.0029745692183846006
181.72869847173263 0.002929854531948686
182.1603239965531 0.0029235991094941406
182.59194952137355 0.0029597415503437394
183.023575046194 0.002946303976181709
183.45520057101444 0.002920123874797064
183.8868260958349 0.002932634719706347
184.31845162065537 0.002953949492515278
184.7500771454758 0.002909003123766418
185.18170267029626 0.0029291594850094638
185.6133281951167 0.0029229040625547253
186.04495371993715 0.0029386584598479464
186.47657924475763 0.0029425970591714936
186.90820476957808 0.0029124783584634946
187.33983029439852 0.002931476308140848
187.77145581921897 0.002969472207495554
188.20308134403942 0.0029516326693836987
188.6347068688599 0.002979202864647369
189.06633239368034 0.0029984324966378607
189.4979579185008 0.0030227591395173984
189.92958344332123 0.0029975057673853073
190.36120896814168 0.0030243809157091683
190.79283449296216 0.003066315414387428
191.2244600177826 0.0030355016667400134
191.65608554260305 0.0030366600783057057
192.0877110674235 0.003086471775630473
192.51933659224395 0.0030672421436397797
192.95096211706442 0.0031128835593282568
193.38258764188487 0.0031569031988245627
193.81421316670531 0.0031321131913187483
194.24583869152576 0.0031019944906107494
194.6774642163462 0.0031650120797842
195.10908974116668 0.00317983974782527
195.54071526598713 0.0032254811635135452
195.97234079080758 0.0032618552866762822
196.40396631562803 0.0032361385499179137
196.83559184044847 0.0032857185649293264
197.26721736526895 0.0032859502472426813
197.6988428900894 0.0033577717643156015
198.13046841490984 0.0032982294098390192
198.5620939397303 0.0033855736418922163
198.99371946455074 0.003433763563024788
199.4253449893712 0.003372136067730186
199.85697051419166 0.0034386288916009216
200.2885960390121 0.0033943775697914775
200.72022156383255 0.0035187909719468268
201.151847088653 0.003484501989602106
201.58347261347348 0.0035097553617344274
202.01509813829392 0.0035435809794526416
202.44672366311437 0.003529680040664334
202.87834918793482 0.003573467997847502
203.30997471275526 0.0035820402434333888
203.74160023757574 0.0035282899467855037
204.17322576239619 0.0036408875509707918
204.60485128721663 0.003664055782284637
205.03647681203708 0.0036557152190116525
205.46810233685753 0.003696491306123777
205.899727861678 0.0036825903673357134
206.33135338649845 0.003700198223134236
206.7629789113189 0.0037659960000655563
207.19460443613934 0.003720586266690419
207.6262299609598 0.0038042235817331506
208.05785548578027 0.0037796652565407255
208.4894810106007 0.003796578065399832
208.92110653542116 0.00387326491104866
209.3527320602416 0.003844304621906354
209.78435758506205 0.003838975928703916
210.21598310988253 0.003871411452543552
210.64760863470298 0.0039045420233223514
211.07923415952342 0.003928636983888751
211.51085968434387 0.003913809315847889
211.94248520916432 0.003922381561433754
212.3741107339848 0.003965474471677765
212.80573625880524 0.004029187107790839
213.2373617836257 0.003998141677830286
213.66898730844613 0.0040379910356901005
214.10061283326658 0.004002311959466515
214.53223835808706 0.004070194877216345
214.9638638829075 0.00404864842209447
215.39548940772795 0.004105410588813391
215.8271149325484 0.004061854313943361
216.25874045736884 0.004121396668419672
216.69036598218932 0.004133444148703143
217.12199150700977 0.004134139195642559
217.5536170318302 0.0041109709643287135
217.98524255665066 0.004203180524957818
218.4168680814711 0.004157539109269268
218.84849360629158 0.004197620149442495
219.28011913111203 0.0042444199766964626
219.71174465593248 0.004257625868545354
220.14337018075292 0.004303498966546768
220.57499570557337 0.004317863269961067
221.00662123039385 0.00430465737811246
221.4382467552143 0.004359797768639411
221.86987228003474 0.004338251313517536
222.3014978048552 0.0043611878625182425
222.73312332967564 0.004363273003336201
223.1647488544961 0.004382270953013842
223.59637437931656 0.004450617235389685
224.027999904137 0.004468225091188208
224.45962542895745 0.0044596528456020855
224.8912509537779 0.004530779315735292
225.32287647859837 0.00453680305587719
225.75450200341882 0.0045896266232727575
226.18612752823927 0.004547923806907836
226.61775305305972 0.0046278542049406025
227.04937857788016 0.004627159158000882
227.48100410270064 0.004603064197434788
227.91262962752108 0.004675349079133985
228.34425515234153 0.004666313468921586
228.77588067716198 0.004778679390793735
229.20750620198243 0.004738134985994194
229.6391317268029 0.004784934813248473
230.07075725162335 0.004732111245852906
230.5023827764438 0.004880156243948378
230.93400830126424 0.004881778020140347
231.3656338260847 0.004918615507929038
231.79725935090516 0.004863475117402409
232.2288848757256 0.004951051031768744
232.66051040054606 0.004951514396395022
233.0921359253665 0.005073379293105847
233.52376145018695 0.005056234801933269
233.95538697500743 0.005070135740721909
234.38701249982788 0.005098632665237939
234.81863802464832 0.00514937109181526
235.25026354946877 0.005163040348290428
235.68188907428922 0.005130604824450708
236.1135145991097 0.005227448031342919
236.54514012393014 0.005260578602121718
236.9767656487506 0.005299732913042116
237.40839117357103 0.005292319079021686
237.84001669839148 0.005376188076377452
238.27164222321196 0.005367152466165406
238.7032677480324 0.005423682950571189
239.13489327285285 0.005451021463521526
239.5665187976733 0.005424609679823743
239.99814432249374 0.005535585507816697
240.42976984731422 0.005513807370382047
240.86139537213467 0.005612272353465889
241.2930208969551 0.005625246563001643
241.72464642177556 0.005608333754142536
242.156271946596 0.005671119661002684
242.58789747141648 0.005742709495762839
243.01952299623693 0.005742477813449701
243.45114852105738 0.005791826146148191
243.88277404587782 0.005782095488996376
244.31439957069827 0.005912995995919213
244.74602509551875 0.005881487201332772
245.1776506203392 0.006004047144983014
245.60927614515964 0.005919946465313755
246.0409016699801 0.0060700766042274725
246.47252719480053 0.006005900603487726
246.904152719621 0.006138654568916455
247.33577824444146 0.006096488387925257
247.7674037692619 0.006194490006382823
248.19902929408235 0.006213487956060176
248.6306548189028 0.006362228001094644
249.06228034372327 0.006302453964305342
249.49390586854372 0.0063397548167206325
249.92553139336417 0.006443780175319798
250.35715691818461 0.006469033547451889
250.78878244300506 0.006430110918844206
251.22040796782554 0.006583484610142285
251.65203349264598 0.006580704422384624
252.08365901746643 0.006598080595870008
252.51528454228688 0.006632369578214499
252.94691006710732 0.006791767009653308
253.3785355919278 0.006712995023186681
253.81016111674825 0.0067741591538552325
254.2417866415687 0.006858954880463907
254.67341216638914 0.006914790317930274
255.1050376912096 0.006920119011132001
255.53666321603006 0.006998659315286393
255.9682887408505 0.006998427632973716
256.39991426567093 0.007143229078684788
256.8315397904914 0.007095270839865129
257.2631653153118 0.007111951966411096
257.69479084013227 0.007247949484223369
258.1264163649527 0.007179139837221248
258.55804188977316 0.007320929412861017
258.98966741459367 0.007417077572814439
259.4212929394141 0.00742171121907721
259.85291846423456 0.007496081241594652
260.284543989055 0.007512994050453759
260.71616951387546 0.007523651436858128
261.1477950386959 0.007584352202900403
261.57942056351635 0.007690231020004676
262.0110460883368 0.007735640753379814
262.44267161315724 0.007777343569744735
262.8742971379777 0.00793581427193039
263.3059226627982 0.007857737332403778
263.73754818761864 0.007893184726313961
264.1691737124391 0.00799975859035765
264.60079923725954 0.007979370546801465
265.03242476208 0.00803705944277294
265.46405028690043 0.008158692657170627
265.8956758117209 0.008113282923795491
266.3273013365413 0.008266424932780009
266.7589268613618 0.008306042608326685
267.1905523861822 0.008335697944407309
267.6221779110027 0.008391533381874773
268.05380343582317 0.008529384358192154
268.4854289606436 0.00836975524443976
268.91705448546406 0.008490461729584894
269.3486800102845 0.008545833802424983
269.78030553510496 0.008665150193691287
270.2119310599254 0.008566916892920584
270.64355658474585 0.008734191523006547
271.0751821095663 0.008692257024328486
271.50680763438675 0.008712876750196661
271.93843315920725 0.00867233234539858
272.3700586840277 0.008769175552290452
272.80168420884814 0.008785856678836421
273.2333097336686 0.008894747366011495
273.66493525848904 0.00894316896945743
274.0965607833095 0.008946875886467646
274.52818630812993 0.00887737119252611
274.9598118329504 0.008872274181637064
275.3914373577708 0.008938767005507801
275.8230628825913 0.008827327812887042
276.2546884074118 0.008936218500063276
276.6863139322322 0.008832424823777251
277.11793945705267 0.008952899626609246
277.5495649818731 0.008922780925901248
277.98119050669357 0.008840765387050234
278.412816031514 0.008801611076129836
278.84444155633446 0.0087622250828963
279.2760670811549 0.008806476404705743
279.70769260597535 0.008841228751676512
280.1393181307958 0.008764773588339667
280.5709436556163 0.008758518165886084
281.00256918043675 0.008793502195169991
281.4341947052572 0.008654029442660641
281.86582023007765 0.008689708518883963
282.2974457548981 0.008654492807286918
282.72907127971854 0.00853587146296003
283.160696804539 0.008517568560222092
283.59232232935943 0.00850297257449437
284.0239478541799 0.008465440039765942
284.4555733790003 0.008394545251944467
284.88719890382083 0.008315773265478499
285.3188244286413 0.0082645714742749
285.7504499534617 0.008261327921890963
286.1820754782822 0.008113977970734907
286.6137010031026 0.008056520757076571
287.04532652792307 0.008100772078886015
287.4769520527435 0.00797265175972045
287.90857757756396 0.00794577661139639
288.3402031023844 0.007850323498383348
288.77182862720485 0.007852640321513697
289.20345415202536 0.00774652982209732
289.6350796768458 0.0076927795254492
290.06670520166625 0.007515079191272006
290.4983307264867 0.007607520434214249
290.92995625130715 0.007556550325323788
291.3615817761276 0.007378386626520318
291.79320730094804 0.007345719420367797
292.2248328257685 0.007255363318243799
292.65645835058893 0.007180298248786941
293.0880838754094 0.0071309499160875115
293.5197094002299 0.0070468492364191915
293.95133492505033 0.006968077249952118
294.3829604498708 0.006879342924020091
294.8145859746912 0.006842273753917938
295.2462114995117 0.006808911500826
295.6778370243321 0.006726895961974988
296.10946254915257 0.006617541910173638
296.541088073973 0.00648247112161392
296.97271359879346 0.006393041748742477
297.4043391236139 0.00630407574049648
297.8359646484344 0.00623989973975796
298.26759017325486 0.006173175233574085
298.6992156980753 0.006188466266241223
299.13084122289575 0.00610042698724861
299.5624667477162 0.006003583780356737
299.99409227253665 0.005941956285061908
300.4257177973571 0.0058580872877057885
300.85734332217754 0.005678996859649764
301.288968846998 0.005707725466478932
301.72059437181844 0.005532805320058671
302.15221989663894 0.005481140164229525
302.5838454214594 0.005421134445126666
303.01547094627983 0.0053222060974165465
303.4470964711003 0.0052269846667166425
303.8787219959207 0.00518690362654369
304.3103475207412 0.005139408752350307
304.7419730455616 0.005026347783538741
305.17359857038207 0.004930431305899422
305.6052240952025 0.004886643348716254
306.03684962002296 0.004730952834286591
306.46847514484347 0.004749024054712014
306.9001006696639 0.004679751043083616
307.33172619448436 0.004570860355908543
307.7633517193048 0.00455186240623119
308.19497724412525 0.004416328253045194
308.6266027689457 0.0043173999053350755
309.05822829376615 0.004237932871928586
309.4898538185866 0.004219629969190648
309.92147934340704 0.004075060205792253
310.3531048682275 0.00404795337515452
310.784730393048 0.003993739713880656
311.21635591786844 0.0039017618355646896
311.6479814426889 0.003854035279058169
312.07960696750933 0.0037212813136298347
312.5112324923298 0.003712014021104297
312.94285801715023 0.003664982511537191
313.3744835419707 0.0035646640699482407
313.8061090667911 0.0034923791882490434
314.23773459161157 0.0034203259888629842
314.669360116432 0.0033582351289414363
315.1009856412525 0.0032803898717273586
315.53261116607297 0.003183083300209208
315.9642366908934 0.0032027762968259766
316.39586221571386 0.0030392085837502286
316.8274877405343 0.003010711659234199
317.25911326535476 0.002916648640099987
317.6907387901752 0.0028985774196751877
318.12236431499565 0.0028610448849467583
318.5539898398161 0.0027329245657811935
318.98561536463654 0.0026796376337589966
319.41724088945705 0.002662029777960827
319.8488664142775 0.00259715873028206
320.28049193909794 0.002552675726159477
320.7121174639184 0.0024910482308646486
321.14374298873884 0.002432895970266897
321.5753685135593 0.0024060208219428363
322.00699403837973 0.002310336026616655
322.4386195632002 0.0022491718959481034
322.8702450880206 0.0021843008482693364
323.30187061284107 0.0021845325305821874
323.7334961376616 0.0020944081107716166
324.165121662482 0.002058729034548295
324.59674718730247 0.00200104013857682
325.0283727121229 0.001951460123565191
325.45999823694336 0.001913695906523623
325.8916237617638 0.0018668960792696558
326.32324928658426 0.0018226447574602113
326.7548748114047 0.0017871973635500279
327.18650033622515 0.0017253381859420609
327.6181258610456 0.001685025463455748
328.0497513858661 0.001612972264069911
328.48137691068655 0.001599766372221019
328.913002435507 0.0015325785014108676
329.34462796032744 0.0014911073673590848
329.7762534851479 0.0014880954972882848
330.20787900996834 0.0013988978067299802
330.6395045347888 0.001399361171356257
331.07113005960923 0.0013238327372731213
331.5027555844297 0.0013066882461008759
331.9343811092501 0.0012721675814432462
332.3660066340706 0.0012457557977452987
332.7976321588911 0.0012432072923009396
333.2292576837115 0.0011929322303498953
333.66088320853197 0.0011241225833477748
334.0925087333524 0.0011016493989733447
334.52413425817286 0.00108890687175073
334.9557597829933 0.0010075863798391328
335.38738530781376 0.000997392358061041
335.8190108326342 0.0009633350580296883
336.25063635745465 0.0009174619600282746
336.6822618822751 0.0009010125157953258
337.1138874070956 0.0008790026960472912
337.54551293191605 0.0008586146524911075
337.9771384567365 0.0008780759667947376
338.40876398155694 0.0008136682837422475
338.8403895063774 0.0007879515469838793
339.27201503119784 0.0007599179870941264
339.7036405560183 0.0006987538564255748
340.13526608083873 0.0007186785353554818
340.5668916056592 0.0006992172210518517
340.9985171304796 0.0006755856251116404
341.43014265530013 0.0006429184189592075
341.8617681801206 0.0006234571046555775
342.293393704941 0.0006051542019176397
342.7250192297615 0.0005780473712804406
343.1566447545819 0.000569011761068041
343.58827027940237 0.0005319425909658885
344.0198958042228 0.0005358811902892423
344.45152132904326 0.0005238337100060427
344.8831468538637 0.0004710101426104753
345.31477237868415 0.0004814358467016423
345.74639790350466 0.0004571092038221681
346.1780234283251 0.00046776659022653696
346.60964895314555 0.00043533106638715354
347.041274477966 0.0004260637738616154
347.47290000278645 0.0003964084377798934
347.9045255276069 0.0003746303003448788
348.33615105242734 0.00037022833639524814
348.7677765772478 0.0003489135635865105
349.19940210206823 0.00034149972956608
349.6310276268887 0.00033478094248502076
350.0626531517092 0.00032922056696974196
350.49427867652963 0.00031601467512085016
350.9259042013501 0.000301650371706266
351.3575297261705 0.0002974800900697739
351.789155250991 0.00026597129548294426
352.2207807758114 0.00025925250840192913
352.65240630063187 0.0002434981111085143
353.0840318254523 0.00024372979342165272
353.51565735027276 0.00022820707844137638
353.9472828750932 0.00023585259477491426
354.3789083999137 0.00020920912876402323
354.81053392473416 0.00020619725869322334
355.2421594495546 0.00020110024780417733
355.67378497437505 0.00018905276752097778
356.1054104991955 0.00019692996616768517
356.53703602401595 0.00017770033417719358
356.9686615488364 0.00017376173485383987
357.40028707365684 0.0001765419226115013
357.8319125984773 0.00016009247837867115
358.26353812329774 0.000163336030762588
358.69516364811824 0.00014619153959036395
359.1267891729387 0.0001415578933275949
359.55841469775913 0.00013090050692322604
359.9900402225796 0.00013808265863051808
360.4216657474 0.00014132621101445642
360.8532912722205 0.00012441340215534936
361.2849167970409 0.00011954807357944184
361.71654232186137 0.00010425704091230393
362.1481678466818 0.00011051246336704217
362.57979337150226 0.00010587881710425915
363.01141889632277 9.267292525538126e-05
363.4430444211432 8.75759143663353e-05
363.87466994596366 9.823330077070415e-05
364.3062954707841 8.340563272984313e-05
364.73792099560455 7.251656401233584e-05
365.169546520425 8.062544497218171e-05
365.60117204524545 8.039376265904325e-05
366.0327975700659 7.715021027510491e-05
366.46442309488634 7.205319938605894e-05
366.8960486197068 6.602945924445045e-05
367.3276741445273 6.880964700212059e-05
367.75929966934774 5.977403678972092e-05
368.1909251941682 5.09701088904597e-05
368.62255071898863 6.255422454738235e-05
369.0541762438091 5.7688895971474836e-05
369.4858017686295 5.236020276929041e-05
369.91742729345 5.3518614334982684e-05
370.3490528182704 4.309291024375229e-05
370.78067834309087 3.66058054758756e-05
371.2123038679113 4.0776087112362385e-05
371.6439293927318 4.077608711236776e-05
372.07555491755227 3.66058054758756e-05
372.5071804423727 3.0350383021137365e-05
372.93880596719316 3.452066465762952e-05
373.3704314920136 3.220384152624499e-05
373.80205701683406 2.7570195263475926e-05
374.2336825416545 3.66058054758756e-05
374.66530806647495 3.0118700707998913e-05
375.0969335912954 2.7106830637199022e-05
375.52855911611584 2.3863278253257534e-05
375.96018464093635 2.4326642879537586e-05
376.3918101657568 2.3631595940122223e-05
376.82343569057724 2.5948419071506754e-05
377.2550612153977 2.5253372132091398e-05
377.68668674021814 1.969299661676852e-05
378.1183122650386 1.5754397293414813e-05
378.54993778985903 1.6912808859107084e-05
378.9815633146795 1.4132621101445645e-05
379.4131888394999 1.5059350353999457e-05
379.84481436432037 1.1584115656921133e-05
380.2764398891409 1.2974209535753377e-05
380.7080654139613 1.4364303414584097e-05
381.13969093878177 1.0425704091230392e-05
381.5713164636022 1.320589184889183e-05
382.00294198842266 1.1584115656922658e-05
382.4345675132431 1.2510844909476471e-05
382.86619303806356 7.413834020430501e-06
383.297818562884 1.019402177809194e-05
383.72944408770445 1.1352433343784205e-05
384.1610696125249 9.49897483867533e-06
384.5926951373454 6.023740141599783e-06
385.02432066216585 6.023740141599783e-06
385.4559461869863 7.645516333568954e-06
385.88757171180674 7.182151707292048e-06
386.3191972366272 4.865328575907517e-06
386.75082276144764 5.560375515322876e-06
387.1824482862681 6.718787081015142e-06
387.61407381108853 4.401963949630611e-06
388.045699335909 3.4752346970767973e-06
388.4773248607294 3.7069170102147624e-06
388.90895038554993 4.865328575907517e-06
389.3405759103704 3.938599323353703e-06
389.7722014351908 3.938599323353703e-06
390.20382696001127 4.401963949630611e-06
390.6354524848317 3.7069170102152507e-06
391.06707800965216 4.401963949630611e-06
391.4987035344726 2.316823131384532e-06
391.93032905929306 3.4752346970767973e-06
392.3619545841135 3.4752346970767973e-06
392.79358010893395 2.548505444522649e-06
393.22520563375446 2.316823131384532e-06
393.6568311585749 1.390093878830719e-06
394.08845668339535 1.158411565692266e-06
394.5200822082158 1.8534585051076253e-06
394.95170773303624 2.316823131384532e-06
395.3833332578567 1.158411565692266e-06
395.81495878267714 2.548505444522985e-06
396.2465843074976 9.267292525538127e-07
396.67820983231803 1.390093878830719e-06
397.1098353571385 1.8534585051073812e-06
397.541460881959 6.950469394153595e-07
397.97308640677943 1.390093878830719e-06
398.4047119315999 4.6336462627690633e-07
398.8363374564203 9.267292525538127e-07
399.26796298124077 6.950469394153595e-07
399.6995885060612 9.267292525538127e-07
400.13121403088167 4.6336462627690633e-07
400.5628395557021 4.6336462627690633e-07
400.99446508052256 9.267292525538127e-07
401.426090605343 9.267292525536906e-07
401.8577161301635 0.0
402.28934165498396 0.0
402.7209671798044 6.950469394153595e-07
403.15259270462485 4.6336462627690633e-07
403.5842182294453 2.3168231313845317e-07
404.01584375426575 0.0
404.4474692790862 4.6336462627690633e-07
404.87909480390664 9.267292525538127e-07
405.3107203287271 0.0
405.74234585354753 9.267292525536906e-07
406.17397137836804 0.0
406.6055969031885 2.3168231313845317e-07
407.03722242800893 0.0
407.4688479528294 2.3168231313845317e-07
407.9004734776498 2.3168231313845317e-07
408.3320990024703 6.950469394153595e-07
408.7637245272907 0.0
409.19535005211117 0.0
409.6269755769316 2.3168231313845317e-07
410.05860110175206 2.3168231313842265e-07
410.49022662657256 0.0
410.921852151393 2.3168231313845317e-07
411.35347767621346 0.0
411.7851032010339 0.0
412.21672872585435 2.3168231313845317e-07
412.6483542506748 0.0
413.07997977549525 2.3168231313845317e-07
413.5116053003157 0.0
413.94323082513614 2.3168231313845317e-07
414.3748563499566 0.0
414.8064818747771 0.0
415.23810739959754 0.0
415.669732924418 2.3168231313845317e-07
416.10135844923843 0.0
416.5329839740589 0.0
416.9646094988793 0.0
417.3962350236998 4.6336462627690633e-07
417.8278605485202 0.0
418.25948607334067 0.0
418.6911115981611 0.0
419.1227371229816 0.0
419.55436264780207 2.3168231313845317e-07
419.9859881726225 0.0
420.41761369744296 0.0
420.8492392222634 0.0
421.28086474708385 0.0
421.7124902719043 0.0
422.14411579672475 0.0
422.5757413215452 0.0
423.00736684636564 0.0
423.43899237118615 0.0
423.8706178960066 0.0
424.30224342082704 0.0
424.7338689456475 0.0
425.16549447046793 2.3168231313845317e-07
425.5971199952884 0.0
426.0287455201088 0.0
426.4603710449293 0.0
426.8919965697497 0.0
427.32362209457017 0.0
427.7552476193907 0.0
428.1868731442111 0.0
428.61849866903157 0.0
429.050124193852 0.0
429.48174971867246 0.0
429.9133752434929 0.0
430.34500076831335 0.0
430.7766262931338 0.0
431.20825181795425 0.0
431.6398773427747 0.0
432.0715028675952 0.0
432.50312839241565 2.3168231313845317e-07
