0.6726855471223109 1.1237638631767091e-06
1.1176188791005934 2.2475277263534186e-07
1.5625522110788759 4.495055452706833e-07
2.0074855430571588 6.742583179060257e-07
2.452418875035441 2.2475277263534186e-07
2.8973522070137236 2.2475277263534165e-07
3.3422855389920065 6.742583179060257e-07
3.787218870970289 4.4950554527068414e-07
4.232152202948571 8.990110905413666e-07
4.677085534926854 6.742583179060263e-07
5.122018866905136 1.7980221810827332e-06
5.566952198883419 0.0
6.011885530861702 4.4950554527068414e-07
6.456818862839984 6.74258317906025e-07
6.9017521948182665 4.4950554527068414e-07
7.3466855267965485 1.1237638631767083e-06
7.791618858774831 6.74258317906025e-07
8.236552190753114 4.495055452706824e-07
8.681485522731398 6.742583179060263e-07
9.12641885470968 6.742583179060263e-07
9.571352186687962 4.495055452706824e-07
10.016285518666246 6.742583179060263e-07
10.461218850644528 6.742583179060263e-07
10.90615218262281 0.0
11.351085514601094 4.4950554527068414e-07
11.796018846579376 1.5732694084473946e-06
12.240952178557658 6.742583179060263e-07
12.68588551053594 1.1237638631767061e-06
13.130818842514223 1.5732694084473946e-06
13.575752174492505 6.742583179060263e-07
14.020685506470787 4.495055452706824e-07
14.465618838449071 4.4950554527068414e-07
14.910552170427353 1.1237638631767106e-06
15.355485502405635 8.990110905413648e-07
15.800418834383919 8.990110905413721e-07
16.2453521663622 0.0
16.690285498340483 2.2475277263534302e-07
17.135218830318763 4.495055452706824e-07
17.580152162297047 4.495055452706824e-07
18.02508549427533 0.0
18.47001882625361 6.742583179060235e-07
18.914952158231895 2.247527726353412e-07
19.35988549021018 1.1237638631767148e-06
19.80481882218846 1.5732694084473884e-06
20.249752154166742 6.742583179060235e-07
20.694685486145026 1.1237638631767148e-06
21.139618818123306 1.7980221810827296e-06
21.58455215010159 8.990110905413648e-07
22.029485482079874 4.4950554527068605e-07
22.474418814058154 1.1237638631767061e-06
22.919352146036438 2.022774953718087e-06
23.364285478014718 3.146538816894777e-06
23.809218809993002 2.921786044259436e-06
24.254152141971286 2.2475277263534297e-06
24.699085473949566 2.4722804989887532e-06
25.14401880592785 2.2475277263534123e-06
25.588952137906134 4.495055452706859e-06
26.033885469884414 3.146538816894777e-06
26.478818801862698 4.4950554527068246e-06
26.92375213384098 8.091099814872348e-06
27.36868546581926 4.7198082253421655e-06
27.813618797797545 5.843572088518872e-06
28.25855212977583 4.944560997977546e-06
28.70348546175411 3.8207971348008e-06
29.148418793732393 1.0113874768590355e-05
29.593352125710677 8.31585258750769e-06
30.038285457688957 1.0563380313861037e-05
30.48321878966724 1.4384177448661837e-05
30.928152121645525 1.3709919130755923e-05
31.373085453623805 2.090200785508673e-05
31.81801878560209 1.955349121927453e-05
32.262952117580376 2.247527726353412e-05
32.70788544955866 2.202577171826379e-05
33.152818781536936 1.842972735609798e-05
33.59775211351522 2.1126760627722073e-05
34.042685445493504 2.067725508245139e-05
34.48761877747179 2.2025771718263437e-05
34.93255210945007 2.090200785508673e-05
35.377485441428355 2.2250524490899133e-05
35.82241877340663 2.067725508245139e-05
36.267352105384916 2.9667365987865037e-05
36.7122854373632 2.6970332716240942e-05
37.15721876934148 3.2589152032124475e-05
37.60215210131977 3.05663770784064e-05
38.04708543329805 2.9892118760500858e-05
38.49201876527633 2.7419838261511626e-05
38.93695209725461 2.8543602124688333e-05
39.381885429232895 2.6296074398334922e-05
39.82681876121118 2.5172310535158215e-05
40.27175209318946 2.989211876050038e-05
40.716685425167746 3.528618530374913e-05
41.16161875714602 3.2589152032124475e-05
41.60655208912431 3.506143253111323e-05
42.05148542110259 3.101588262367708e-05
42.496418753080874 3.393766866793652e-05
42.94135208505916 3.0341624305771064e-05
43.38628541703744 2.8768354897324134e-05
43.83121874901572 3.573569084901925e-05
44.276152080994 3.05663770784064e-05
44.721085412972286 3.483667975847788e-05
45.16601874495057 3.146538816894777e-05
45.610952076928854 3.0791129851042235e-05
46.05588540890713 2.989211876050038e-05
46.500818740885414 3.43871742132072e-05
46.9457520728637 4.000599352909073e-05
47.39068540484198 3.416242144057186e-05
47.835618736820265 3.528618530374857e-05
48.28055206879855 3.5735690849019826e-05
48.725485400776826 3.573569084901925e-05
49.17041873275511 4.000599352909073e-05
49.61535206473339 4.023074630172608e-05
50.06028539671168 3.528618530374857e-05
50.50521872868996 4.000599352909073e-05
50.950152060668245 3.730896025746724e-05
51.39508539264652 4.112975739226744e-05
51.840018724624805 4.6748576708150975e-05
52.28495205660309 3.70842074848313e-05
52.72988538858137 4.517530729970358e-05
53.17481872055966 4.068025184699676e-05
53.61975205253794 4.382679066389223e-05
54.06468538451622 4.629907116288029e-05
54.5096187164945 4.607431839024495e-05
54.954552048472785 5.439017097775258e-05
55.39948538045107 4.6748576708150975e-05
55.84441871242935 4.8321846116598355e-05
56.289352044407636 4.000599352909137e-05
56.73428537638591 4.2703026800714826e-05
57.179218708364196 4.899610443450438e-05
57.62415204034248 5.034462107031643e-05
58.069085372320764 4.8321846116598355e-05
58.51401870429905 4.8771351661869815e-05
58.958952036277324 5.23673960240345e-05
59.40388536825561 4.7872340571327675e-05
59.84881870023389 5.573868761356462e-05
60.293752032212176 5.88852264304594e-05
60.73868536419046 4.944560997977506e-05
61.18361869616874 5.686245147674223e-05
61.62855202814702 5.955948474836542e-05
62.073485360125304 6.180701247471884e-05
62.51841869210359 6.98981122895911e-05
62.96335202408187 6.607731515479031e-05
63.408285356060155 5.506442929565859e-05
63.85321868803844 6.248127079262586e-05
64.29815202001672 5.7536709794646425e-05
64.743085351995 6.495355129161464e-05
65.18801868397328 6.495355129161464e-05
65.63295201595156 7.124662892540202e-05
66.07788534792985 6.42792929737086e-05
66.52281867990813 6.338028188316521e-05
66.96775201188642 6.495355129161464e-05
67.4126853438647 6.495355129161258e-05
67.85761867584299 5.955948474836637e-05
68.30255200782126 6.0008990293637056e-05
68.74748533979954 6.495355129161258e-05
69.19241867177783 7.07971233801336e-05
69.6373520037561 7.304465110648471e-05
70.0822853357344 7.349415665175775e-05
70.52721866771267 7.102187615276896e-05
70.97215199969095 7.147138169803736e-05
71.41708533166924 7.596643715074653e-05
71.86201866364752 7.461792051493208e-05
72.30695199562581 7.933772874027672e-05
72.75188532760409 7.32694038791224e-05
73.19681865958236 7.214564001594338e-05
73.64175199156065 6.360503465580259e-05
74.08668532353893 6.899910119904865e-05
74.53161865551722 7.484267328756981e-05
74.9765519874955 7.843871764973282e-05
75.42148531947379 8.023673983081809e-05
75.86641865145207 7.169613447067499e-05
76.31135198343034 8.068624537608621e-05
76.75628531540863 8.270902032980687e-05
77.20121864738691 7.551693160547344e-05
77.6461519793652 8.091099814872412e-05
78.09108531134348 7.52921788328405e-05
78.53601864332175 8.383278419298093e-05
78.98095197530004 8.136050369399482e-05
79.42588530727832 9.304764787102977e-05
79.87081863925661 9.169913123522067e-05
80.31575197123489 9.237338955312376e-05
80.76068530321318 8.270902032980687e-05
81.20561863519146 8.18100092392655e-05
81.65055196716973 8.877734519095836e-05
82.09548529914802 9.057536737204395e-05
82.5404186311263 8.270902032980424e-05
82.98535196310459 8.630506469197241e-05
83.43028529508287 8.540605360143102e-05
83.87521862706114 8.315852587507492e-05
84.32015195903944 9.304764787103275e-05
84.76508529101771 9.124962568994707e-05
85.210018622996 8.360803142034826e-05
85.65495195497428 9.889121995954855e-05
86.09988528695257 0.00010046448936799912
86.54481861893085 0.00010271201709435256
86.98975195090912 9.035061459940572e-05
87.43468528288741 0.00010068924214063446
87.87961861486569 9.596943391528916e-05
88.32455194684398 0.00010361102818489393
88.76948527882226 0.00010473479204807068
89.21441861080054 0.00010698231977442069
89.65935194277883 0.00010810608363760084
90.1042852747571 0.00010248726432171395
90.5492186067354 0.00011282589186294308
90.99415193871367 9.956547827745773e-05
91.43908527069195 0.0001087803419555034
91.88401860267024 0.00011821995840619136
92.32895193464852 0.00011844471117882292
92.7738852666268 0.00012091699167781551
93.21881859860508 0.00012114174445044698
93.66375193058337 0.00012024273335990947
94.10868526256165 0.00012271501385889826
94.55361859453993 0.0001236140249494357
94.99855192651822 0.0001233892721768043
95.4434852584965 0.00013485166358120256
95.88841859047479 0.00012473778881261636
96.33335192245306 0.00013170512476431203
96.77828525443134 0.00012721006931160108
97.22321858640963 0.00013305364140012412
97.6681519183879 0.00014114474121499203
98.1130852503662 0.00014361702171398534
98.55801858234447 0.00015260713261939425
99.00295191432276 0.0001510338632109517
99.44788524630104 0.0001429427633960793
99.89281857827932 0.00014316751616871008
100.33775191025761 0.0001530566381646698
100.78268524223589 0.00014586454944033413
101.22761857421418 0.00016654180452279049
101.67255190619245 0.00015485466034575256
102.11748523817073 0.00015979922134372505
102.56241857014902 0.00016721606284069652
103.0073519021273 0.00016092298520690174
103.45228523410559 0.00016429427679643703
103.89721856608386 0.00015979922134373015
104.34215189806214 0.00017103685997549192
104.78708523004043 0.00015620317698156463
105.23201856201871 0.0001732843877018453
105.676951893997 0.00018654480128733617
106.12188522597528 0.00019193886783057832
106.56681855795357 0.0001892418345589603
107.01175188993184 0.00019553491219274997
107.45668522191012 0.00019733293437382643
107.90161855388841 0.00021104285350458877
108.34655188586669 0.00020385076478025122
108.79148521784498 0.00021306562845830685
109.23641854982326 0.0002148636506393896
109.68135188180153 0.0002186844477741835
110.12628521377982 0.00021441414509411894
110.5712185457581 0.0002222804921363489
111.01615187773639 0.00024498052217252587
111.46108520971467 0.0002308210974964917
111.90601854169296 0.0002458795332630672
112.35095187367124 0.00026093796902963533
112.79588520564951 0.00025374588030529615
113.2408185376278 0.00024183398335563103
113.68575186960608 0.00026408450784652166
114.13068520158437 0.00026790530498133097
114.57561853356265 0.000268579563299237
115.02055186554092 0.0002724003604340292
115.46548519751921 0.0002959994015607491
115.91041852949749 0.0003108330845546719
116.35535186147578 0.0003097093206915051
116.80028519345406 0.000326565778639156
117.24521852543234 0.00032903805913813425
117.69015185741063 0.00032791429527496806
118.1350851893889 0.0003312855868644876
118.5800185213672 0.00036702127771351807
119.02495185334547 0.0003780341635726379
119.46988518532376 0.0003658975138503413
119.91481851730204 0.00041579262937538786
120.35975184928031 0.0004256817513713295
120.8046851812586 0.00039983518251827835
121.24961851323688 0.00044208870377370906
121.69455184521517 0.00042725502077979046
122.13948517719345 0.0004513035674517723
122.58441850917173 0.00047445310303319765
123.02935184115002 0.00047108181144368263
123.4742851731283 0.0004969283802967315
123.91921850510658 0.0005108630522001387
124.36415183708486 0.0005295175323288554
124.80908516906315 0.0005713215480390465
125.25401850104143 0.000595819600256299
125.6989518330197 0.0006272849884252273
126.143885164998 0.0006484117490529697
126.58881849697627 0.00066571771254587
127.03375182895456 0.0006913395286263206
127.47868516093284 0.0007061732116202534
127.92361849291112 0.0007378633525618134
128.3685518248894 0.000769553493503396
128.8134851568677 0.0008142792952578802
129.25841848884596 0.0008969883155876325
129.70335182082425 0.0008913694962717489
130.14828515280254 0.0010098142074506365
130.5932184847808 0.0010347617652130944
131.0381518167591 0.0011260113909030416
131.4830851487374 0.0012806412984761536
131.92801848071568 0.0013244680891401292
132.37295181269394 0.0014737039301699088
132.81788514467223 0.0017452052795133965
133.26281847665052 0.001730371596519575
133.70775180862879 0.002149310764711734
134.15268514060708 0.002258091106667237
134.59761847258537 0.0024783488238498677
135.04255180456366 0.0028584057623764064
135.48748513654192 0.0029404405243881222
135.9324184685202 0.0033825292281618314
136.3773518004985 0.0035346868552361805
136.82228513247676 0.003665717721682356
137.26721846445506 0.003956547809472483
137.71215179643335 0.004021276607991718
138.1570851284116 0.004266257130163978
138.6020184603899 0.004389646402340779
139.0469517923682 0.004445609842726978
139.49188512434648 0.004537533726735121
139.93681845632474 0.004651708135233582
140.38175178830303 0.004678228962404552
140.82668512028133 0.004642718024328466
141.2716184522596 0.004722730011386349
141.71655178423788 0.0045966437059379245
142.16148511621617 0.004693736903716391
142.60641844819446 0.004636874452239947
143.05135178017272 0.004644291293736617
143.496285112151 0.004646089315917699
143.9412184441293 0.004608780355660527
144.38615177610757 0.004634626924513297
144.83108510808586 0.004579787247990275
145.27601844006415 0.00454967037645743
145.7209517720424 0.00461956848874673
146.1658851040207 0.004519103999378733
146.610818435999 0.004509664382928049
147.05575176797728 0.004545400073777358
147.50068509995555 0.004514159438380756
147.94561843193384 0.004549895129229774
148.39055176391213 0.004574842686992589
148.8354850958904 0.004484267319620256
149.28041842786868 0.004444710831636436
149.72535175984697 0.004366272113986704
150.17028509182526 0.00437750975261875
150.61521842380353 0.00431008392082787
151.06015175578182 0.004244456111218351
151.5050850877601 0.004246928391717611
151.95001841973837 0.004184896626469987
152.39495175171666 0.004121516344586821
152.83988508369495 0.004138372802534472
153.28481841567324 0.004088252934237052
153.7297517476515 0.004024872652353626
154.1746850796298 0.0039525022595650475
154.6196184116081 0.004040830099210993
155.06455174358635 0.00399430627527522
155.50948507556464 0.003930026982301513
155.95441840754293 0.0039062031884024174
156.3993517395212 0.0038412496371105554
156.84428507149948 0.003919913107532923
157.28921840347778 0.003829337740160882
157.73415173545607 0.0037652831999600515
158.17908506743433 0.00386462392546463
158.62401839941262 0.003817201090438574
159.0689517313909 0.003803266418535426
159.51388506336917 0.0037859604550422622
159.95881839534746 0.003740560394969924
160.40375172732575 0.003779892130181108
160.84868505930405 0.0037706772665033
161.2936183912823 0.0037156128372074016
161.7385517232606 0.003655828599686402
162.1834850552389 0.0036030116981173275
162.62841838721715 0.003672909810406687
163.07335171919544 0.003556263121408947
163.51828505117373 0.003574018590447367
163.963218383152 0.003519628419469387
164.4081517151303 0.0034607431930389282
164.85308504710858 0.0035047947364754547
165.29801837908687 0.003431525332596554
165.74295171106513 0.00336859455625844
166.18788504304342 0.003369943072894252
166.6328183750217 0.003388822305795837
167.07775170699998 0.003324992518367185
167.52268503897827 0.003231944870496155
167.96761837095656 0.003238687453675215
168.41255170293485 0.0032600389670757804
168.8574850349131 0.003238237948129944
169.3024183668914 0.0032512736089427936
169.7473516988697 0.003244531025763941
170.19228503084796 0.003250149845079617
170.63721836282625 0.0032025022572809256
171.08215169480454 0.0032069973127336325
171.52708502678283 0.0031669913192047447
171.9720183587611 0.003226101298407636
172.41695169073938 0.0031112526315909784
172.86188502271767 0.0031867695631966554
173.30681835469593 0.0031496853557116213
173.75175168667423 0.0030793377378767607
174.19668501865252 0.003116197192589155
174.64161835063078 0.0030366347110760464
175.08655168260907 0.003051018888524708
175.53148501458736 0.0030757416935145955
175.97641834656565 0.0030119119060863517
176.4213516785439 0.0030348366888949636
176.8662850105222 0.0030276446001706327
177.3112183425005 0.0029964039647745124
177.75615167447876 0.0029381929966617684
178.20108500645705 0.0030132604227219714
178.64601833843534 0.0030112376477682535
179.09095167041363 0.003001798031317761
179.5358850023919 0.0029404405243881222
179.98081833437018 0.002939991018842851
180.42575166634848 0.00293414744675452
180.87068499832674 0.002938417749434404
181.31561833030503 0.002946508849249276
181.76055166228332 0.0029357207161629676
182.20548499426158 0.0029285286274384494
182.65041832623987 0.0029788732485087647
183.09535165821816 0.002938417749434404
183.54028499019645 0.0028966137337244164
183.98521832217472 0.002889646397772536
184.430151654153 0.0029065028557201857
184.8750849861313 0.0028972879920423225
185.32001831810956 0.0029172909888066823
185.76495165008785 0.002935046457844874
186.20988498206614 0.0029231345608952014
186.65481831404443 0.0029287533802112714
187.0997516460227 0.00295257717411043
187.544684978001 0.002946958354794547
187.98961830997928 0.002926056346939647
188.43455164195754 0.0029647138238327385
188.87948497393583 0.0029880881121868135
189.32441830591412 0.00299460594259343
189.76935163789238 0.003004270311816558
190.21428496987068 0.003031465397305434
190.65921830184897 0.003006068333997641
191.10415163382726 0.0030312406445329922
191.54908496580552 0.0030845070516473732
191.9940182977838 0.0030591099883395803
192.4389516297621 0.0031366496948989717
192.88388496174036 0.003103611037321377
193.32881829371865 0.0030858555682831855
193.77375162569695 0.0031530566473011515
194.21868495767524 0.003128333842311464
194.6636182896535 0.0031910398658765234
195.1085516216318 0.0031647437914781892
195.55348495361008 0.0032182349513656047
195.99841828558834 0.0032431825091279215
196.44335161756663 0.0032368894314941323
196.88828494954492 0.0033312855960009745
197.33321828152322 0.0032894815802910118
197.77815161350148 0.0033306113376830684
198.22308494547977 0.003339376695815846
198.66801827745806 0.003325442023912668
199.11295160943632 0.003369268814576346
199.5578849414146 0.0034265807715983575
200.0028182733929 0.0034050045054255826
200.44775160537117 0.003464114484628459
200.89268493734946 0.003449280801634526
201.33761826932775 0.003483892728620368
201.78255160130604 0.0034740036066246358
202.2274849332843 0.003499175917159571
202.6724182652626 0.0035297422942379775
203.11735159724088 0.0035456997410953125
203.56228492921915 0.0036095295285235216
204.00721826119744 0.0035585106491353006
204.45215159317573 0.0036205424143826537
204.89708492515402 0.0036472879943264917
205.34201825713228 0.0036535810719600485
205.78695158911057 0.0037023524236219165
206.23188492108886 0.0037628109194610625
206.67681825306713 0.003700329648668198
207.12175158504542 0.003690665279444879
207.5666849170237 0.003757866358463085
208.01161824900197 0.0037742733108652245
208.45655158098026 0.003757866358462845
208.90148491295855 0.003787308971678074
209.34641824493684 0.0038727150252797497
209.7913515769151 0.0038524872757423217
210.2362849088934 0.0038776595862774796
210.6812182408717 0.003916317063171008
211.12615157284995 0.003958570584426201
211.57108490482824 0.003956098303927212
212.01601823680653 0.0039028318968126374
212.46095156878482 0.003961941876015985
212.90588490076308 0.003935645801617397
213.35081823274137 0.003979922097826559
213.79575156471967 0.004065103398655611
214.24068489669793 0.004046224165753983
214.68561822867622 0.004044875649118171
215.1305515606545 0.004099715325641455
215.57548489263277 0.004068249937472246
216.02041822461106 0.004084207384329355
216.46535155658935 0.004121516344586821
216.91028488856765 0.004146688655122244
217.3552182205459 0.00417410849338349
217.8001515525242 0.004232544214268678
218.2450848845025 0.004203775859371623
218.69001821648075 0.004229172922679148
219.13495154845904 0.0042536709748964
219.57988488043733 0.004271875949479862
220.02481821241562 0.004294800732288941
220.4697515443939 0.0042669313884818845
220.91468487637218 0.004303566090421445
221.35961820835047 0.004365822608441712
221.80455154032873 0.0043646988445782565
222.24948487230702 0.0043597542835802795
222.6944182042853 0.0043959394799745685
223.1393515362636 0.00442830387923434
223.58428486824187 0.0044269553625982455
224.02921820022016 0.004523823807604075
224.47415153219845 0.004515507955016857
224.9190848641767 0.0045350614462358425
225.364018196155 0.004562256531724718
225.8089515281333 0.00454967037645743
226.25388486011155 0.004624063544199436
226.69881819208985 0.004585630820078793
227.14375152406814 0.0046692388514991395
227.58868485604643 0.0046400209910568415
228.0336181880247 0.00466002398782109
228.47855152000298 0.004776221171273559
228.92348485198127 0.004734192402791054
229.36841818395953 0.004758690455008004
229.81335151593782 0.004817575681438461
230.25828484791612 0.0048031915039898
230.7032181798944 0.004836679667112774
231.14815151187267 0.004914893631989562
231.59308484385096 0.0049121965987179396
232.03801817582925 0.004958046164335864
232.4829515078075 0.00500951454926904
232.9278848397858 0.005023673973945066
233.3728181717641 0.00506705125906401
233.81775150374236 0.0050863799975103255
234.26268483572065 0.005103011702685341
234.70761816769894 0.005136724618580641
235.15255149967723 0.005163020692979306
235.5974848316555 0.005204824708689148
236.04241816363378 0.0051688642650674944
236.48735149561207 0.005210668280778001
236.93228482759034 0.0053349565640450096
237.37721815956863 0.005333383294636561
237.82215149154692 0.005339676372270351
238.2670848235252 0.005374063546483901
238.71201815550347 0.005367545716077133
239.15695148748176 0.005449805230861667
239.60188481946005 0.005508240951747206
240.04681815143832 0.0054943062798434635
240.4917514834166 0.0056282589323341245
240.9366848153949 0.005590500466531388
241.3816181473732 0.005659499567730798
241.82655147935145 0.005592523241485106
242.27148481132974 0.005703775863939598
242.71641814330803 0.005660173826048704
243.1613514752863 0.0057981720284464395
243.6062848072646 0.005808061150442394
244.05121813924288 0.005787383895360313
244.49615147122114 0.005832109697114376
244.94108480319943 0.00596111778860706
245.38601813517772 0.005989661390731747
245.830951467156 0.006025846587126422
246.27588479913427 0.006052592167069642
246.72081813111257 0.006098441732687251
247.16575146309086 0.0061651933061603395
247.61068479506912 0.006144066545532224
248.0556181270474 0.006230596362996829
248.5005514590257 0.0062982469475600655
248.945484791004 0.006285436039520253
249.39041812298225 0.006363874757169584
249.83535145496054 0.006387024292751024
250.28028478693884 0.0064209619614193705
250.7252181189171 0.00644366199145513
251.1701514508954 0.0065304165616923695
251.61508478287368 0.006557611647181664
252.06001811485194 0.0066072820099336545
252.50495144683023 0.00673718911251688
252.94988477880852 0.006687968255309742
253.39481811078682 0.006813380302440695
253.83975144276508 0.006859229868057869
254.28468477474337 0.006865972451236929
254.72961810672166 0.006877659595414406
255.17455143869992 0.006974303287647161
255.6194847706782 0.006952502268701978
256.0644181026565 0.007062855880065485
256.50935143463477 0.0071435421254415704
256.95428476661306 0.00709814206537014
257.3992180985913 0.007206922407324736
257.8441514305696 0.007255244253441333
258.2890847625479 0.007322670085231935
258.73401809452616 0.0073087354133285435
259.17895142650445 0.007393017703066796
259.62388475848275 0.0075559634632274145
260.06881809046104 0.007560908024226359
260.51375142243927 0.007525172333376374
260.95868475441756 0.007607431848160908
261.40361808639585 0.007666317074591365
261.84855141837414 0.007701828012667749
262.29348475035243 0.007748801342148535
262.7384180823307 0.007783188516361742
263.183351414309 0.007909724327356447
263.62828474628725 0.00793849268225276
264.07321807826554 0.007884327264047643
264.51815141024383 0.008003221480771738
264.9630847422221 0.008081884951194105
265.4080180742004 0.008133353336127597
265.8529514061787 0.008120542428087383
266.297884738157 0.008217860378639533
266.74281807013523 0.00829472582687977
267.1877514021135 0.008336529842589943
267.6326847340918 0.008426206198871442
268.0776180660701 0.008454525048223494
268.5225513980484 0.008460368620312013
268.9674847300267 0.008469133978444792
269.412418062005 0.008550269729367241
269.8573513939832 0.008531615249237415
270.3022847259615 0.008665567901728077
270.7472180579398 0.0085671261873138
271.1921513899181 0.008732544227973408
271.6370847218964 0.00875839079682647
272.08201805387466 0.008819074045439138
272.5269513858529 0.008760638324552825
272.9718847178312 0.008860653308375549
273.4168180498095 0.008765807638323438
273.86175138178777 0.008853236466878585
274.30668471376606 0.008825367123071802
274.75161804574435 0.008963140572697263
275.19655137772264 0.008841549322702676
275.6414847097009 0.008868519655417786
276.08641804167917 0.008906278121220525
276.53135137365746 0.008979997030644915
276.97628470563575 0.008812106709486317
277.42121803761404 0.008854809736287031
277.86615136959233 0.008939092026025282
278.3110847015706 0.008860878061149317
278.75601803354886 0.00874782741651261
279.20095136552715 0.008782439343498451
279.64588469750544 0.008692762987216954
280.0908180294837 0.00887998204682219
280.535751361462 0.008812106709486317
280.9806846934403 0.00865522927418685
281.4256180254186 0.008720407578252213
281.87055135739683 0.008615448033430397
282.3154846893751 0.008572520253857048
282.7604180213534 0.008544426157277631
283.2053513533317 0.008515882555152942
283.65028468531 0.008487788458573524
284.0952180172883 0.008441714140183281
284.5401513492666 0.008377884352755915
284.9850846812448 0.008272924807934142
285.4300180132231 0.008329562506638247
285.8749513452014 0.008204824717825635
286.3198846771797 0.008153131580119507
286.764818009158 0.008090425556554247
287.20975134113627 0.008038058160530215
287.65468467311456 0.007918939191034497
288.0996180050928 0.007895340149906775
288.5445513370711 0.007893542127725693
288.9894846690494 0.007838028192884764
289.43441800102767 0.007661597266366024
289.87935133300596 0.007648786358325809
290.32428466498425 0.007597093220620652
290.7692179969625 0.007533937691509152
291.2141513289408 0.0074278543828252734
291.65908466091906 0.007315028490962333
292.10401799289735 0.007204899632371017
292.54895132487565 0.0071900659493770855
292.99388465685394 0.007062181621747579
293.4388179888322 0.007087353932283641
293.88375132081046 0.006963964660105936
294.32868465278875 0.0069118220168545375
294.77361798476704 0.006883053661957214
295.21855131674533 0.006711117790891181
295.6634846487236 0.006652007811688087
296.1084179807019 0.006635151353740438
296.5533513126802 0.00651850466474353
296.99828464465844 0.00649086007370855
297.44321797663673 0.006380281709571964
297.888151308615 0.006271726120389095
298.3330846405933 0.006201378502554236
298.7780179725716 0.006129457615310927
299.2229513045499 0.006042253539528416
299.6678846365282 0.00603101590089742
300.1128179685064 0.005870092915689748
300.5577513004847 0.0057826640871346015
301.002684632463 0.005680851081130794
301.4476179644413 0.005557461808953993
301.8925512964196 0.005536784553871542
302.3374846283979 0.005438118086684629
302.78241796037616 0.005410923001196445
303.2273512923544 0.005358780357944355
303.6722846243327 0.0052358405913128245
304.117217956311 0.005203251439280701
304.5621512882893 0.005095819613961009
305.00708462026756 0.004991309574685578
305.45201795224585 0.004886574782637511
305.89695128422414 0.004799145954082977
306.3418846162024 0.004727674572384327
306.78681794818067 0.00472317951693162
307.23175128015896 0.00462046749983727
307.67668461213725 0.004491908913889858
308.12161794411554 0.004458420750767192
308.56655127609383 0.0043545849698102225
309.01148460807207 0.004319748290051189
309.45641794005036 0.004172085718429772
309.90135127202865 0.004174557998928761
310.34628460400694 0.004104435133866536
310.79121793598523 0.003966212178695803
311.2361512679635 0.0039316002517099605
311.6810845999418 0.003833832795614079
312.12601793192005 0.003759439627871292
312.57095126389834 0.003665942474454992
313.0158845958766 0.0036131255728856873
313.4608179278549 0.0035573868852721235
313.9057512598332 0.0035054689947933604
314.3506845918115 0.003441639207364925
314.7956179237898 0.003359829198126091
315.240551255768 0.00324520528408164
315.6854845877463 0.0032191339624559404
316.1304179197246 0.003136874447671407
316.5753512517029 0.00306203177438384
317.0202845836812 0.0029748276986013285
317.4652179156595 0.0029269553580300017
317.91015124763777 0.0028570572457407768
318.355084579616 0.0027961492443562353
318.8000179115943 0.002741534320605848
319.2449512435726 0.0026763560165416
319.6898845755509 0.0026612975807750326
320.13481790752917 0.0025385825669161383
320.57975123950746 0.00248981121525427
321.02468457148575 0.002451603243906576
321.469617903464 0.002385076423206203
321.9145512354423 0.0023542852933551616
322.35948456742057 0.0022612376454841316
322.80441789939886 0.0022279742351341016
323.24935123137715 0.002182124669516493
323.69428456335544 0.002092897818780264
324.13921789533373 0.002090200785508907
324.58415122731196 0.0019802966796899596
325.02908455929025 0.001967935277195016
325.47401789126855 0.001892643098362178
325.91895122324684 0.0018344321302496257
326.3638845552251 0.0018018429782175015
326.8088178872034 0.0017521726154653158
327.25375121918165 0.0016910398613082802
327.69868455115994 0.0016739586505879946
328.14361788313823 0.0016139496602943595
328.5885512151165 0.0016009139994815097
329.0334845470948 0.0015615822642703256
329.4784178790731 0.0014777494800773448
329.9233512110514 0.0014797722550312518
330.36828454302963 0.0014543751917232698
330.8132178750079 0.0013723404297113714
331.2581512069862 0.00136132754385224
331.7030845389645 0.0013010938007859696
332.1480178709428 0.0012480521464440296
332.5929512029211 0.0012089451640054812
333.0378845348994 0.001165792631659645
333.4828178668776 0.0011498351848023872
333.9277511988559 0.0011332034796273723
334.3726845308342 0.0010940964971888237
334.8176178628125 0.0010709469616073837
335.2625511947908 0.0009695834611488464
335.70748452676906 0.0009648636529235044
336.15241785874736 0.000954749778155036
336.5973511907256 0.0009035061459940572
337.0422845227039 0.0009138447735352827
337.48721785468217 0.0008470932000625875
337.93215118666046 0.0008277644616159485
338.37708451863875 0.0008306862476602078
338.82201785061704 0.0008133802841672869
339.26695118259534 0.0007601138770528089
339.71188451457357 0.0007448306885135088
340.15681784655186 0.0007052742005296894
340.60175117853015 0.0006922385397168399
341.04668451050844 0.0006578513655036332
341.49161784248673 0.0006164968553387311
341.936551174465 0.000613799822067107
342.3814845064433 0.0006007641612543342
342.82641783842155 0.0005886275115319493
343.27135117039984 0.0005722205591295696
343.71628450237813 0.000544575968095423
344.1612178343564 0.0005196284103329006
344.6061511663347 0.0004951303581156488
345.051084498313 0.00048636499998293276
345.49601783029124 0.0004791729112585398
345.9409511622695 0.00046658675599096087
346.3858844942478 0.00043602037891255494
346.8308178262261 0.00042703026800714145
347.2757511582044 0.00041669164046591594
347.7206844901827 0.0003805064440716266
348.165617822161 0.0003771351524821447
348.6105511541392 0.0003620767167155289
349.0554844861175 0.0003569074029449161
349.5004178180958 0.0003429727310415252
349.9453511500741 0.000314204376144202
350.3902844820524 0.0002980221765144577
350.83521781403067 0.0003058885235566945
351.28015114600896 0.00029262810997124697
351.7250844779872 0.0002750973937056533
352.1700178099655 0.0002843122573837021
352.6149511419438 0.0002573419246674616
353.05988447392207 0.0002519478581242135
353.50481780590036 0.00023576565849446916
353.94975113787865 0.00024003596117454058
354.39468446985694 0.00021441414509413949
354.8396178018352 0.0002007042259633565
355.28455113381347 0.00018811807069577758
355.72948446579176 0.00019193886783057832
356.17441779777005 0.00018272400415252947
356.61935112974834 0.00018924183455895426
357.06428446172663 0.0001642942767964318
357.5092177937049 0.00016451902956908816
357.95415112568315 0.00016384477125116112
358.39908445766144 0.00016586754620487917
358.84401778963974 0.00014249325785080404
359.288951121618 0.00013350314694539055
359.7338844535963 0.00013642493298964993
360.1788177855746 0.00012968234981060637
360.62375111755284 0.00012271501385889433
361.06868444953113 0.00011327539740821017
361.5136177815094 0.00011417440849875152
361.9585511134877 0.00010226251154907861
362.403484445466 0.00010428528650279666
362.8484177774443 0.00010203775877644327
363.2933511094226 9.439616450685385e-05
363.7382844414008 8.900209796359368e-05
364.1832177733791 8.023673983081553e-05
364.6281511053574 8.091099814872154e-05
365.0730844373357 8.450704251088695e-05
365.518017769314 7.281989833384939e-05
365.9629511012923 6.944860674431931e-05
366.40788443327057 6.720107901797453e-05
366.8528177652488 6.81000901085073e-05
367.2977510972271 6.068324861154116e-05
367.7426844292054 6.562780960951857e-05
368.1876177611837 5.708720424937576e-05
368.63255109316196 5.326640711457501e-05
369.07748442514026 5.146838493349232e-05
369.52241775711855 5.169313770613426e-05
369.9673510890968 4.989511552504495e-05
370.41228442107507 4.045549907436077e-05
370.85721775305336 4.090500461963144e-05
371.30215108503165 3.730896025746604e-05
371.74708441700994 3.865747689327807e-05
372.19201774898823 3.663470193956003e-05
372.6369510809665 3.303865757739885e-05
373.08188441294476 3.506143253111267e-05
373.52681774492305 3.3038657577394627e-05
373.97175107690134 2.6970332716240512e-05
374.41668440887963 2.899310766995855e-05
374.8616177408579 2.6745579943605172e-05
375.3065510728362 2.5172310535157812e-05
375.7514844048145 2.427329944461956e-05
376.19641773679274 2.3149535581439775e-05
376.64135106877103 2.2700030036169098e-05
377.0862844007493 1.6406952402379643e-05
377.5312177327276 1.8204974583462347e-05
377.9761510647059 1.775546903819167e-05
378.4210843966842 1.9103985674006137e-05
378.8660177286624 1.6631705175014983e-05
379.3109510606407 2.0227749537180384e-05
379.755884392619 1.5058435766567621e-05
380.2008177245973 1.3485166358120256e-05
380.6457510565756 1.3934671903390933e-05
381.0906843885539 1.213664972230823e-05
381.5356177205322 1.6182199629746377e-05
381.9805510525104 1.4159424676026271e-05
382.4254843844887 1.0113874768590192e-05
382.870417716467 1.0788133086496206e-05
383.3153510484453 1.0563380313860869e-05
383.76028438042357 8.315852587507492e-06
384.20521771240186 6.517830406424791e-06
384.65015104438015 6.7425831790609894e-06
385.0950843763584 8.091099814872155e-06
385.5400177083367 4.4950554527067526e-06
385.98495104031497 8.091099814872155e-06
386.42988437229326 5.169313770612765e-06
386.87481770427155 6.517830406424791e-06
387.31975103624984 6.293077633789453e-06
387.76468436822813 6.06832486115489e-06
388.20961770020637 3.5960443621654016e-06
388.65455103218466 4.270302680071415e-06
389.09948436416295 4.0455499074360775e-06
389.54441769614124 4.270302680071415e-06
389.98935102811953 4.270302680071415e-06
390.4342843600978 2.0227749537180387e-06
390.8792176920761 3.596044362165861e-06
391.32415102405434 2.0227749537180387e-06
391.76908435603264 1.1237638631766881e-06
392.2140176880109 3.1465388168947265e-06
392.6589510199892 1.5732694084473632e-06
393.1038843519675 2.472280498988714e-06
393.5488176839458 3.1465388168947265e-06
393.9937510159241 2.022774953718297e-06
394.4386843479023 2.921786044259389e-06
394.8836176798806 3.371291589530064e-06
395.3285510118589 1.3485166358120257e-06
395.7734843438372 8.990110905413504e-07
396.2184176758155 1.1237638631766881e-06
396.6633510077938 1.7980221810829305e-06
397.108284339772 1.7980221810827008e-06
397.5532176717503 1.5732694084473632e-06
397.9981510037286 1.7980221810827008e-06
398.4430843357069 6.742583179060128e-07
398.8880176676852 1.3485166358120257e-06
399.33295099966347 2.2475277263533763e-06
399.77788433164176 8.990110905414653e-07
400.22281766362 1.5732694084473632e-06
400.6677509955983 8.990110905413504e-07
401.1126843275766 8.990110905413504e-07
401.55761765955486 1.3485166358120257e-06
402.00255099153316 1.1237638631766881e-06
402.44748432351145 4.495055452706752e-07
402.89241765548974 8.990110905414653e-07
403.33735098746797 2.247527726353376e-07
403.78228431944626 6.742583179060128e-07
404.22721765142455 6.742583179060128e-07
404.67215098340284 4.495055452706752e-07
405.11708431538113 4.495055452706752e-07
405.5620176473594 0.0
406.0069509793377 2.2475277263536632e-07
406.45188431131595 2.247527726353376e-07
406.89681764329424 4.495055452706752e-07
407.34175097527253 4.495055452706752e-07
407.7866843072508 6.742583179060128e-07
408.2316176392291 8.990110905413504e-07
408.6765509712074 2.247527726353376e-07
409.1214843031857 0.0
409.56641763516393 0.0
410.0113509671422 2.247527726353376e-07
410.4562842991205 0.0
410.9012176310988 0.0
411.3461509630771 4.495055452706752e-07
411.7910842950554 0.0
412.2360176270337 0.0
412.6809509590119 0.0
413.1258842909902 4.495055452706752e-07
413.5708176229685 0.0
414.0157509549468 0.0
414.4606842869251 0.0
414.90561761890336 0.0
415.3505509508816 2.247527726353376e-07
415.7954842828599 0.0
416.2404176148382 0.0
416.68535094681647 0.0
417.13028427879476 0.0
417.57521761077305 0.0
418.02015094275134 0.0
418.4650842747296 0.0
418.91001760670787 2.247527726353376e-07
419.35495093868616 0.0
419.79988427066445 2.247527726353376e-07
420.24481760264274 0.0
420.68975093462103 0.0
421.1346842665993 0.0
421.57961759857756 0.0
422.02455093055585 0.0
422.46948426253414 0.0
422.91441759451243 0.0
423.3593509264907 0.0
423.804284258469 0.0
424.2492175904473 0.0
424.69415092242554 0.0
425.1390842544038 0.0
425.5840175863821 0.0
426.0289509183604 0.0
426.4738842503387 0.0
426.918817582317 0.0
427.3637509142953 0.0
427.8086842462735 0.0
428.2536175782518 0.0
428.6985509102301 0.0
429.1434842422084 0.0
429.5884175741867 0.0
430.03335090616497 0.0
430.4782842381432 0.0
430.9232175701215 0.0
431.3681509020998 0.0
431.8130842340781 0.0
432.25801756605637 0.0
432.70295089803466 0.0
433.14788423001295 0.0
433.5928175619912 0.0
434.0377508939695 0.0
434.48268422594776 0.0
434.92761755792606 2.247527726353376e-07
435.37255088990435 0.0
435.81748422188264 0.0
436.2624175538609 0.0
436.70735088583916 0.0
437.15228421781745 0.0
437.59721754979574 0.0
438.04215088177403 0.0
438.4870842137523 0.0
438.9320175457306 0.0
439.3769508777089 0.0
439.82188420968714 0.0
440.26681754166543 0.0
440.7117508736437 0.0
441.156684205622 0.0
441.6016175376003 0.0
442.0465508695786 0.0
442.4914842015569 0.0
442.9364175335351 0.0
443.3813508655134 0.0
443.8262841974917 0.0
444.27121752947 0.0
444.7161508614483 0.0
445.1610841934266 0.0
445.60601752540487 2.2475277263536632e-07
