0.6075839110612343 1.5672402216665312e-06
0.9904224776735611 2.3508603324997976e-06
1.3732610442858877 1.5672402216665305e-06
1.7560996108982145 2.6120670361108845e-06
2.1389381775105414 1.828446925277619e-06
2.5217767441228682 2.08965362888871e-06
2.9046153107351946 1.828446925277619e-06
3.2874538773475215 1.5672402216665305e-06
3.6702924439598483 2.6120670361108874e-06
4.053131010572175 5.224134072221763e-07
4.435969577184502 2.08965362888871e-06
4.818808143796828 1.044826814444355e-06
5.201646710409155 2.6120670361108816e-07
5.584485277021482 1.044826814444355e-06
5.9673238436338085 1.3060335180554407e-06
6.350162410246136 1.3060335180554437e-06
6.733000976858462 1.8284469252776212e-06
7.115839543470789 1.828446925277617e-06
7.498678110083116 2.350860332499799e-06
7.881516676695442 1.3060335180554437e-06
8.264355243307769 2.08965362888871e-06
8.647193809920095 2.350860332499799e-06
9.030032376532422 1.044826814444355e-06
9.412870943144748 7.836201108332663e-07
9.795709509757074 7.836201108332626e-07
10.178548076369403 2.08965362888871e-06
10.561386642981729 7.836201108332663e-07
10.944225209594055 1.044826814444355e-06
11.327063776206382 1.3060335180554437e-06
11.709902342818708 2.350860332499788e-06
12.092740909431036 3.395687146944154e-06
12.475579476043363 1.3060335180554437e-06
12.858418042655689 2.350860332499799e-06
13.241256609268016 2.08965362888871e-06
13.624095175880342 1.8284469252776127e-06
14.00693374249267 3.918100554166331e-06
14.389772309104996 1.044826814444355e-06
14.772610875717323 1.044826814444355e-06
15.15544944232965 7.836201108332663e-07
15.538288008941976 1.04482681444435e-06
15.921126575554304 1.04482681444435e-06
16.303965142166632 1.0448268144443598e-06
16.686803708778957 1.3060335180554378e-06
17.069642275391285 1.0448268144443598e-06
17.45248084200361 2.873273739721963e-06
17.835319408615938 2.0896536288887197e-06
18.218157975228262 1.3060335180554378e-06
18.60099654184059 1.8284469252776297e-06
18.983835108452915 3.918100554166313e-06
19.366673675065243 3.6568938505552255e-06
19.74951224167757 4.179307257777439e-06
20.132350808289896 3.1344804433330505e-06
20.515189374902224 3.9181005541663496e-06
20.89802794151455 4.701720664999576e-06
21.280866508126877 4.962927368610663e-06
21.663705074739205 6.791374293888339e-06
22.04654364135153 5.746547479443926e-06
22.429382207963858 6.791374293888339e-06
22.812220774576183 4.962927368610663e-06
23.19505934118851 6.530167590277189e-06
23.57789790780084 8.358614515554879e-06
23.960736474413164 1.0970681551665677e-05
24.343575041025492 1.201550836611014e-05
24.726413607637816 1.5149988809443076e-05
25.109252174250145 1.6194815623887427e-05
25.492090740862473 1.5933608920276487e-05
25.874929307474797 1.67172290311096e-05
26.257767874087126 2.0896536288887198e-05
26.64060644069945 1.7762055845553954e-05
27.02344500731178 1.9851709474442652e-05
27.406283573924107 2.403101673222028e-05
27.78912214053643 2.6643083768330928e-05
28.17196070714876 3.212842454416407e-05
28.554799273761084 3.5262904987496816e-05
28.937637840373412 4.2054279281385095e-05
29.32047640698574 5.328616753666236e-05
29.703314973598065 5.276375412943968e-05
30.086153540210393 5.0674100500551454e-05
30.468992106822718 4.858444687166228e-05
30.851830673435046 4.048703905971857e-05
31.234669240047374 5.9293921719717426e-05
31.6175078066597 6.190598875582717e-05
32.00034637327203 5.746547479444032e-05
32.38318493988435 5.642064797999491e-05
32.76602350649668 5.25025474258286e-05
33.14886207310901 5.824909490527252e-05
33.531700639721336 6.608529601360637e-05
33.91453920633366 6.50404691991608e-05
34.297377772945985 7.418270382554886e-05
34.680216339558314 7.078701667860472e-05
35.06305490617064 7.444391052915996e-05
35.44589347278297 7.392149712193915e-05
35.82873203939529 6.164478205221665e-05
36.21157060600762 6.948098316054929e-05
36.59440917261995 6.29508155702721e-05
36.977247739232276 6.321202227388436e-05
37.3600863058446 7.052580997499363e-05
37.742924872456925 7.13094300858269e-05
38.12576343906925 7.992925130499278e-05
38.50860200568158 7.313787701110451e-05
38.89144057229391 6.268960886666218e-05
39.27427913890623 8.149649152665932e-05
39.65711770551856 6.71301228280495e-05
40.03995627213089 7.522753063999321e-05
40.422794838743215 6.89585697533271e-05
40.80563340535554 7.862321778693882e-05
41.188471971967864 7.601115075082647e-05
41.57131053858019 7.078701667860472e-05
41.95414910519252 7.418270382554886e-05
42.33698767180485 8.175769823027039e-05
42.71982623841718 7.679477086166116e-05
43.1026648050295 8.907148593138084e-05
43.485503371641826 8.280252504471475e-05
43.868341938254154 8.175769823027039e-05
44.25118050486648 8.619821219165889e-05
44.63401907147881 7.731718426888335e-05
45.01685763809113 8.463097196999237e-05
45.39969620470346 8.567579878443672e-05
45.78253477131579 9.743010044693565e-05
46.165373337928116 8.854907252415868e-05
46.548211904540445 7.992925130499427e-05
46.931050471152766 9.325079318915825e-05
47.313889037765094 8.645941889526997e-05
47.69672760437742 9.2467173078325e-05
48.07956617098975 9.351199989276934e-05
48.46240473760208 9.298958648554889e-05
48.8452433042144 9.037751944943628e-05
49.22808187082673 9.690768703971348e-05
49.610920437439056 9.847492726138e-05
49.993759004051384 0.00010134820100110196
50.37659757066371 0.00011806543003221375
50.75943613727603 0.00010944560881304567
51.14227470388836 0.0001172818099213783
51.52511327050069 0.00010892319540582351
51.90795183711302 0.00010526630155526827
52.290790403725346 0.00010813957529499226
52.67362897033767 0.00010892319540582351
53.056467536949995 0.00011284129595998982
53.43930610356232 0.00011284129595998982
53.82214467017465 0.000119371463550267
54.20498323678698 0.00012041629036471359
54.5878218033993 0.00010996802222026786
54.97066037001163 0.00011571456969971177
55.35349893662396 0.00012694645795498853
55.736337503236285 0.00013164817861998813
56.11917606984861 0.0001332154188416571
56.502014636460935 0.0001172818099213783
56.88485320307326 0.00012459559762248876
57.26769176968559 0.0001256404244369331
57.65053033629792 0.00014627575402220903
58.03336890291025 0.00014523092720776737
58.41620746952257 0.00014549213391137574
58.7990460361349 0.0001339990389524879
59.181884602747225 0.00014523092720776466
59.56472316935955 0.000134260245656099
59.94756173597188 0.00013217059202721274
60.3304003025842 0.00014810420094748663
60.71323886919653 0.00014157403335720943
61.09607743580886 0.00014758178754026446
61.47891600242119 0.00014470851380054251
61.861754569033515 0.0001507162679836003
62.244593135645836 0.00014470851380054251
62.627431702258164 0.0001449697205041536
63.01027026887049 0.00012668525125137748
63.39310883548282 0.0001405292065427677
63.77594740209514 0.00015123868139081686
64.15878596870748 0.0001512386813908225
64.5416245353198 0.00014079041324637358
64.92446310193213 0.00015097747468721141
65.30730166854445 0.00014392489368970657
65.69014023515679 0.00014601454731860065
66.07297880176911 0.00015176109479803903
66.45581736838145 0.00016717229031109913
66.83865593499377 0.00016299298305332165
67.22149450160609 0.0001588136757955383
67.60433306821842 0.00016299298305332165
67.98717163483074 0.00014888782105831712
68.37001020144308 0.00014575334061498954
68.7528487680554 0.0001507162679836003
69.13568733466772 0.00015176109479803903
69.51852590128006 0.00014523092720776737
69.90136446789238 0.00016142574283164912
70.28420303450471 0.00015829126238832197
70.66704160111703 0.00015672402216665543
71.04988016772936 0.00017109039086525915
71.43271873434169 0.00016011970931359963
71.81555730095401 0.00016691108360748183
72.19839586756635 0.00017109039086526552
72.58123443417867 0.0001744860780122097
72.96407300079099 0.00015829126238831612
73.34691156740332 0.0001716128042724877
73.72975013401565 0.0001676947037183213
74.11258870062797 0.0001784041785663695
74.4954272672403 0.00016664987690387696
74.87826583385262 0.00017082918416164806
75.26110440046496 0.00018023262549165376
75.64394296707728 0.00017605331823387625
76.0267815336896 0.00016429901657137103
76.40962010030194 0.00015959729590637743
76.79245866691426 0.00016508263668220426
77.17529723352659 0.0001648214299785993
77.55813580013891 0.00018049383219526484
77.94097436675123 0.00018833003330359063
78.32381293336357 0.00019668864781915255
78.70665149997589 0.00017788176515914732
79.08949006658823 0.00017762055845554282
79.47232863320055 0.00017918779867720936
79.85516719981287 0.00020844294948164398
80.2380057664252 0.000197994681337208
80.62084433303752 0.00020034554166970043
81.00368289964986 0.00018650158637831997
81.38652146626218 0.00018336710593498686
81.7693600328745 0.0001945989941902566
82.15219859948684 0.00017997141878804267
82.53503716609916 0.00019956192155886718
82.9178757327115 0.00021445070366470686
83.30071429932381 0.00022411535169831727
83.68355286593614 0.00022333173158747567
84.06639143254847 0.00019956192155887458
84.44922999916079 0.00021314467014664346
84.83206856577313 0.00020948777629609607
85.21490713238545 0.00022437655840192838
85.59774569899777 0.00022542138521636435
85.9805842656101 0.00021732397740442886
86.36342283222243 0.00022385414499469784
86.74626139883476 0.00022385414499470616
87.12909996544708 0.00023952654721137173
87.5119385320594 0.00024684033491247315
87.89477709867174 0.00023926534050776064
88.27761566528406 0.00026042308350024944
88.6604542318964 0.0002512808488738709
89.04329279850872 0.00024631792150526014
89.42613136512104 0.0002457955080980288
89.80896993173337 0.0002583334298713704
90.1918084983457 0.00026016187679663835
90.57464706495803 0.000277140312531369
90.95748563157035 0.0002794911728638689
91.34032419818267 0.00029646960859857886
91.723162764795 0.0002776627259385912
92.10600133140733 0.00029646960859857886
92.48883989801966 0.0002878497873794238
92.87167846463198 0.0002841928935288685
93.2545170312443 0.00029855926222746755
93.63735559785664 0.000305350636521367
94.02019416446896 0.0003045670164105224
94.4030327310813 0.0003131868376296998
94.78587129769362 0.00032023941862719925
95.16870986430594 0.00031684373148024327
95.55154843091827 0.00032781441303192095
95.9343869975306 0.0003455764688774624
96.31722556414293 0.00032285148566331016
96.70006413075525 0.0003395687146944201
97.08290269736757 0.00035132301635690624
97.46574126397991 0.0003560247370219189
97.84857983059223 0.00036699541857357115
98.23141839720456 0.00037221955264580664
98.61425696381689 0.0003834514409010836
98.9970955304292 0.0003959893626744014
99.37993409704154 0.0003748316196819176
99.76277266365386 0.0003910264353057908
100.1456112302662 0.00041218417829830376
100.52844979687852 0.00041793072577774786
100.91128836349084 0.00042237123973912064
101.29412693010318 0.0004291626140330248
101.6769654967155 0.00041688589896328796
102.05980406332783 0.0004322970944763579
102.44264262994015 0.00041975917270302545
102.82548119655247 0.00044561863636050704
103.20831976316481 0.0004782694743119102
103.59115832977713 0.00047147810001800424
103.97399689638947 0.000491852222899687
104.35683546300179 0.0005190177200752406
104.73967402961411 0.0005234582340366097
105.12251259622644 0.0005328616753666284
105.50535116283876 0.0005229358206293876
105.8881897294511 0.0005312944351449619
106.27102829606342 0.0005699530272794037
106.65386686267574 0.0005629004462818832
107.03670542928808 0.0005992081780838459
107.4195439959004 0.0006402176305507637
107.80238256251273 0.0006174926473366224
108.18522112912505 0.0006590245132107861
108.56805969573738 0.0006801822562032593
108.95089826234971 0.0006812270830177289
109.33373682896203 0.000726415842742421
109.71657539557437 0.0007112658539330046
110.09941396218669 0.0007130943008582822
110.48225252879901 0.0007911951052379695
110.86509109541134 0.0008086959543799421
111.24792966202367 0.0008188830158207443
111.630768228636 0.0008601536749913272
112.01360679524832 0.0008711243565429932
112.39644536186064 0.0008990734738293465
112.77928392847298 0.0009262389710049336
113.1621224950853 0.0009557553285129515
113.54496106169763 0.0009881449597607624
113.92779962830996 0.0010699026579910345
114.31063819492228 0.0010260199317843328
114.69347676153461 0.0011237112389349195
115.07631532814693 0.0011318086467468212
115.45915389475927 0.001153488803146584
115.84199246137159 0.0013031602443157398
116.22483102798391 0.001272599059993195
116.60766959459625 0.001320399886754072
116.99050816120857 0.00144995841174512
117.3733467278209 0.001447346344709063
117.75618529443322 0.0015330221434935011
118.13902386104554 0.0015633221211123298
118.52186242765788 0.0015669790149629432
118.9047009942702 0.0017511297410086983
119.28753956088254 0.0018140805565790368
119.67037812749486 0.0018705012045590328
120.05321669410718 0.002068234679192553
120.43605526071951 0.002124132913765403
120.81889382733183 0.002261266433161143
121.20173239394417 0.002544936913282873
121.58457096055649 0.002555646388130928
121.96740952716881 0.002857078924098023
122.35024809378115 0.0032039614264936594
122.73308666039347 0.003210230387380206
123.1159252270058 0.004092847838882206
123.49876379361812 0.004462716531195513
123.88160236023045 0.004513651838399509
124.26444092684278 0.005661132887363206
124.6472794934551 0.005781287971024307
125.03011806006742 0.006297432417359593
125.41295662667976 0.007401553153523913
125.79579519329208 0.00758779353319834
126.17863375990441 0.008261706828515241
126.56147232651674 0.009156600995086844
126.94431089312906 0.009087120011925956
127.32714945974139 0.009870740122759571
127.70998802635371 0.01021945107208
128.09282659296605 0.0102317277871501
128.47566515957837 0.010881087652327277
128.8585037261907 0.010940903987454216
129.241342292803 0.011025273752720598
129.62418085941533 0.011378164009299184
130.00701942602765 0.011433278623760276
130.38985799264 0.01142518121594918
130.77269655925232 0.01123345549549864
131.15553512586465 0.011260620992674192
131.53837369247697 0.010981129819810323
131.9212122590893 0.011005944456652561
132.30405082570164 0.011090575428623371
132.68688939231396 0.01076511187592395
133.06972795892628 0.010899894534987273
133.4525665255386 0.010823360970829223
133.83540509215092 0.010474127608100417
134.21824365876327 0.01056398271414341
134.6010822253756 0.010522189641565635
134.9839207919879 0.010286842401612041
135.36675935860023 0.010298335496570927
135.74959792521256 0.01017060541850435
136.1324364918249 0.010034516725923724
136.51527505843723 0.010062465843210112
136.89811362504955 0.009749540212284023
137.28095219166187 0.009712448860371248
137.6637907582742 0.009794990178711627
138.04662932488654 0.00945672749753599
138.42946789149886 0.009482325754489877
138.81230645811118 0.009412322357922102
139.1951450247235 0.009070141576191572
139.57798359133582 0.009251941441904206
139.96082215794817 0.0089836821572963
140.3436607245605 0.008823562447982701
140.72649929117281 0.00901241489469352
141.10933785778514 0.008747028883824651
141.49217642439746 0.008636016034789295
141.8750149910098 0.008512987677389113
142.25785355762213 0.008367756750181345
142.64069212423445 0.008239504258708298
143.02353069084677 0.008197972392834135
143.4063692574591 0.0080676302477316
143.78920782407144 0.008066585420917755
144.17204639068376 0.007904376057975266
144.55488495729608 0.007760973577692777
144.9377235239084 0.0077695933989119425
145.32056209052072 0.007515961689705014
145.70340065713307 0.007632459879516119
146.0862392237454 0.007504729801450296
146.46907779035772 0.00730960839385281
146.85191635697004 0.0072761739357905895
147.23475492358236 0.007231246382769481
147.61759349019468 0.007061462025421747
148.00043205680703 0.007098292170631436
148.38327062341935 0.006940523321650336
148.76610919003167 0.006988324148411166
149.148947756644 0.006935821600985336
149.5317863232563 0.00671379590291541
149.91462488986866 0.006626552863909803
150.29746345648098 0.006662076975600912
150.6803020230933 0.006483672797034535
151.06314058970563 0.006486284864070646
151.44597915631795 0.006547407232715156
151.8288177229303 0.006262953132483162
152.21165628954262 0.006335829802790656
152.59449485615494 0.006210189378353721
152.97733342276726 0.006061301557295399
153.36017198937958 0.006140708395192714
153.74301055599193 0.005912674942940687
154.12584912260425 0.005824648283823749
154.50868768921657 0.005839798272633192
154.8915262558289 0.00561907860808182
155.2743648224412 0.005665573401324173
155.65720338905356 0.005619339814785431
156.04004195566588 0.005443547703255165
156.4228805222782 0.0054017546306773905
156.80571908889053 0.00535134173688045
157.18855765550285 0.005233537513551459
157.5713962221152 0.005273240932500733
157.95423478872752 0.00506218591598297
158.33707335533984 0.005092224686898246
158.71991192195216 0.005074462631052692
159.10275048856448 0.004915387748553172
159.48558905517683 0.004945948932876034
159.86842762178915 0.00492818687703048
160.25126618840147 0.004799411972150212
160.6341047550138 0.004816129201181321
161.01694332162612 0.0047406404638373634
161.39978188823846 0.004613171592475503
161.7826204548508 0.004666718966715776
162.1654590214631 0.004522271659618843
162.54829758807543 0.004549959570201618
162.93113615468775 0.004493016508814067
163.3139747213001 0.004348307995013855
163.69681328791242 0.004342039034127189
164.07965185452474 0.004326627838614134
164.46249042113706 0.004168597782929423
164.84532898774938 0.0041672917494110584
165.22816755436173 0.004219794296837197
165.61100612097405 0.004033031503755267
165.99384468758637 0.004085795257884707
166.3766832541987 0.003986275503808881
166.75952182081102 0.003944221224527202
167.14236038742337 0.003999335838989436
167.5251989540357 0.0038611574927791678
167.908037520648 0.0038339919956036136
168.29087608726033 0.0038721281743308335
168.67371465387265 0.003770518766625839
169.056553220485 0.0037728696269586186
169.43939178709732 0.0036785740069550142
169.82223035370964 0.003626855079640018
170.20506892032196 0.003557374096479467
170.58790748693428 0.0035965551020208635
170.97074605354663 0.0035132301635691925
171.35358462015895 0.003485542252986417
171.73642318677128 0.0034764000183600285
172.1192617533836 0.003437219012818365
172.50210031999592 0.0034873706999114357
172.88493888660827 0.0033959483536478118
173.2677774532206 0.003449234521184475
173.6506160198329 0.0033925526665008676
174.03345458644523 0.0033073992811236516
174.41629315305755 0.003319675996193127
174.7991317196699 0.003313929448713929
175.18197028628222 0.0032590760409555997
175.56480885289454 0.0032671734487675435
175.94764741950686 0.0032287760633367127
176.33048598611919 0.0032065734935295322
176.71332455273154 0.003219111415303103
177.09616311934386 0.0031963864320889374
177.47900168595618 0.003232694163890879
177.8618402525685 0.0032073571136406035
178.24467881918082 0.0031067925327501024
178.62751738579317 0.0031875054041661604
179.0103559524055 0.0031276890690392204
179.3931945190178 0.0031935131583492155
179.77603308563013 0.0031791467896506056
180.15887165224245 0.0030683951473192746
180.5417102188548 0.0032039614264936594
180.92454878546712 0.003079104622167557
181.30738735207945 0.0031506752589569964
181.69022591869177 0.0031574666332508847
182.0730644853041 0.003155115772918151
182.45590305191644 0.0031080985662683886
182.83874161852876 0.0031485856053281077
183.22158018514108 0.0031574666332508847
183.6044187517534 0.0031295175159644978
183.98725731836572 0.0031974312589031443
184.37009588497807 0.003131084756186164
184.7529344515904 0.003124554588595887
185.1357730182027 0.0032104915940839363
185.51861158481503 0.0031851545438336603
185.90145015142735 0.003182020063390091
186.2842887180397 0.003177579549428939
186.66712728465203 0.0032128424544164364
187.04996585126435 0.0031796692030578275
187.43280441787667 0.003227470029818657
187.815642984489 0.00322302951585703
188.19848155110134 0.003234522610816157
188.58132011771366 0.003265345001842266
188.96415868432598 0.003287025158241986
189.3469972509383 0.0033439682196292043
189.72983581755062 0.003346057873257845
190.11267438416297 0.003313145828603096
190.4955129507753 0.0034071802419030892
190.8783515173876 0.0034186733368619772
191.26119008399994 0.0033930750799080903
191.64402865061226 0.003399344040794504
192.0268672172246 0.0034158000631222553
192.40970578383693 0.00347195950439864
192.79254435044925 0.003463862096586696
193.17538291706157 0.0034818853591358618
193.5582214836739 0.0035221111914917084
193.94106005028624 0.003513491370272804
194.32389861689856 0.0035832335601369654
194.70673718351088 0.0035385672138194685
195.0895757501232 0.0035722628785852997
195.47241431673552 0.0036231981857891937
195.85525288334787 0.0036913731354319577
196.2380914499602 0.0037007765767619566
196.62093001657252 0.0036561102304444606
197.00376858318484 0.0036780515935477915
197.38660714979716 0.003638870588005858
197.7694457164095 0.0037245463867905666
198.15228428302183 0.003734472241527788
198.53512284963415 0.0037645110124430634
198.91796141624647 0.0037266360404194553
199.3007999828588 0.0037757429006980603
199.68363854947114 0.0038324247553819476
200.06647711608346 0.003848097157598613
200.44931568269578 0.003834253202307225
200.8321542493081 0.003875523861477778
201.21499281592043 0.003863769559814992
201.59783138253277 0.0038188420067941705
201.9806699491451 0.0038987712580991645
202.36350851575742 0.0038005575375413946
202.74634708236974 0.0038995548782099986
203.12918564898206 0.00391705572735165
203.5120242155944 0.00391679452064833
203.89486278220673 0.0039431763977130505
204.27770134881905 0.0039254143418674965
204.66053991543137 0.0040168366881313785
205.0433784820437 0.0039935892915096945
205.42621704865604 0.003963028107187494
205.80905561526836 0.004042173738381654
206.19189418188068 0.004013441000984434
206.574732748493 0.004035121157384155
206.95757131510533 0.00404609183893552
207.34040988171768 0.004099900419879707
207.72324844833 0.004077959056776374
208.10608701494232 0.0041450891796044245
208.48892558155464 0.004111132308134983
208.87176414816696 0.004100945246693846
209.2546027147793 0.004161806408635535
209.63744128139163 0.004169642609743868
210.02027984800395 0.0041787848443702565
210.40311841461627 0.0042273692912419185
210.7859569812286 0.004186098632071056
211.16879554784094 0.004238078766089974
211.55163411445326 0.004235727905757474
211.93447268106559 0.0042169210230974755
212.3173112476779 0.004296327860995247
212.70014981429023 0.004272558050966321
213.08298838090258 0.004346218341384966
213.4658269475149 0.004310171816286635
213.84866551412722 0.004267856330301639
214.23150408073954 0.0043767795257074645
214.61434264735186 0.004435812240723242
214.9971812139642 0.004412826050805794
215.38001978057653 0.0043984596821071845
215.76285834718885 0.004455925156901625
216.14569691380117 0.00440211657595774
216.5285354804135 0.004445999302164074
216.91137404702584 0.004477866520004957
217.29421261363817 0.0044786501401157894
217.6770511802505 0.004499285469701066
218.0598897468628 0.004543429402611341
218.44272831347513 0.0045799983411165535
218.82556688008748 0.004584438855078282
219.2084054466998 0.004628321581284946
219.59124401331212 0.004601678497516615
219.97408257992444 0.004618656933251335
220.35692114653676 0.004677689648267095
220.7397597131491 0.00466045000582911
221.12259827976143 0.004736199949876328
221.50543684637375 0.004722355994584939
221.88827541298608 0.004804113692815211
222.2711139795984 0.004821614541956796
222.65395254621075 0.004828144709547432
223.03679111282307 0.004864974854756596
223.4196296794354 0.004893968798857427
223.8024682460477 0.004794971458188823
224.18530681266003 0.004928970497140948
224.56814537927238 0.004932104977584647
224.9509839458847 0.0049260972234015914
225.33382251249702 0.0049592704747602
225.71666107910934 0.005035542832214639
226.09949964572166 0.004994272173043716
226.482338212334 0.005058006608725193
226.86517677894633 0.005149428954989075
227.24801534555866 0.005123830698035188
227.63085391217098 0.005181818586236851
228.0136924787833 0.005159616016429525
228.39653104539565 0.00525338922302629
228.77936961200797 0.005232753893441014
229.1622081786203 0.005219171144853237
229.5450467452326 0.005317384865411008
229.92788531184493 0.005218126318038405
230.31072387845728 0.005339065021810729
230.6935624450696 0.005316340038596564
231.07640101168192 0.005390261535718502
231.45923957829424 0.005411419278711001
231.84207814490657 0.005438062362478929
232.22491671151892 0.00548534077583294
232.60775527813124 0.005520081267413215
232.99059384474356 0.005613593267305986
233.37343241135588 0.005585644150019599
233.7562709779682 0.005555866585807523
234.13910954458055 0.005611503613677098
234.52194811119287 0.005694306138721814
234.9047866778052 0.005621429468414319
235.2876252444175 0.005687514764427926
235.67046381102983 0.005631877736558344
236.05330237764218 0.005727218183376812
236.4361409442545 0.005747592306258477
236.81897951086682 0.0059024878814998545
237.20181807747915 0.005901443054685411
237.58465664409147 0.005877150831249143
237.96749521070382 0.005941146473634296
238.35033377731614 0.0059492438814462405
238.73317234392846 0.005974058518289293
239.11601091054078 0.006021336931642901
239.4988494771531 0.006067831724885226
239.88168804376545 0.006050330875743732
240.26452661037777 0.006129476506937894
240.6473651769901 0.00609029550139623
241.0302037436024 0.006159776484556781
241.41304231021473 0.006197129043172707
241.79588087682708 0.006237877288936497
242.1787194434394 0.006363517713373432
242.56155801005173 0.006291685869880382
242.94439657666405 0.006348628931267601
243.32723514327637 0.0063172841268338
243.71007370988872 0.006445014204900093
244.09291227650104 0.006433259903237594
244.47575084311336 0.006404527165840374
244.85858940972568 0.006412885780355929
245.241427976338 0.006502740886397662
245.62426654295035 0.006612186495211192
246.00710510956267 0.006600432193548693
246.389943676175 0.006597297713105361
246.77278224278731 0.006622373556652025
247.15562080939964 0.006662076975600912
247.53845937601196 0.0067305131319465175
247.9212979426243 0.006725811411282019
248.30413650923663 0.006844399254721454
248.68697507584895 0.006782493265965624
249.06981364246127 0.0067412226067950715
249.4526522090736 0.0067984268748853965
249.83549077568594 0.006906566450180894
250.21832934229826 0.006854586316162287
250.60116790891058 0.0069366052210961685
250.9840064755229 0.006938172461317836
251.36684504213522 0.006937388841206487
251.74968360874757 0.006968733645640334
252.1325221753599 0.0069906750087436655
252.51536074197222 0.007090455969523103
252.89819930858454 0.007051797377388661
253.28103787519686 0.007105344751628408
253.6638764418092 0.007096202517002548
254.04671500842153 0.007058588751682549
254.42955357503385 0.007170646427531708
254.81239214164617 0.00709959820414949
255.1952307082585 0.007101949064481463
255.57806927487084 0.007091762003041157
255.96090784148316 0.007033512908135362
256.3437464080955 0.007131726628694184
256.7265849747078 0.007092806829855076
257.10942354132015 0.007013399991958351
257.49226210793245 0.007044744796390638
257.8751006745448 0.007046050829908694
258.25793924115715 0.007119188706920852
258.64077780776944 0.007024893086916196
259.0236163743818 0.007029333600878629
259.4064549409941 0.007014183612068143
259.78929350760643 0.006898207835664827
260.1721320742188 0.00687208716530474
260.5549706408311 0.006950710383090652
260.9378092074434 0.006932425913838907
261.3206477740557 0.006839175120648724
261.70348634066806 0.006859810450233999
262.0863249072804 0.006758201042530295
262.4691634738927 0.0067827544726687325
262.85200204050506 0.006762641556491684
263.23484060711735 0.00671144504258291
263.6176791737297 0.006682712305185692
264.00051774034205 0.006626030450503073
264.38335630695434 0.006601738227066259
264.7661948735667 0.00662054510972724
265.149033440179 0.006534346897534602
265.53187200679133 0.0064118409535410086
265.9147105734037 0.00648236676351696
266.297549140016 0.006357771165893517
266.6803877066283 0.006332434115644183
267.0632262732406 0.006263214339186308
267.44606483985297 0.006335568596086576
267.8289034064653 0.006175971300181126
268.2117419730776 0.006094997222060777
268.59458053968996 0.0061232075460516825
268.97741910630225 0.006031523993083287
269.3602576729146 0.005997567121613847
269.74309623952695 0.00592051114404946
270.12593480613924 0.005834312931856926
270.5087733727516 0.005802968127424459
270.8916119393639 0.005775541423544434
271.27445050597623 0.005756473334180826
271.6572890725886 0.005735576797892792
272.0401276392009 0.005621951881821124
272.4229662058132 0.005491609736720015
272.8058047724255 0.005459742518878648
273.18864333903787 0.005413247725635877
273.5714819056502 0.0053821641279069585
273.9543204722625 0.0053435055357717205
274.33715903887486 0.005257568530284458
274.71999760548715 0.005251821982804233
275.1028361720995 0.005100060888006201
275.48567473871185 0.005076029871274736
275.86851330532414 0.0050143850892217685
276.2513518719365 0.004967629089276124
276.6341904385488 0.00497102477642233
277.01702900516113 0.004894230005560675
277.3998675717735 0.004807248173258901
277.7827061383858 0.0047740749218995815
278.1655447049981 0.004690227570041123
278.5483832716104 0.0046173508997329376
278.93122183822277 0.004530107860726839
279.3140604048351 0.004497979436183345
279.6968989714474 0.0044337225870943525
280.07973753805976 0.004400026922329178
280.46257610467205 0.004349875235235198
280.8454146712844 0.004192628799661332
281.22825323789675 0.004216398609690566
281.61109180450904 0.004202032240991332
281.9939303711214 0.0040479202858614
282.3767689377337 0.004047397872453576
282.75960750434604 0.003923063481534705
283.1424460709584 0.0038836212692900103
283.5252846375707 0.00381231183920361
283.908123204183 0.0037895868559900095
284.2909617707953 0.0038010799509483337
284.67380033740767 0.0036958136493930715
285.05663890402 0.0036352136941558426
285.4394774706323 0.003560247370218925
285.82231603724466 0.0034923336272805645
286.20515460385695 0.0035330818730433733
286.5879931704693 0.0033818431916525626
286.97083173708165 0.003307138074420286
287.35367030369395 0.003328557024115903
287.7365088703063 0.00322590278959723
288.1193474369186 0.0031329132031112095
288.50218600353094 0.0031229873483739888
288.8850245701433 0.003083545136129175
289.2678631367556 0.00299682451052984
289.65070170336793 0.002968091773133063
290.0335402699802 0.0029048797508587428
290.41637883659257 0.0028505487565076396
290.7992174032049 0.002799613449303896
291.1820559698172 0.0027259531588851578
291.56489453642956 0.002711847996890562
291.94773310304186 0.0025679231032004588
292.3305716696542 0.0025679231032004588
292.71341023626655 0.0025214283099580623
293.09624880287885 0.002482508511119638
293.4790873694912 0.002432356824026673
293.8619259361035 0.0024394094050238105
294.24476450271584 0.002334143103468895
294.62760306932813 0.0022899991705582767
295.0104416359405 0.002283469002968
295.39328020255283 0.002186038902521395
295.7761187691651 0.002122043260136357
296.1589573357775 0.0021317079081702834
296.54179590238977 0.0020674510590816425
296.9246344690021 0.002031926947390537
297.30747303561446 0.0019898726681094494
297.69031160222676 0.001893226187773057
298.0731501688391 0.0019141227240622274
298.4559887354514 0.001842029673865287
298.83882730206375 0.0018362831263858432
299.2216658686761 0.001787698679514449
299.6045044352884 0.0017281435510908588
299.98734300190074 0.00167276772992556
300.37018156851303 0.0016636254952989238
300.7530201351254 0.001606943640615321
301.13585870173773 0.0015580979870402818
301.51869726835 0.0015476497188956074
301.9015358349624 0.0015029833725783372
302.28437440157467 0.0014982816519131148
302.667212968187 0.0014478687581161776
303.05005153479937 0.001418352400608337
303.43289010141166 0.0013823058755097982
303.815728668024 0.0013723800207727811
304.1985672346363 0.0013002869705759214
304.58140580124865 0.0012577102778873164
304.964244367861 0.0012216637527891698
305.3470829344733 0.0012046853170542687
305.72992150108564 0.0011668103450308363
306.11276006769793 0.0011814379204328831
306.4955986343103 0.0011158750378265038
306.87843720092263 0.0010735595518416693
307.2612757675349 0.0010968069484628955
307.6441143341473 0.0010644173172152805
308.02695290075957 0.0010181837306759626
308.4097914673719 0.0009672484234718033
308.79263003398427 0.0009484415408119468
309.17546860059656 0.0009231044905615319
309.5583071672089 0.0009071708816413911
309.9411457338212 0.0008753036638007055
310.32398430043355 0.0008491829934395982
310.7068228670459 0.0008102631946016687
311.0896614336582 0.0007823140773151637
311.47250000027054 0.0008060838873438909
311.85533856688284 0.0007627235745443331
312.2381771334952 0.0007650744348768328
312.62101570010753 0.0007295503231858351
313.0038542667198 0.0006927201779765655
313.3866928333322 0.000682533116535835
313.76953139994447 0.0006522331389168493
314.1523699665568 0.0006360383232929627
314.53520853316917 0.0006279409154811127
314.91804709978146 0.0005890211166429696
315.3008856663938 0.0005853642227925015
315.6837242330061 0.0005749159546479716
316.06656279961845 0.0005519297647301973
316.4494013662308 0.0005292047815161124
316.8322399328431 0.000504651351376593
317.21507849945544 0.000495247910046668
317.59791706606774 0.0004597237983554885
317.9807556326801 0.0004492755302110456
318.36359419929244 0.00047095568661083455
318.74643276590473 0.00045005915032187875
319.1292713325171 0.0004419617425100011
319.51210989912937 0.0004218488263318829
319.8949484657417 0.0004181919324813279
320.27778703235407 0.0003829290274938899
320.66062559896636 0.00037483161968188974
321.0434641655787 0.00034609888228472307
321.426302732191 0.00033251613369689593
321.80914129880335 0.00034766612250633814
322.1919798654157 0.00033747906106555643
322.574818432028 0.0003210230387380087
322.95765699864035 0.00030352218959611184
323.34049556525264 0.00027426703879162667
323.723334131865 0.0002925515080444018
324.10617269847734 0.0002612067036111118
324.48901126508963 0.0002698265248302384
324.871849831702 0.0002533705025027784
325.2546883983143 0.00024031016732218715
325.6375269649266 0.00023848172039690963
326.02036553153897 0.00021889121762611166
326.40320409815126 0.00023769810028607645
326.7860426647636 0.00021680156399722279
327.1688812313759 0.00021236105003580232
327.55171979798826 0.00019956192155885975
327.9345583646006 0.0001974722679300005
328.3173969312129 0.0001849343461566397
328.70023549782525 0.00017866538527000044
329.08307406443754 0.00017161280427247495
329.4659126310499 0.00016011970931358773
329.84875119766224 0.0001684783238291671
330.23158976427453 0.00015332833501969985
330.6144283308869 0.00014052920654277813
330.9972668974992 0.0001488878210583116
331.3801054641115 0.00014000679313553511
331.7629440307239 0.00013373783224888923
332.14578259733617 0.00012616283784414826
332.5286211639485 0.00012067749706833365
332.9114597305608 0.00012067749706831573
333.29429829717316 0.0001141473294780389
333.6771368637855 0.00011153526244194472
334.0599754303978 0.000107355955184151
334.44281399701015 0.00011075164233111138
334.82565256362244 0.00010108699429748525
335.2084911302348 0.00010187061440831846
335.59132969684714 8.907148593138911e-05
335.97416826345943 9.037751944943126e-05
336.3570068300718 7.601115075083353e-05
336.7398453966841 7.888442449054405e-05
337.1226839632964 7.104822338221186e-05
337.5055225299088 7.601115075083353e-05
337.88836109652107 7.54887373436001e-05
338.2711996631334 6.19059887558335e-05
338.6540382297457 6.765253623526791e-05
339.03687679635806 6.451805579193503e-05
339.4197153629704 6.399564238472239e-05
339.8025539295827 5.877150831249143e-05
340.18539249619505 5.354737424027792e-05
340.56823106280734 5.198013401860353e-05
340.9510696294197 4.884565357527065e-05
341.33390819603204 4.7017206650000125e-05
341.71674676264433 4.362151950304919e-05
342.0995853292567 5.119651390777791e-05
342.482423895869 3.996462565249417e-05
342.8652624624813 4.231548598499382e-05
343.2481010290937 3.918100554166677e-05
343.63093959570597 4.022583235610524e-05
344.0137781623183 3.0299977618888965e-05
344.3966167289306 3.056118432249554e-05
344.77945529554296 3.056118432249554e-05
345.1622938621553 2.7165497175555623e-05
345.5451324287676 3.421807817305056e-05
345.92797099537995 2.2724983214166724e-05
346.31080956199224 2.61206703611073e-05
346.6936481286046 3.029997761888447e-05
347.07648669521694 2.5859463657500066e-05
347.45932526182924 2.1418949696107986e-05
347.8421638284416 2.5598256953888954e-05
348.2250023950539 2.0896536288885842e-05
348.6078409616662 2.0374122881663695e-05
348.9906795282786 1.906808936361116e-05
349.37351809489087 1.2799128476942576e-05
349.7563566615032 2.1418949696111164e-05
350.1391952281155 1.5411195513053306e-05
350.52203379472786 1.750084914194189e-05
350.9048723613402 1.2799128476944477e-05
351.2877109279525 1.4627575402220089e-05
351.67054949456485 1.619481562388893e-05
352.05338806117715 1.1493094958887213e-05
352.4362266277895 1.227671506972043e-05
352.81906519440184 8.358614515555577e-06
353.20190376101414 1.3321541884164722e-05
353.5847423276265 1.2799128476944477e-05
353.9675808942388 1.0187061440831847e-05
354.3504194608511 9.142234626387556e-06
354.7332580274635 8.619821219166688e-06
355.11609659407577 8.097407811943263e-06
355.4989351606881 7.052580997500018e-06
355.8817737273004 1.0187061440831847e-05
356.26461229391276 6.007754183054678e-06
356.6474508605251 7.31378770111113e-06
357.0302894271374 5.746547479443606e-06
357.41312799374975 6.791374293888906e-06
357.79596656036205 7.0525809974989715e-06
358.1788051269744 7.313787701110044e-06
358.56164369358675 5.4853407758333475e-06
358.94448226019904 4.440513961388241e-06
359.3273208268114 5.224134072222236e-06
359.7101593934237 5.224134072221461e-06
360.09299796003603 4.179307257777168e-06
360.4758365266484 3.395687146944453e-06
360.8586750932607 3.656893850555022e-06
361.241513659873 4.4405139613889e-06
361.6243522264853 3.3956871469439493e-06
362.00719079309766 1.828446925277511e-06
362.39002935971 3.134480443333341e-06
362.7728679263223 4.179307257777168e-06
363.15570649293466 2.612067036111118e-06
363.53854505954695 1.5672402216664378e-06
363.9213836261593 3.9181005541660954e-06
364.30422219277165 7.836201108333353e-07
364.68706075938394 1.828446925277511e-06
365.0698993259963 2.089653628888894e-06
365.4527378926086 2.350860332499657e-06
365.83557645922093 2.350860332499657e-06
366.2184150258333 1.5672402216666705e-06
366.6012535924456 1.044826814444292e-06
366.9840921590579 1.044826814444447e-06
367.3669307256702 1.044826814444292e-06
367.74976929228256 1.5672402216664378e-06
368.1326078588949 1.8284469252777826e-06
368.5154464255072 2.089653628888584e-06
368.89828499211956 7.836201108333353e-07
369.28112355873185 1.5672402216664378e-06
369.6639621253442 1.044826814444292e-06
370.04680069195655 1.044826814444447e-06
370.42963925856884 1.044826814444292e-06
370.8124778251812 7.836201108333353e-07
371.1953163917935 1.044826814444292e-06
371.57815495840583 7.836201108332189e-07
371.9609935250182 2.6120670361111177e-07
372.3438320916305 2.61206703611073e-07
372.7266706582428 5.224134072222235e-07
373.1095092248551 2.61206703611073e-07
373.49234779146747 5.22413407222146e-07
373.8751863580798 7.836201108333353e-07
374.2580249246921 0.0
374.64086349130446 2.6120670361111177e-07
375.02370205791675 5.22413407222146e-07
375.4065406245291 5.22413407222146e-07
375.78937919114145 5.224134072222235e-07
376.17221775775374 2.61206703611073e-07
376.5550563243661 5.224134072222235e-07
376.9378948909784 7.836201108332189e-07
377.32073345759073 0.0
377.7035720242031 0.0
378.0864105908154 2.61206703611073e-07
378.4692491574277 0.0
378.85208772404 2.61206703611073e-07
379.23492629065237 5.22413407222146e-07
379.6177648572647 0.0
380.000603423877 5.22413407222146e-07
380.38344199048936 0.0
380.76628055710165 0.0
381.149119123714 5.22413407222146e-07
381.53195769032635 5.224134072222235e-07
381.91479625693864 0.0
382.297634823551 2.6120670361111177e-07
382.6804733901633 0.0
383.06331195677564 2.61206703611073e-07
383.446150523388 2.6120670361111177e-07
