0.5379481355485172 2.895761570985047e-06
0.8832804343191758 4.3436423564775726e-06
1.2286127330898342 8.68728471295514e-07
1.5739450318604928 1.737456942591028e-06
1.9192773306311515 2.027033099689534e-06
2.26460962940181 2.316609256788036e-06
2.6099419281724687 2.0270330996895315e-06
2.9552742269431276 2.606185413886547e-06
3.3006065257137855 2.0270330996895315e-06
3.6459388244844444 2.6061854138865407e-06
3.9912711232551032 1.7374569425910316e-06
4.336603422025761 2.895761570985045e-07
4.68193572079642 8.687284712955135e-07
5.027268019567079 8.687284712955135e-07
5.372600318337738 3.1853377280835576e-06
5.717932617108396 3.1853377280835495e-06
6.063264915879055 3.7644900422805583e-06
6.408597214649713 2.8957615709850527e-06
6.753929513420371 3.7644900422805583e-06
7.09926181219103 3.474913885182054e-06
7.444594110961689 3.474913885182063e-06
7.789926409732347 3.474913885182054e-06
8.135258708503006 1.158304628394018e-06
8.480591007273665 2.027033099689542e-06
8.825923306044322 2.0270330996895315e-06
9.17125560481498 1.158304628394018e-06
9.51658790358564 8.687284712955135e-07
9.861920202356298 2.0270330996895315e-06
10.207252501126957 1.44788078549253e-06
10.552584799897614 5.79152314197009e-07
10.897917098668273 2.316609256788036e-06
11.243249397438932 2.316609256788036e-06
11.58858169620959 3.1853377280835495e-06
11.93391399498025 2.6061854138865407e-06
12.279246293750909 4.054066199379063e-06
12.624578592521567 2.89576157098506e-06
12.969910891292225 1.737456942591027e-06
13.315243190062883 2.0270330996895315e-06
13.660575488833542 2.6061854138865407e-06
14.005907787604201 8.687284712955135e-07
14.35124008637486 1.158304628394018e-06
14.696572385145519 1.7374569425910358e-06
15.041904683916176 1.4478807854925226e-06
15.387236982686835 2.316609256788036e-06
15.732569281457494 4.3436423564775454e-06
16.077901580228154 4.054066199379084e-06
16.42323387899881 3.7644900422805392e-06
16.768566177769472 3.4749138851820717e-06
17.11389847654013 4.922794670674552e-06
17.45923077531079 3.7644900422805778e-06
17.804563074081447 2.027033099689521e-06
18.149895372852107 4.054066199379084e-06
18.495227671622764 7.818556241659662e-06
18.84055997039342 5.791523141970061e-06
19.185892269164082 6.949827770364143e-06
19.53122456793474 1.1293470126841618e-05
19.8765568667054 1.303092706943277e-05
20.221889165476057 1.1872622441038747e-05
20.567221464246714 9.5560131842506e-06
20.912553763017375 9.556013184250698e-06
21.25788606178803 1.5926688640417666e-05
21.603218360558692 1.9112026368501396e-05
21.94855065932935 1.7664145583008684e-05
22.29388295810001 2.1718211782387947e-05
22.639215256870667 2.8088887238555082e-05
22.984547555641324 2.6641006453062278e-05
23.329879854411985 3.0984648809540145e-05
23.675212153182642 2.8957615709850303e-05
24.020544451953302 3.3011681909229685e-05
24.36587675072396 4.140939046508593e-05
24.71120904949462 4.111981430798785e-05
25.056541348265277 5.76256552626027e-05
25.401873647035934 5.7915231419700606e-05
25.747205945806595 6.80503969181489e-05
26.092538244577252 8.281878093017187e-05
26.437870543347913 8.484581402986225e-05
26.78320284211857 8.426666171566525e-05
27.128535140889227 8.803115175794491e-05
27.473867439659887 8.021259551628616e-05
27.819199738430544 8.62936948153539e-05
28.164532037201205 8.803115175794582e-05
28.509864335971862 9.469140337121048e-05
28.855196634742523 8.889988022924135e-05
29.20052893351318 9.527055568540847e-05
29.545861232283837 8.947903254343743e-05
29.891193531054498 0.00010279953576996964
30.236525829825155 0.0001062744496551506
30.581858128595815 0.00011264512511131884
30.927190427366472 0.0001256760521807503
31.272522726137133 0.00013291545610821424
31.61785502490779 0.00011496173436810689
31.963187323678447 0.00010859105891193974
32.308519622449104 0.00012480732370945353
32.65385192121977 0.00011322427742551583
32.999184219990426 0.00011177639664002331
33.34451651876108 0.00011322427742551583
33.68984881753174 0.00013175715147982023
34.0351811163024 0.00013349460842240852
34.38051341507306 0.00014884214474863208
34.72584571384372 0.00012046368135297849
35.071178012614375 0.00012828223759463815
35.41651031138503 0.000112934701268415
35.761842610155696 0.00011467215821100838
36.10717490892635 0.00011640961515359941
36.45250720769701 0.00012741350912334265
36.79783950646767 0.00012625520449494862
37.143171805238325 0.00012364901908105952
37.48850410400899 0.00010830148275484123
37.833836402779646 0.00010540572118385619
38.1791687015503 0.0001253864760236531
38.52450100032096 0.00012393859523816058
38.86983329909162 0.00012799266143753702
39.21516559786228 0.00012799266143753964
39.56049789663294 0.00012249071445266804
39.905830195403595 0.00013146757532272172
40.25116249417425 0.0001248073237094561
40.59649479294491 0.00013928613156437853
40.941827091715574 0.00013667994615049482
41.28715939048623 0.00013667994615049482
41.63249168925689 0.00013407376073660827
41.977823988027545 0.00015666070099028853
42.32315628679821 0.00014536723086345
42.668488585568866 0.00015029002553412462
43.01382088433952 0.00016129391950386784
43.35915318311018 0.00015115875400542014
43.70448548188084 0.00016216264797516
44.0498177806515 0.00016187307181806483
44.39515007942216 0.00015810858177578427
44.740482378192816 0.00013957570772147988
45.08581467696347 0.00018359128360045278
45.43114697573413 0.000194016025255995
45.776479274504794 0.00017403527041620208
46.12181157327545 0.00017606230351589164
46.46714387204611 0.00017403527041620208
46.812476170816765 0.00016332095260355737
47.15780846958742 0.00016563756186034202
47.50314076835809 0.00017403527041620208
47.848473067128744 0.00018619746901433934
48.1938053658994 0.0001830121312862558
48.53913766467006 0.00018938280674241903
48.88446996344072 0.00018996195905661995
49.22980226221138 0.00018996195905661995
49.575134560982036 0.0001977805152982796
49.92046685975269 0.0002032824622831512
50.26579915852335 0.00021834042245226902
50.611131457294015 0.00020067627686926463
50.95646375606467 0.00020241373381185568
51.30179605483533 0.00020444076691154524
51.647128353605986 0.0002322400779930018
51.99246065237664 0.0002348462634068835
52.33779295114731 0.00021689254166678098
52.683125249917964 0.0002325296541501003
53.02845754868862 0.00021834042245227352
53.37378984745928 0.00021428635625289443
53.719122146229935 0.00021283847546739752
54.0644544450006 0.00022384236943714513
54.40978674377126 0.00022152576018035706
54.755119042541914 0.00022818601179362273
55.10045134131257 0.000221236184023254
55.445783640083235 0.00023310880646429733
55.79111593885389 0.00021834042245227352
56.13644823762455 0.00023108177336460776
56.481780536395206 0.0002082052569538258
56.82711283516586 0.00020125542918345753
57.17244513393653 0.0002270277071652287
57.517777432707184 0.0002322400779930018
57.86310973147784 0.00023600456803528236
58.2084420302485 0.00023947948192046446
58.553774329019156 0.00024498142890533103
58.89910662778982 0.00023079219720750926
59.24443892656048 0.00023918990576336595
59.589771225331134 0.00023976905807756297
59.93510352410179 0.00024527100506243455
60.28043582287245 0.00022586940253683
60.62576812164311 0.0002499042235760107
60.97110042041377 0.00024005863423466148
61.31643271918443 0.0002270277071652287
61.661765017955084 0.00021486550856708705
62.00709731672575 0.00023918990576336595
62.352429615496405 0.0002565644751892763
62.69776191426706 0.0002568540513463748
63.04309421303772 0.0002490354951047152
63.388426511808376 0.000259460236760256
63.73375881057904 0.0002655413360593354
64.07909110934969 0.0002716224353583986
64.42442340812035 0.0002727807399867814
64.76975570689102 0.00025540617056088227
65.11508800566168 0.00028349505779943736
65.46042030443233 0.00028349505779943736
65.80575260320299 0.000264962183745133
66.15108490197365 0.0002785722631287628
66.4964172007443 0.0002779931108145658
66.84174949951496 0.0002701745545729061
67.18708179828562 0.0002580123559747688
67.53241409705628 0.0002658309122164176
67.87774639582695 0.00025511659440378374
68.2230786945976 0.0002742286207722852
68.56841099336826 0.0002669892168448225
68.91374329213892 0.0002536687136182913
69.25907559090957 0.000242085667334351
69.60440788968023 0.00028783870015591497
69.94974018845089 0.00028291590548524035
70.29507248722155 0.00029623640871177164
70.6404047859922 0.00027654523002906183
70.98573708476287 0.0002753869254006792
71.33106938353353 0.0002849429385849299
71.67640168230419 0.0003040549649534313
72.02173398107485 0.00030637157421021936
72.3670662798455 0.00031911292512255357
72.71239857861616 0.00028407421011363433
73.05773087738682 0.00027683480618617175
73.40306317615747 0.0002994217464398552
73.74839547492813 0.00031679631586576556
74.09372777369879 0.00028639081937041063
74.43906007246946 0.0003246148721074252
74.78439237124012 0.00032722105752131176
75.12972467001077 0.0003321438521919864
75.47505696878143 0.0003225878390077357
75.82038926755209 0.0003249044482645237
76.16572156632274 0.00034488520310432065
76.5110538650934 0.00034430605079012363
76.85638616386406 0.0003431477461617296
77.20171846263472 0.0003477809646752914
77.54705076140539 0.0003521246070317833
77.89238306017604 0.00035473079244566983
78.2377153589467 0.00036428680562992054
78.58304765771736 0.0004051170437808099
78.92837995648802 0.0003883216266690965
79.27371225525867 0.00042162288473542476
79.61904455402933 0.00040482746762371136
79.96437685279999 0.00040714407688049943
80.30970915157064 0.00039092781208298306
80.6550414503413 0.0004022212822098083
81.00037374911197 0.00041090856692278
81.34570604788263 0.00043668084490454704
81.69103834665329 0.00042017500394993224
82.03637064542394 0.0004259665270919023
82.3817029441946 0.0004329163548622664
82.72703524296526 0.00041061899076568154
83.07236754173591 0.0004282831363486904
83.41769984050657 0.00045029092428817687
83.76303213927723 0.0004537658381733402
84.1083644380479 0.0004528971097020633
84.45369673681856 0.00046216354672921553
84.79902903558921 0.00047056125528507225
85.14436133435987 0.00047258828838476173
85.48969363313053 0.0004838817585116035
85.83502593190119 0.0005090748841791735
86.18035823067184 0.0005212370827773107
86.5256905294425 0.0005464302084448808
86.87102282821316 0.0005528008839010479
87.21635512698381 0.0005310826721186381
87.56168742575449 0.0005391908045174181
87.90701972452514 0.0005713337579553523
88.2523520232958 0.0005655422348133822
88.59768432206646 0.0005794418903541104
88.94301662083711 0.0005695963010127613
89.28834891960777 0.0005788627380399134
89.63368121837843 0.0006278011085895609
89.97901351714908 0.0006463339826438653
90.32434581591974 0.0006260636516469441
90.66967811469041 0.0006666043136407607
91.01501041346107 0.0006816622738098832
91.36034271223173 0.0006443069495441759
91.70567501100238 0.0006425694926015848
92.05100730977304 0.0006828205784382772
92.3963396085437 0.0007317589489879247
92.74167190731436 0.0007940178227641034
93.08700420608501 0.0007864888426795423
93.43233650485567 0.0007888054519363303
93.77766880362633 0.0008122611206612759
94.123001102397 0.000773747491767208
94.46833340116765 0.0008003884982202706
94.81366569993831 0.0007945969750783004
95.15899799870897 0.0008290565377730227
95.50433029747963 0.0009306977689145982
95.84966259625028 0.000943149543669834
96.19499489502094 0.000983690205663625
96.5403271937916 0.000988902576491398
96.88565949256225 0.0010001960466181985
97.23099179133293 0.0010389992516694395
97.57632409010358 0.0010624549203944185
97.92165638887424 0.0011111037147869675
98.2669886876449 0.0011432466682249015
98.61232098641555 0.0011255825226418928
98.95765328518621 0.0011988452903878147
99.30298558395687 0.0012987490645867995
99.64831788272753 0.0012683435680914564
99.99365018149818 0.0013627453953055692
100.33898248026884 0.0014484599378066674
100.68431477903951 0.001445564176235742
101.02964707781017 0.0015081126261690192
101.37497937658082 0.0014863944143866312
101.72031167535148 0.001501162798398655
102.06564397412214 0.0016696961218299858
102.4109762728928 0.0016792521350142363
102.75630857166345 0.0017811829423129103
103.10164087043411 0.001811298862651155
103.44697316920477 0.0018023220017810272
103.79230546797544 0.0019523224511581274
104.1376377667461 0.002050488768414521
104.48297006551675 0.002065257152426545
104.82830236428741 0.0022867829126069017
105.17363466305807 0.002312555190588669
105.51896696182872 0.002345856448654997
105.86429926059938 0.002541320354696489
106.20963155937004 0.0025459535732100646
106.5549638581407 0.002669892168448225
106.90029615691135 0.002996823649812315
107.24562845568202 0.0029719201003019667
107.59096075445268 0.003167673582500557
107.93629305322334 0.00350242362010643
108.281625351994 0.0035003965870067403
108.62695765076465 0.004008023590400422
108.97228994953531 0.004224626555910104
109.31762224830597 0.004245765615378295
109.66295454707662 0.005242486748111353
110.00828684584728 0.005310826721186382
110.35361914461795 0.005905616147866931
110.69895144338861 0.007268071967015403
111.04428374215927 0.007419230721020823
111.38961604092992 0.008574060435529664
111.73494833970058 0.009706592785941921
112.08028063847124 0.009777249368273956
112.4256129372419 0.012018279248059293
112.77094523601255 0.012656215522147303
113.11627753478321 0.01288729729551191
113.46160983355387 0.01513527700306699
113.80694213232454 0.015255161532106393
114.1522744310952 0.01579406276046671
114.49760672986585 0.017180263824497263
114.84293902863651 0.017152174937258707
115.18827132740716 0.017617813397873106
115.53360362617782 0.018379688267199275
115.87893592494848 0.018317429393423096
116.22426822371914 0.01873355033117365
116.5696005224898 0.018972740236936233
116.91493282126046 0.018821002330617398
117.26026512003112 0.018505074743222924
117.60559741880178 0.018732681602702354
117.95092971757244 0.018386927671126735
118.29626201634309 0.01809184956704336
118.64159431511375 0.017971675461847476
118.9869266138844 0.017910574892699694
119.33225891265506 0.01755873986182501
119.67759121142572 0.017648508470525546
120.02292351019638 0.017207483983263813
120.36825580896705 0.01714956875184482
120.7135881077377 0.017325341479203615
121.05892040650836 0.01681829362812413
121.40425270527902 0.016674084701889073
121.74958500404968 0.016568968556862317
122.09491730282033 0.016047731474085003
122.44024960159099 0.016105646705504705
122.78558190036165 0.015752074217687432
123.1309141991323 0.015543289808418768
123.47624649790298 0.015624950284721188
123.82157879667363 0.015221570697882967
124.16691109544429 0.014975430964349237
124.51224339421495 0.014967322831950479
124.8575756929856 0.0145561246888706
125.20290799175626 0.014517611059976501
125.54824029052692 0.014362977392085897
125.89357258929758 0.014152165949718186
126.23890488806823 0.014024173288280645
126.58423718683889 0.013791354057972879
126.92956948560956 0.013589229900318689
127.27490178438022 0.013616450059085948
127.62023408315088 0.013180348366495597
127.96556638192153 0.013015869109263646
128.3108986806922 0.013002548606037652
128.65623097946283 0.012673010939258494
129.0015632782335 0.012565867761133085
129.34689557700415 0.01251606066211111
129.69222787577482 0.01211789344610168
130.03756017454546 0.012118472598414878
130.38289247331613 0.011818182123504713
130.72822477208678 0.01167773768731097
131.07355707085745 0.011538741131904643
131.4188893696281 0.01122223439219504
131.76422166839876 0.011140284339736165
132.10955396716943 0.011073971399761521
132.45488626594008 0.010663352408994945
132.80021856471075 0.010777155838735541
133.1455508634814 0.010603989296789754
133.49088316225206 0.010241150371946185
133.8362154610227 0.010400417258349514
134.18154775979338 0.010166439723414767
134.52688005856402 0.009876573990158339
134.8722123573347 0.010023968254121472
135.21754465610536 0.00975321454723518
135.562876954876 0.009703986600527634
135.90820925364667 0.00961103265409981
136.25354155241732 0.009267016179466007
136.598873851188 0.009242402206113396
136.94420614995863 0.009277440921121554
137.2895384487293 0.009036513558416349
137.63487074749995 0.009025509664445864
137.98020304627062 0.008791821705667379
138.3255353450413 0.008647033627118843
138.67086764381193 0.008655720911831085
139.0161999425826 0.008325893668896587
139.36153224135325 0.00827608656987496
139.70686454012392 0.008178209828776341
140.05219683889456 0.007751664149369587
140.39752913766523 0.007808710652318633
140.74286143643587 0.00783564123492815
141.08819373520654 0.007544038044729967
141.43352603397722 0.007544906773201884
141.77885833274786 0.0073271455030631955
142.12419063151853 0.007207840126339209
142.46952293028917 0.007210446311752503
142.81485522905984 0.006981970723802365
143.1601875278305 0.0069208701546540075
143.50551982660116 0.006829943241325643
143.8508521253718 0.006623185865156757
144.19618442414247 0.006542104541169717
144.54151672291312 0.006443359071598591
144.8868490216838 0.006419324250559417
145.23218132045446 0.006340269959672049
145.5775136192251 0.0061505975767720145
145.92284591799577 0.006044902279431562
146.26817821676642 0.006011601021364737
146.6135105155371 0.005762275950103408
146.95884281430773 0.005803974916725117
147.3041751130784 0.005764302983203098
147.64950741184904 0.00545532522357853
147.99483971061971 0.005523954772810873
148.3401720093904 0.005486020296231422
148.68550430816103 0.005260440469851243
149.0308366069317 0.005270865211507223
149.37616890570234 0.005136212298455989
149.72150120447301 0.005179069569706992
150.06683350324366 0.005108123411217435
150.41216580201433 0.004857350459170539
150.75749810078497 0.004897311968849732
151.10283039955564 0.004849242326771382
151.4481626983263 0.004702427215122832
151.79349499709696 0.0046268478381197384
152.13882729586763 0.004606577507123223
152.48415959463827 0.00442066961426561
152.82949189340894 0.004417773852694989
153.17482419217959 0.004368545905987882
153.52015649095026 0.004249530105420751
153.8654887897209 0.004232445112151589
154.21082108849157 0.004127328967124836
154.55615338726224 0.004116035496998334
154.90148568603288 0.004048564252394046
155.24681798480356 0.003957637339065444
155.5921502835742 0.00396516631914968
155.93748258234487 0.0038655521211081157
156.2828148811155 0.0037864978302199087
156.62814717988618 0.003789683167948304
156.97347947865683 0.0037088914201175117
157.3188117774275 0.0035811883348373713
157.66414407619814 0.003685146175235436
158.0094763749688 0.00350734641477696
158.35480867373948 0.0034352419516597175
158.70014097251013 0.0034975008254356115
159.0454732712808 0.003443060507901378
159.39080557005144 0.0033428671575450155
159.7361378688221 0.0034059947597927676
160.08147016759276 0.0033017473432370294
160.42680246636343 0.003313909541835439
160.77213476513407 0.003273368879841377
161.11746706390474 0.0032496236349593005
161.4627993626754 0.003258600495829622
161.80813166144605 0.003139295119104774
162.15346396021673 0.0031870751850262883
162.49879625898737 0.0031363993575337893
162.84412855775804 0.003024333384736921
163.18946085652868 0.0030408392256912864
163.53479315529935 0.0030469203249906054
163.88012545407 0.003048368205775847
164.22545775284067 0.0030480786296187487
164.57079005161134 0.0030046422060542215
164.91612235038198 0.0029565725639756246
165.26145464915265 0.002984082298900227
165.6067869479233 0.0029724992526160413
165.95211924669397 0.002908792498054612
166.2974515454646 0.0029423833322777984
166.64278384423528 0.0028879430147435194
166.98811614300593 0.0029232713059092977
167.3334484417766 0.0028983677563988275
167.67878074054727 0.002900684365655854
168.0241130393179 0.0028948928425136453
168.36944533808858 0.002907923769583317
168.71477763685922 0.0029079237695830776
169.0601099356299 0.0029238504582237354
169.40544223440054 0.0028757808161451446
169.7507745331712 0.002894313690199687
170.09610683194185 0.0028928658094139557
170.44143913071252 0.002943831213063533
170.78677142948317 0.0029244296105376917
171.13210372825384 0.00291516317351054
171.4774360270245 0.0029502018885197005
171.82276832579515 0.0030237542324224754
172.16810062456582 0.002938908418392858
172.51343292333647 0.0030159356761808157
172.85876522210714 0.0029927695836131827
173.20409752087778 0.0030356268548635133
173.54942981964845 0.003006379662996813
173.8947621184191 0.0030929629339690153
174.24009441718977 0.003095569119382902
174.58542671596044 0.003098175304797043
174.93075901473108 0.0030990440332680836
175.27609131350175 0.003197499926681835
175.6214236122724 0.003225878390077224
175.96675591104307 0.003175202562585249
176.3120882098137 0.0032415155025605426
176.65742050858438 0.003280897859926208
177.00275280735502 0.0032461487210741187
177.3480851061257 0.0032881372638534005
177.69341740489637 0.003308407594850567
178.038749703667 0.003305222257122211
178.38408200243768 0.003320569793448705
178.72941430120832 0.0033755892632971454
179.074746599979 0.0033715351970980438
179.42007889874964 0.0034019406935931083
179.7654111975203 0.0034138133160344273
180.11074349629095 0.00340165111743601
180.45607579506162 0.0034995278585353007
180.8014080938323 0.0034919988784510273
181.14674039260294 0.0035070568386198616
181.4920726913736 0.0035099526001911357
181.83740499014425 0.003503871500891778
182.18273728891492 0.0035800300302089765
182.52806958768556 0.003554257752226916
182.87340188645624 0.0036642966919246457
183.21873418522688 0.0035751072355380076
183.56406648399755 0.0035913235003355234
183.90939878276822 0.0036260726391876413
184.25473108153886 0.003682539989821549
184.60006338030954 0.0037253972610724324
184.94539567908018 0.0036883315129635193
185.29072797785085 0.0036906481222206107
185.6360602766215 0.003752038267525188
185.98139257539216 0.003745088439755132
186.3267248741628 0.0036967292215193755
186.67205717293348 0.003743930135126738
187.01738947170412 0.0037891040156337948
187.3627217704748 0.0037891040156337948
187.70805406924546 0.0037760730885646734
188.0533863680161 0.0037876561348483026
188.39871866678678 0.003869316611150396
188.74405096555742 0.0038215365452288264
189.0893832643281 0.0038542586509812734
189.43471556309873 0.003854837803295153
189.7800478618694 0.0039020387169025287
190.12538016064005 0.003890455670618268
190.47071245941072 0.003908698968515473
190.8160447581814 0.003968641233035188
191.16137705695203 0.0038916139752466616
191.5067093557227 0.003934760822654661
191.85204165449335 0.0038950888891318433
192.19737395326402 0.003920282014799735
192.54270625203466 0.0039420002265817995
192.88803855080533 0.003955320729808656
193.23337084957598 0.0039521353920802475
193.57870314834665 0.003928390147198171
193.92403544711732 0.003977038941591044
194.26936774588796 0.003962560133735793
194.61470004465863 0.004076363563475837
194.96003234342928 0.004056672384792803
195.30536464219995 0.0040068652857721924
195.6506969409706 0.004070282464176432
195.99602923974126 0.004119510410883515
196.3413615385119 0.004046537219294356
196.68669383728258 0.004115456344683798
197.03202613605325 0.004077521868104231
197.3773584348239 0.00412848727175323
197.72269073359456 0.004127908119439373
198.0680230323652 0.004140939046508465
198.41335533113588 0.004190746145529751
198.75868762990652 0.004147888874278829
199.1040199286772 0.004172502847632545
199.44935222744783 0.004183217165444845
199.7946845262185 0.004207831138798564
200.14001682498915 0.004157734463620178
200.48534912375982 0.004192773178629095
200.8306814225305 0.0042631401848043805
201.17601372130113 0.004234472145251278
201.5213460200718 0.0042631401848043805
201.86667831884245 0.00423620960219387
202.21201061761312 0.004291229072042936
202.55734291638376 0.0043013642375410305
202.90267521515443 0.004344511084949064
203.24800751392507 0.004328584396308289
203.59333981269575 0.004416036395752035
203.93867211146642 0.004336692528707404
204.28400441023706 0.004388816236984777
204.62933670900773 0.00436883548214534
204.97466900777837 0.004392001574712859
205.32000130654905 0.004406480382568147
205.6653336053197 0.004409376144138769
206.01066590409036 0.004445862739933546
206.355998202861 0.004484376368827279
206.70133050163167 0.004452522991546445
207.04666280040234 0.004521442116936258
207.391995099173 0.004591809123110821
207.73732739794366 0.004583121838398243
208.0826596967143 0.00460339216939476
208.42799199548497 0.004605998354809025
208.77332429425562 0.004617581401092587
209.1186565930263 0.004631770632790794
209.46398889179693 0.004613527334893208
209.8093211905676 0.004725014155376127
210.15465348933827 0.004690844168838891
210.49998578810892 0.004717485175291566
210.8453180868796 0.004737755506288852
211.19065038565023 0.004733991016246181
211.5359826844209 0.004826365810360998
211.88131498319154 0.0048110182740343805
212.22664728196222 0.0047849564198959105
212.57197958073286 0.004916423995218232
212.91731187950353 0.004799724803907934
213.26264417827417 0.004845188260572003
213.60797647704484 0.004906578405876883
213.95330877581551 0.004871250114711269
214.29864107458616 0.004957543809526219
214.64397337335683 0.004998374047677517
214.98930567212747 0.005067293173066548
215.33463797089814 0.005033991915000635
215.6799702696688 0.005042679199713176
216.02530256843946 0.0050565788552543196
216.3706348672101 0.0051060963781177455
216.71596716598077 0.0050670035969094486
217.06129946475144 0.0050606329214537
217.40663176352209 0.005175884231978483
217.75196406229276 0.00510146315960459
218.0972963610634 0.005219320655543257
218.44262865983407 0.005265942416836548
218.7879609586047 0.005212370827772894
219.13329325737539 0.0052103437946736325
219.47862555614603 0.005197892019917969
219.8239578549167 0.005239301410383053
220.16929015368737 0.005257544708280691
220.514622452458 0.005251463608981191
220.85995475122868 0.0052679694499362375
221.20528704999933 0.005346734164666595
221.55061934877 0.005399437025258965
221.89595164754064 0.005367873224134785
222.2412839463113 0.005379745846576266
222.58661624508196 0.005428684217125468
222.93194854385263 0.005384379065089398
223.2772808426233 0.005475885130732974
223.62261314139394 0.005454746071264333
223.9679454401646 0.005442873448823742
224.31327773893526 0.005434765316424537
224.65861003770593 0.0054808079254036485
225.00394233647657 0.005480228773089001
225.34927463524724 0.005541618918394337
225.69460693401788 0.005546541713064556
226.03993923278856 0.00554306679917983
226.3852715315592 0.005625885580109543
226.73060383032987 0.005514398759626622
227.07593612910054 0.0055870823750588045
227.42126842787118 0.005585634494272853
227.76660072664185 0.005676561407602246
228.1119330254125 0.005542777223022275
228.45726532418317 0.0056073527060557
228.8025976229538 0.005587371951215443
229.14792992172448 0.005714206308025054
229.49326222049513 0.005571734838732125
229.8385945192658 0.005587371951215443
230.18392681803647 0.005599823725971139
230.5292591168071 0.005551754083892329
230.87459141557778 0.0055563873024063615
231.21992371434843 0.0056484725203632255
231.5652560131191 0.0056357311694513555
231.91058831188974 0.005617198295396589
232.2559206106604 0.005576657633403258
232.60125290943105 0.005538723156822896
232.94658520820172 0.005560151792448185
233.2919175069724 0.005510923845741894
233.63724980574304 0.0055323524813667285
233.9825821045137 0.005450402428908304
234.32791440328435 0.005417390746998627
234.67324670205502 0.0054243405747694375
235.01857900082567 0.005429263369439666
235.36391129959634 0.005377429237319477
235.70924359836698 0.005404649396086293
236.05457589713765 0.005339784336896231
236.39990819590832 0.005341521793839261
236.74524049467897 0.0053004019795308355
237.09057279344964 0.005305324774201947
237.43590509222028 0.00524567208583922
237.78123739099095 0.00515995754333849
238.1265696897616 0.005183702788220142
238.47190198853227 0.0051063859542752645
238.8172342873029 0.00502646293491566
239.16256658607358 0.00498621184907938
239.50789888484422 0.005026173358758561
239.8532311836149 0.0048993390019494215
240.19856348238557 0.004900786882735317
240.5438957811562 0.004939879663943211
240.88922807992688 0.004766133969684506
241.23456037869752 0.004799145651593342
241.5798926774682 0.004799145651593738
241.92522497623884 0.004709666619049907
242.2705572750095 0.004668546804742306
242.61588957378015 0.004685342221853634
242.96122187255082 0.004599338103195382
243.3065541713215 0.004522310845407554
243.65188647009214 0.0045448977856608645
243.9972187688628 0.0044426774022054616
244.34255106763345 0.004472793322543339
244.68788336640412 0.00436680844904565
245.03321566517477 0.004307445336840099
245.37854796394544 0.004311788979196932
245.72388026271608 0.004295572714399061
246.06921256148675 0.004237947059136461
246.41454486025742 0.004215649695040223
246.75987715902806 0.0041565761589917845
247.10520945779874 0.004028293921397482
247.45054175656938 0.004073467801904516
247.79587405534005 0.003977328517748143
248.1412063541107 0.003947502173566671
248.48653865288136 0.003858023141023554
248.831870951652 0.0038785830481772297
249.17720325042268 0.0037885248633195982
249.52253554919335 0.00371410379094559
249.867867847964 0.003741034373555445
250.21320014673466 0.003573369778595711
250.5585324455053 0.0036515553410120106
250.90386474427598 0.003534276997387411
251.24919704304662 0.003542964282100075
251.5945293418173 0.0035174815802756975
251.93986164058794 0.003448562454885966
252.2851939393586 0.0033819599387535904
252.63052623812925 0.0033489482568440842
252.97585853689992 0.0033266508927475
253.3211908356706 0.0031633299401442093
253.66652313444123 0.003215453648421678
254.0118554332119 0.00312018309273653
254.35718773198255 0.003102518947153266
254.70252003075322 0.003005800510682616
255.04785232952386 0.002976263742658322
255.39318462829453 0.00299711322596966
255.73851692706518 0.0028740433592023174
256.0838492258359 0.0028540626043629925
256.4291815246065 0.002825394564810239
256.77451382337716 0.0028057033861275398
257.1198461221478 0.0026863980094025083
257.4651784209185 0.0026953748702730046
257.81051071968915 0.002662073612206675
258.1558430184598 0.002609370751614745
258.50117531723043 0.0025213395998563803
258.84650761600113 0.002505412911216377
259.1918399147718 0.002429833534213664
259.5371722135424 0.0024263586203280823
259.8825045123131 0.00237394533589365
260.22783681108376 0.002367285084280384
260.5731691098544 0.002338037892413434
260.91850140862505 0.0022696979193378096
261.26383370739575 0.002202226674734229
261.6091660061664 0.0021836938006799234
261.95449830493703 0.002112747642190787
262.2998306037077 0.0021298326354592485
262.6451629024784 0.002006183616378532
262.990495201249 0.002025585218904133
263.33582750001966 0.00197056574905509
263.68115979879036 0.001928577206276129
264.026492097561 0.001938422795617479
264.37182439633165 0.0018483646107598397
264.7171566951023 0.0018286734320768394
265.062488993873 0.0017733643860713237
265.40782129264363 0.001772495657600028
265.7531535914143 0.0017229781347358978
266.098485890185 0.0016659316317877736
266.4438181889556 0.0016491362146760595
266.78915048772626 0.0016340782545069365
267.1344827864969 0.0015605259106036562
267.4798150852676 0.001546047102748987
267.82514738403825 0.0014924755136857613
268.1704796828089 0.0014571472225197422
268.51581198157953 0.0014504869709062373
268.86114428035023 0.0014128420704836687
269.2064765791209 0.0013450812497226158
269.5518088778915 0.0013615870906770072
269.8971411766622 0.0013479770112936008
270.24247347543286 0.0012723976342908876
270.5878057742035 0.0012298299391974054
270.93313807297415 0.001246914932466013
271.27847037174485 0.0011973974096023716
271.6238026705155 0.0011997140188591596
271.96913496928613 0.0011646753038500473
272.31446726805683 0.001141219635125259
272.6597995668275 0.001090833383790117
273.0051318655981 0.0010615861919231666
273.35046416436876 0.0010485552648535608
273.69579646313946 0.0009839797818207638
274.0411287619101 0.0009836902056636653
274.38646106068074 0.0009721071593797245
274.7317933594514 0.0009263541265580063
275.0771256582221 0.0009249062457726663
275.42245795699273 0.0009057942194041639
275.7677902557634 0.0008562766965401764
276.1131225545341 0.0008519330541838397
276.4584548533047 0.0008215275576884953
276.80378715207536 0.0008119715445042442
277.149119450846 0.0007749057963955063
277.4944517496167 0.0007601374123836095
277.83978404838734 0.0007639019024258902
278.185116347158 0.0007340755582447429
278.53044864592863 0.0007036700617492827
278.87578094469933 0.0006729749890969556
279.22111324347 0.000646913134958089
279.5664455422406 0.0006408320356589147
279.9117778410113 0.0006330134794173602
280.25711013978196 0.0005858125658103017
280.6024424385526 0.0005901562081667795
280.94777473732324 0.0005620673209281307
281.29310703609394 0.0005484572415445929
281.6384393348646 0.0005403491091458344
281.98377163363523 0.0005235536920340342
282.3291039324059 0.0005151559834782633
282.67443623117657 0.0004957543809526626
283.0197685299472 0.0004821443015690323
283.36510082871786 0.00047953811615506674
283.71043312748856 0.0004355225402761709
284.0557654262592 0.0004526075335449835
284.40109772502984 0.0004323372025480872
284.7464300238005 0.00040482746762366144
285.0917623225712 0.00040135255373854585
285.4370946213418 0.0003816613750558466
285.78242692011247 0.0003845571366267685
286.12775921888317 0.0003741323949712851
286.4730915176538 0.00035299333550309337
286.81842381642446 0.0003298272429352119
287.1637561151951 0.0003272210575212714
287.5090884139658 0.00031447970660899044
287.85442071273644 0.00031969207743676376
288.1997530115071 0.0003040549649534438
288.5450853102777 0.0002837846339565008
288.8904176090484 0.00028030972007136534
289.23574990781907 0.0002635143029596513
289.5810822065897 0.000253089561304063
289.9264145053604 0.0002475876143192328
290.27174680413106 0.0002394794819204743
290.6170791029017 0.0002212361840232677
290.96241140167234 0.00023397753493556398
291.30774370044304 0.00022557982637974545
291.6530759992137 0.00022731728332233656
291.9984082979843 0.00020762610463960317
292.343740596755 0.00019314729678471143
292.68907289552567 0.00019778051529828773
293.0344051942963 0.00018677662132854405
293.37973749306695 0.00018446001207172554
293.72506979183765 0.00017403527041620926
294.0704020906083 0.0001653479857032537
294.41573438937894 0.00015144833016252486
294.7610666881496 0.0001615834956609464
295.1063989869203 0.0001326258799511212
295.4517312856909 0.0001476838401202441
295.79706358446157 0.00013146757532270549
296.14239588323227 0.00013754867462179599
296.4877281820029 0.0001279926614375449
296.83306048077355 0.00013146757532272714
297.1783927795442 0.00013204672763690245
297.5237250783149 0.0001195949528816879
297.86905737708554 0.00011612003899650567
298.2143896758562 0.00011235554895420646
298.5597219746269 0.0001048265688696635
298.9050542733975 9.353309874282128e-05
299.25038657216817 9.845589341349609e-05
299.5957188709388 9.208521795731353e-05
299.9410511697095 8.600411865825981e-05
300.28638346848015 9.729758878510201e-05
300.6317157672508 7.847513857369834e-05
300.97704806602144 8.137090014467013e-05
301.32238036479214 7.673768163110725e-05
301.6677126635628 6.805039691815171e-05
302.0130449623334 7.152531080332214e-05
302.3583772611041 7.673768163110725e-05
302.70370955987477 6.4865059190068e-05
303.0490418586454 6.660251613265911e-05
303.39437415741605 6.660251613264816e-05
303.73970645618675 5.415074137742285e-05
304.0850387549574 5.588819832001395e-05
304.43037105372804 5.5019469848718406e-05
304.7757033524987 5.1544555963527704e-05
305.1210356512694 5.2123708277733225e-05
305.46636795004 4.1119814307989545e-05
305.81170024881067 4.691133744995218e-05
306.15703254758137 4.546345666446731e-05
306.502364846352 4.459472819317176e-05
306.84769714512265 4.401557587897472e-05
307.1930294438933 3.648659579440725e-05
307.538361742664 3.88032050512014e-05
307.88369404143464 3.764490042280733e-05
308.2290263402053 3.4749138851816427e-05
308.574358638976 2.895761570985179e-05
308.9196909377466 3.2722105752132524e-05
309.26502323651727 2.693058261016217e-05
309.6103555352879 2.664100645305926e-05
309.9556878340586 3.040549649534438e-05
310.30102013282925 2.345566872497995e-05
310.6463524315999 2.519312566757106e-05
310.99168473037054 2.14286356252868e-05
311.33701702914124 2.2876516410782916e-05
311.6823493279119 2.345566872497995e-05
312.0276816266825 1.6505840954612806e-05
312.3730139254532 1.679541711171404e-05
312.71834622422386 1.8532874054305145e-05
313.0636785229945 1.9691178682699216e-05
313.40901082176515 1.389965554072657e-05
313.75434312053585 1.2741350912334788e-05
314.0996754193065 1.2741350912334788e-05
314.44500771807714 1.1872622441039235e-05
314.7903400168478 1.3610079383628101e-05
315.1356723156185 1.4189231697827378e-05
315.4810046143891 1.0135165498448127e-05
315.82633691315976 1.187262244103728e-05
316.17166921193046 1.1872622441039235e-05
316.5170015107011 1.2451774755236269e-05
316.86233380947175 8.976860870054055e-06
317.2076661082424 7.818556241658696e-06
317.5529984070131 1.100389396974368e-05
317.89833070578374 8.1081323987585e-06
318.2436630045544 7.239403927461756e-06
318.5889953033251 7.818556241659983e-06
318.9343276020957 8.687284712955536e-06
319.27965990086636 6.660251613265912e-06
319.624992199637 8.687284712954107e-06
319.9703244984077 4.633218513576286e-06
320.31565679717835 4.05406619937925e-06
320.660989095949 6.370675456167394e-06
321.00632139471963 5.791523141969404e-06
321.35165369349033 4.922794670674804e-06
321.696985992261 3.4749138851822144e-06
322.0423182910316 4.343642356477053e-06
322.3876505898023 4.05406619937925e-06
322.73298288857296 4.343642356477768e-06
323.0783151873436 3.185337728083697e-06
323.42364748611425 3.1853377280831726e-06
323.76897978488495 2.316609256788143e-06
324.1143120836556 1.7374569425911072e-06
324.45964438242623 3.4749138851816427e-06
324.80497668119693 2.606185413886661e-06
325.1503089799676 2.027033099689625e-06
325.4956412787382 3.4749138851822144e-06
325.84097357750886 2.6061854138862324e-06
326.18630587627956 1.7374569425911072e-06
326.5316381750502 4.343642356477768e-06
326.87697047382085 2.606185413886661e-06
327.2223027725915 2.6061854138862324e-06
327.5676350713622 4.922794670674804e-06
327.91296737013283 2.316609256788143e-06
328.2582996689035 1.447880785492351e-06
328.6036319676742 1.7374569425911072e-06
328.9489642664448 1.4478807854925895e-06
329.29429656521546 1.1583046283940715e-06
329.6396288639861 5.791523141969405e-07
329.9849611627568 1.1583046283940715e-06
330.33029346152745 8.687284712955536e-07
330.6756257602981 5.791523141970358e-07
331.02095805906873 8.687284712954107e-07
331.36629035783943 5.791523141970358e-07
331.7116226566101 1.4478807854925895e-06
332.0569549553807 8.687284712954107e-07
332.4022872541514 5.791523141970358e-07
332.74761955292206 5.791523141970358e-07
333.0929518516927 2.895761570985179e-07
333.43828415046335 2.8957615709847024e-07
333.78361644923405 2.895761570985179e-07
334.1289487480047 5.791523141970358e-07
334.47428104677533 8.687284712954107e-07
334.81961334554603 5.791523141970358e-07
335.1649456443167 2.895761570985179e-07
335.5102779430873 2.895761570985179e-07
335.85561024185796 5.791523141969405e-07
336.20094254062866 8.687284712955536e-07
336.5462748393993 2.895761570985179e-07
336.89160713816995 5.791523141970358e-07
337.2369394369406 0.0
337.5822717357113 2.895761570985179e-07
337.92760403448193 2.895761570985179e-07
338.2729363332526 2.8957615709847024e-07
338.6182686320233 2.895761570985179e-07
338.9636009307939 0.0
339.30893322956456 0.0
339.6542655283352 0.0
339.9995978271059 2.895761570985179e-07
340.34493012587654 5.791523141970358e-07
340.6902624246472 0.0
341.03559472341783 2.8957615709847024e-07
341.38092702218853 0.0
341.7262593209592 0.0
342.0715916197298 2.8957615709847024e-07
342.4169239185005 0.0
342.76225621727116 2.895761570985179e-07
343.1075885160418 0.0
343.45292081481244 0.0
343.79825311358314 2.895761570985179e-07
344.1435854123538 0.0
344.48891771112443 0.0
344.83425000989513 2.895761570985179e-07
345.1795823086658 2.895761570985179e-07
345.5249146074364 0.0
345.87024690620706 2.8957615709847024e-07
