0.5731259580863147 16.0
0.7988667389761097 13.0
1.0246075198659048 11.0
1.2503483007556997 7.0
1.4760890816454948 20.0
1.70182986253529 8.0
1.927570643425085 16.0
2.1533114243148797 15.0
2.3790522052046748 13.0
2.60479298609447 11.0
2.830533766984265 9.0
3.05627454787406 8.0
3.282015328763855 11.0
3.5077561096536503 8.0
3.733496890543445 7.0
3.95923767143324 9.0
4.184978452323035 11.0
4.41071923321283 10.0
4.636460014102624 12.0
4.86220079499242 8.0
5.087941575882215 5.0
5.31368235677201 1.0
5.539423137661805 3.0
5.7651639185515995 3.0
5.990904699441395 2.0
6.21664548033119 7.0
6.442386261220985 10.0
6.66812704211078 17.0
6.8938678230005745 7.0
7.11960860389037 11.0
7.345349384780165 7.0
7.57109016566996 8.0
7.796830946559755 16.0
8.02257172744955 11.0
8.248312508339346 11.0
8.47405328922914 7.0
8.699794070118935 8.0
8.925534851008731 15.0
9.151275631898526 8.0
9.37701641278832 13.0
9.602757193678116 6.0
9.828497974567911 3.0
10.054238755457707 7.0
10.2799795363475 9.0
10.505720317237296 11.0
10.731461098127092 8.0
10.957201879016885 4.0
11.182942659906681 5.0
11.408683440796477 7.0
11.63442422168627 1.0
11.860165002576066 8.0
12.085905783465861 8.0
12.311646564355657 8.0
12.53738734524545 4.0
12.763128126135246 8.0
12.988868907025042 12.0
13.214609687914836 10.0
13.440350468804631 13.0
13.666091249694427 12.0
13.89183203058422 10.0
14.117572811474016 9.0
14.343313592363812 10.0
14.569054373253607 12.0
14.7947951541434 15.0
15.020535935033196 8.0
15.246276715922992 9.0
15.472017496812786 6.0
15.697758277702581 8.0
15.923499058592377 7.0
16.14923983948217 7.0
16.374980620371964 3.0
16.60072140126176 6.0
16.826462182151555 2.0
17.052202963041353 5.0
17.277943743931147 3.0
17.50368452482094 1.0
17.729425305710738 5.0
17.95516608660053 6.0
18.180906867490325 5.0
18.406647648380122 6.0
18.632388429269916 8.0
18.85812921015971 16.0
19.083869991049507 15.0
19.3096107719393 12.0
19.5353515528291 17.0
19.761092333718892 9.0
19.986833114608686 6.0
20.212573895498483 12.0
20.438314676388277 20.0
20.66405545727807 17.0
20.889796238167868 16.0
21.115537019057662 13.0
21.341277799947456 12.0
21.567018580837253 23.0
21.792759361727047 11.0
22.01850014261684 17.0
22.244240923506638 25.0
22.46998170439643 31.0
22.695722485286225 22.0
22.921463266176023 27.0
23.147204047065816 30.0
23.372944827955614 53.0
23.598685608845408 42.0
23.8244263897352 55.0
24.050167170625 44.0
24.275907951514792 35.0
24.501648732404586 25.0
24.727389513294384 22.0
24.953130294184177 38.0
25.17887107507397 33.0
25.40461185596377 37.0
25.630352636853562 83.0
25.856093417743356 50.0
26.081834198633153 67.0
26.307574979522947 59.0
26.53331576041274 69.0
26.759056541302538 98.0
26.984797322192332 99.0
27.210538103082126 124.0
27.436278883971923 100.0
27.662019664861717 94.0
27.887760445751514 135.0
28.113501226641308 107.0
28.3392420075311 112.0
28.5649827884209 109.0
28.790723569310693 130.0
29.016464350200486 173.0
29.242205131090284 165.0
29.467945911980078 172.0
29.69368669286987 166.0
29.91942747375967 156.0
30.145168254649462 281.0
30.370909035539256 256.0
30.596649816429053 249.0
30.822390597318847 258.0
31.04813137820864 266.0
31.27387215909844 333.0
31.499612939988232 340.0
31.72535372087803 345.0
31.951094501767823 359.0
32.17683528265761 350.0
32.402576063547414 306.0
32.62831684443721 314.0
32.854057625327 327.0
33.079798406216796 314.0
33.30553918710659 314.0
33.53127996799639 374.0
33.757020748886184 364.0
33.98276152977598 368.0
34.20850231066577 353.0
34.434243091555565 353.0
34.659983872445366 340.0
34.88572465333516 374.0
35.111465434224954 371.0
35.33720621511475 362.0
35.56294699600454 361.0
35.788687776894335 410.0
36.014428557784136 407.0
36.24016933867393 429.0
36.46591011956372 430.0
36.69165090045352 427.0
36.91739168134331 439.0
37.143132462233105 485.0
37.368873243122906 486.0
37.5946140240127 479.0
37.82035480490249 481.0
38.04609558579229 464.0
38.27183636668208 427.0
38.49757714757188 428.0
38.723317928461675 437.0
38.94905870935147 408.0
39.17479949024126 442.0
39.40054027113106 432.0
39.62628105202085 439.0
39.85202183291065 430.0
40.077762613800445 426.0
40.30350339469024 468.0
40.52924417558003 483.0
40.754984956469826 512.0
40.98072573735962 477.0
41.20646651824942 489.0
41.432207299139215 477.0
41.65794808002901 469.0
41.8836888609188 437.0
42.109429641808596 441.0
42.3351704226984 458.0
42.56091120358819 463.0
42.786651984477984 449.0
43.01239276536778 434.0
43.23813354625757 440.0
43.463874327147366 421.0
43.68961510803717 466.0
43.91535588892696 468.0
44.141096669816754 452.0
44.36683745070655 448.0
44.59257823159634 457.0
44.818319012486135 425.0
45.044059793375936 441.0
45.26980057426573 446.0
45.495541355155524 456.0
45.72128213604532 443.0
45.94702291693511 428.0
46.17276369782491 486.0
46.398504478714706 469.0
46.6242452596045 497.0
46.849986040494294 459.0
47.07572682138409 515.0
47.30146760227388 443.0
47.52720838316368 481.0
47.752949164053476 426.0
47.97868994494327 451.0
48.20443072583306 471.0
48.43017150672286 502.0
48.65591228761265 471.0
48.88165306850245 571.0
49.107393849392245 545.0
49.33313463028204 511.0
49.55887541117183 515.0
49.78461619206163 517.0
50.01035697295142 530.0
50.23609775384122 502.0
50.461838534731015 542.0
50.68757931562081 520.0
50.9133200965106 629.0
51.1390608774004 567.0
51.3648016582902 537.0
51.59054243917999 564.0
51.816283220069785 570.0
52.04202400095958 539.0
52.26776478184937 578.0
52.493505562739166 544.0
52.71924634362897 503.0
52.94498712451876 605.0
53.170727905408555 612.0
53.39646868629835 588.0
53.62220946718814 599.0
53.847950248077936 616.0
54.07369102896774 680.0
54.29943180985753 695.0
54.525172590747324 672.0
54.75091337163712 733.0
54.97665415252691 736.0
55.20239493341671 676.0
55.42813571430651 673.0
55.6538764951963 628.0
55.879617276086094 637.0
56.10535805697589 655.0
56.33109883786568 598.0
56.55683961875548 649.0
56.782580399645276 610.0
57.00832118053507 628.0
57.234061961424864 596.0
57.45980274231466 690.0
57.68554352320445 701.0
57.91128430409425 686.0
58.137025084984046 700.0
58.36276586587384 744.0
58.58850664676363 714.0
58.81424742765343 720.0
59.03998820854323 724.0
59.26572898943302 693.0
59.491469770322816 652.0
59.71721055121261 699.0
59.9429513321024 753.0
60.1686921129922 744.0
60.394432893882 756.0
60.62017367477179 811.0
60.845914455661585 739.0
61.07165523655138 706.0
61.29739601744117 767.0
61.52313679833097 723.0
61.74887757922077 712.0
61.97461836011056 827.0
62.200359141000355 812.0
62.42609992189015 877.0
62.65184070277994 897.0
62.87758148366974 860.0
63.10332226455954 821.0
63.32906304544933 852.0
63.554803826339125 790.0
63.78054460722892 792.0
64.00628538811871 861.0
64.2320261690085 786.0
64.4577669498983 768.0
64.6835077307881 821.0
64.90924851167789 780.0
65.13498929256768 819.0
65.36073007345747 849.0
65.58647085434727 840.0
65.81221163523706 817.0
66.03795241612686 814.0
66.26369319701666 783.0
66.48943397790646 818.0
66.71517475879625 832.0
66.94091553968605 837.0
67.16665632057584 813.0
67.39239710146563 799.0
67.61813788235543 789.0
67.84387866324522 766.0
68.06961944413501 758.0
68.29536022502481 765.0
68.5211010059146 770.0
68.74684178680441 853.0
68.9725825676942 850.0
69.198323348584 858.0
69.42406412947379 862.0
69.64980491036359 853.0
69.87554569125338 835.0
70.10128647214317 812.0
70.32702725303297 844.0
70.55276803392276 863.0
70.77850881481255 824.0
71.00424959570235 957.0
71.22999037659216 869.0
71.45573115748195 881.0
71.68147193837174 879.0
71.90721271926154 851.0
72.13295350015133 878.0
72.35869428104112 833.0
72.58443506193092 900.0
72.81017584282071 858.0
73.0359166237105 881.0
73.2616574046003 835.0
73.4873981854901 754.0
73.71313896637989 867.0
73.9388797472697 787.0
74.16462052815949 780.0
74.39036130904928 863.0
74.61610208993908 883.0
74.84184287082887 928.0
75.06758365171866 866.0
75.29332443260846 912.0
75.51906521349825 851.0
75.74480599438805 896.0
75.97054677527784 896.0
76.19628755616763 932.0
76.42202833705744 930.0
76.64776911794723 959.0
76.87350989883703 844.0
77.09925067972682 865.0
77.32499146061662 871.0
77.55073224150641 861.0
77.7764730223962 909.0
78.002213803286 926.0
78.22795458417579 948.0
78.45369536506558 958.0
78.67943614595538 957.0
78.90517692684517 965.0
79.13091770773498 984.0
79.35665848862477 999.0
79.58239926951457 867.0
79.80814005040436 921.0
80.03388083129416 955.0
80.25962161218395 919.0
80.48536239307374 1013.0
80.71110317396354 981.0
80.93684395485333 1018.0
81.16258473574312 943.0
81.38832551663292 942.0
81.61406629752273 944.0
81.83980707841252 942.0
82.06554785930231 1019.0
82.2912886401921 966.0
82.5170294210819 851.0
82.7427702019717 883.0
82.96851098286149 892.0
83.19425176375128 922.0
83.41999254464108 858.0
83.64573332553087 1051.0
83.87147410642066 1054.0
84.09721488731047 1023.0
84.32295566820027 1046.0
84.54869644909006 1037.0
84.77443722997985 975.0
85.00017801086965 944.0
85.22591879175944 944.0
85.45165957264923 989.0
85.67740035353903 998.0
85.90314113442882 1113.0
86.12888191531862 1088.0
86.35462269620841 1119.0
86.5803634770982 1092.0
86.80610425798801 1082.0
87.0318450388778 952.0
87.2575858197676 968.0
87.48332660065739 948.0
87.70906738154719 988.0
87.93480816243698 1027.0
88.16054894332677 1010.0
88.38628972421657 1066.0
88.61203050510636 996.0
88.83777128599615 1044.0
89.06351206688595 1032.0
89.28925284777576 1115.0
89.51499362866555 1168.0
89.74073440955534 1195.0
89.96647519044514 1174.0
90.19221597133493 1213.0
90.41795675222473 1095.0
90.64369753311452 1106.0
90.86943831400431 1163.0
91.0951790948941 1146.0
91.3209198757839 1079.0
91.5466606566737 1132.0
91.7724014375635 1190.0
91.9981422184533 1284.0
92.22388299934309 1179.0
92.44962378023288 1179.0
92.67536456112268 1172.0
92.90110534201247 1167.0
93.12684612290226 1208.0
93.35258690379206 1232.0
93.57832768468185 1253.0
93.80406846557165 1319.0
94.02980924646144 1368.0
94.25555002735123 1347.0
94.48129080824104 1354.0
94.70703158913084 1342.0
94.93277237002063 1346.0
95.15851315091042 1397.0
95.38425393180022 1431.0
95.60999471269001 1492.0
95.8357354935798 1425.0
96.0614762744696 1248.0
96.28721705535939 1257.0
96.51295783624919 1288.0
96.73869861713898 1321.0
96.96443939802879 1327.0
97.19018017891858 1479.0
97.41592095980837 1554.0
97.64166174069817 1484.0
97.86740252158796 1512.0
98.09314330247776 1481.0
98.31888408336755 1519.0
98.54462486425734 1457.0
98.77036564514714 1508.0
98.99610642603693 1475.0
99.22184720692672 1575.0
99.44758798781652 1484.0
99.67332876870633 1575.0
99.89906954959612 1534.0
100.12481033048591 1524.0
100.35055111137571 1570.0
100.5762918922655 1564.0
100.8020326731553 1649.0
101.02777345404509 1615.0
101.25351423493488 1580.0
101.47925501582468 1650.0
101.70499579671447 1689.0
101.93073657760426 1687.0
102.15647735849407 1757.0
102.38221813938387 1821.0
102.60795892027366 1817.0
102.83369970116345 1749.0
103.05944048205325 1890.0
103.28518126294304 1835.0
103.51092204383284 1739.0
103.73666282472263 1836.0
103.96240360561242 1863.0
104.18814438650222 1830.0
104.41388516739201 1810.0
104.63962594828182 1795.0
104.86536672917161 1862.0
105.0911075100614 1917.0
105.3168482909512 1915.0
105.542589071841 1942.0
105.76832985273079 1982.0
105.99407063362058 1981.0
106.21981141451037 2044.0
106.44555219540017 2089.0
106.67129297628996 2018.0
106.89703375717976 2025.0
107.12277453806955 2164.0
107.34851531895936 2164.0
107.57425609984915 2256.0
107.79999688073895 2276.0
108.02573766162874 2325.0
108.25147844251853 2383.0
108.47721922340833 2321.0
108.70296000429812 2369.0
108.92870078518791 2213.0
109.15444156607771 2229.0
109.3801823469675 2346.0
109.6059231278573 2282.0
109.8316639087471 2342.0
110.0574046896369 2287.0
110.28314547052669 2362.0
110.50888625141648 2266.0
110.73462703230628 2430.0
110.96036781319607 2748.0
111.18610859408587 2667.0
111.41184937497566 2745.0
111.63759015586545 2675.0
111.86333093675525 2744.0
112.08907171764504 2859.0
112.31481249853485 2943.0
112.54055327942464 2794.0
112.76629406031444 2906.0
112.99203484120423 2900.0
113.21777562209402 2910.0
113.44351640298382 2874.0
113.66925718387361 2783.0
113.8949979647634 2787.0
114.1207387456532 2914.0
114.34647952654299 3335.0
114.57222030743279 3300.0
114.79796108832258 3403.0
115.02370186921239 3327.0
115.24944265010218 3404.0
115.47518343099198 3691.0
115.70092421188177 3726.0
115.92666499277156 3594.0
116.15240577366136 3649.0
116.37814655455115 3621.0
116.60388733544094 3991.0
116.82962811633074 4024.0
117.05536889722053 3968.0
117.28110967811033 4028.0
117.50685045900013 3942.0
117.73259123988993 4221.0
117.95833202077972 4179.0
118.18407280166952 4183.0
118.40981358255931 4150.0
118.6355543634491 4170.0
118.8612951443389 4661.0
119.08703592522869 4586.0
119.31277670611848 4705.0
119.53851748700828 4707.0
119.76425826789807 4705.0
119.98999904878787 5056.0
120.21573982967767 5259.0
120.44148061056747 5226.0
120.66722139145726 5362.0
120.89296217234705 5184.0
121.11870295323685 5384.0
121.34444373412664 5693.0
121.57018451501644 5733.0
121.79592529590623 5381.0
122.02166607679602 5515.0
122.24740685768582 6118.0
122.47314763857561 6244.0
122.69888841946542 6219.0
122.92462920035521 6230.0
123.150369981245 5979.0
123.3761107621348 6673.0
123.6018515430246 6661.0
123.82759232391439 6708.0
124.05333310480418 6812.0
124.27907388569398 6809.0
124.50481466658377 7490.0
124.73055544747356 7739.0
124.95629622836336 7625.0
125.18203700925316 7547.0
125.40777779014296 7594.0
125.63351857103275 8417.0
125.85925935192255 8845.0
126.08500013281234 8819.0
126.31074091370213 8870.0
126.53648169459193 8795.0
126.76222247548172 9396.0
126.98796325637151 9503.0
127.21370403726131 9602.0
127.4394448181511 9557.0
127.6651855990409 9494.0
127.8909263799307 10583.0
128.1166671608205 11165.0
128.3424079417103 11239.0
128.56814872260009 11368.0
128.79388950348988 11262.0
129.01963028437967 12172.0
129.24537106526947 12979.0
129.47111184615926 13333.0
129.69685262704905 13197.0
129.92259340793885 13346.0
130.14833418882864 14819.0
130.37407496971844 16038.0
130.59981575060823 16083.0
130.82555653149802 16211.0
131.05129731238782 16005.0
131.2770380932776 18250.0
131.5027788741674 20594.0
131.72851965505723 20848.0
131.95426043594702 20681.0
132.1800012168368 20504.0
132.4057419977266 24186.0
132.6314827786164 29056.0
132.8572235595062 28904.0
133.082964340396 29012.0
133.30870512128578 28768.0
133.53444590217558 32579.0
133.76018668306537 38415.0
133.98592746395516 38650.0
134.21166824484496 38515.0
134.43740902573475 38875.0
134.66314980662455 42634.0
134.88889058751434 50727.0
135.11463136840413 50434.0
135.34037214929393 50518.0
135.56611293018372 50456.0
135.79185371107351 53357.0
136.0175944919633 60658.0
136.2433352728531 60914.0
136.4690760537429 60618.0
136.6948168346327 60592.0
136.9205576155225 62610.0
137.1462983964123 67194.0
137.3720391773021 67584.0
137.5977799581919 67218.0
137.8235207390817 66945.0
138.04926151997148 68079.0
138.27500230086127 71827.0
138.50074308175107 71510.0
138.72648386264086 71052.0
138.95222464353066 71299.0
139.17796542442045 72057.0
139.40370620531024 73907.0
139.62944698620004 73897.0
139.85518776708983 73858.0
140.08092854797962 73282.0
140.30666932886942 73218.0
140.5324101097592 71242.0
140.758150890649 71285.0
140.9838916715388 71108.0
141.2096324524286 70924.0
141.4353732333184 70935.0
141.66111401420818 68213.0
141.886854795098 69295.0
142.1125955759878 68641.0
142.3383363568776 68497.0
142.56407713776738 68348.0
142.78981791865718 65934.0
143.01555869954697 66115.0
143.24129948043677 66283.0
143.46704026132656 66408.0
143.69278104221635 65999.0
143.91852182310615 64586.0
144.14426260399594 65145.0
144.37000338488573 64510.0
144.59574416577553 64880.0
144.82148494666532 65044.0
145.04722572755512 61979.0
145.2729665084449 62596.0
145.4987072893347 62352.0
145.7244480702245 62216.0
145.9501888511143 61907.0
146.17592963200408 59397.0
146.40167041289388 59163.0
146.62741119378367 59105.0
146.85315197467347 58944.0
147.0788927555633 59033.0
147.30463353645308 57227.0
147.53037431734288 56524.0
147.75611509823267 56646.0
147.98185587912246 56860.0
148.20759666001226 56729.0
148.43333744090205 54672.0
148.65907822179184 54054.0
148.88481900268164 54173.0
149.11055978357143 53784.0
149.33630056446123 54232.0
149.56204134535102 52409.0
149.7877821262408 51412.0
150.0135229071306 51939.0
150.2392636880204 51866.0
150.4650044689102 51723.0
150.6907452498 49885.0
150.91648603068978 49596.0
151.14222681157958 49467.0
151.36796759246937 49926.0
151.59370837335916 49739.0
151.81944915424896 48412.0
152.04518993513875 47583.0
152.27093071602857 46909.0
152.49667149691837 47313.0
152.72241227780816 47326.0
152.94815305869795 45784.0
153.17389383958775 45210.0
153.39963462047754 45161.0
153.62537540136734 45171.0
153.85111618225713 45394.0
154.07685696314692 44241.0
154.30259774403672 43834.0
154.5283385249265 43740.0
154.7540793058163 43914.0
154.9798200867061 43876.0
155.2055608675959 42439.0
155.4313016484857 41366.0
155.65704242937548 41257.0
155.88278321026527 41209.0
156.10852399115507 41299.0
156.33426477204486 40595.0
156.56000555293465 39490.0
156.78574633382445 39412.0
157.01148711471424 39561.0
157.23722789560404 39644.0
157.46296867649386 38791.0
157.68870945738365 37503.0
157.91445023827345 37950.0
158.14019101916324 37375.0
158.36593180005303 37758.0
158.59167258094283 36444.0
158.81741336183262 35625.0
159.04315414272241 35525.0
159.2688949236122 35535.0
159.494635704502 35281.0
159.7203764853918 34597.0
159.9461172662816 34183.0
160.17185804717138 34002.0
160.39759882806118 34293.0
160.62333960895097 34263.0
160.84908038984076 33341.0
161.07482117073056 32324.0
161.30056195162035 32360.0
161.52630273251015 32419.0
161.75204351339994 32175.0
161.97778429428973 31726.0
162.20352507517953 31319.0
162.42926585606935 30979.0
162.65500663695914 30895.0
162.88074741784894 31038.0
163.10648819873873 30436.0
163.33222897962852 29198.0
163.55796976051832 29280.0
163.7837105414081 29595.0
164.0094513222979 29388.0
164.2351921031877 28992.0
164.4609328840775 27980.0
164.6866736649673 27851.0
164.91241444585708 27991.0
165.13815522674687 28182.0
165.36389600763667 27579.0
165.58963678852646 26331.0
165.81537756941626 26297.0
166.04111835030605 25921.0
166.26685913119584 25973.0
166.49259991208564 25962.0
166.71834069297543 24697.0
166.94408147386523 24647.0
167.16982225475502 24836.0
167.3955630356448 24899.0
167.62130381653463 24617.0
167.84704459742443 23070.0
168.07278537831422 23067.0
168.29852615920402 22936.0
168.5242669400938 22984.0
168.7500077209836 22634.0
168.9757485018734 21975.0
169.2014892827632 22008.0
169.42723006365298 22027.0
169.65297084454278 22082.0
169.87871162543257 21690.0
170.10445240632237 20584.0
170.33019318721216 20520.0
170.55593396810195 20724.0
170.78167474899175 20713.0
171.00741552988154 20285.0
171.23315631077134 19914.0
171.45889709166113 19542.0
171.68463787255092 19503.0
171.91037865344072 19569.0
172.1361194343305 19724.0
172.3618602152203 18354.0
172.5876009961101 18442.0
172.81334177699992 18358.0
173.0390825578897 18308.0
173.2648233387795 18348.0
173.4905641196693 17055.0
173.7163049005591 17223.0
173.9420456814489 16968.0
174.16778646233868 16989.0
174.39352724322848 16969.0
174.61926802411827 15921.0
174.84500880500806 15894.0
175.07074958589786 16078.0
175.29649036678765 15987.0
175.52223114767745 15862.0
175.74797192856724 14752.0
175.97371270945703 14849.0
176.19945349034683 14646.0
176.42519427123662 14858.0
176.6509350521264 14828.0
176.8766758330162 13574.0
177.102416613906 13252.0
177.3281573947958 13489.0
177.5538981756856 13357.0
177.77963895657538 13659.0
178.0053797374652 12756.0
178.231120518355 12646.0
178.4568612992448 12632.0
178.6826020801346 12689.0
178.90834286102438 12508.0
179.13408364191417 11971.0
179.35982442280397 11881.0
179.58556520369376 11678.0
179.81130598458356 11756.0
180.03704676547335 11735.0
180.26278754636314 10931.0
180.48852832725294 10509.0
180.71426910814273 10599.0
180.94000988903252 10668.0
181.16575066992232 10486.0
181.3914914508121 10176.0
181.6172322317019 9896.0
181.8429730125917 10095.0
182.0687137934815 10098.0
182.2944545743713 10062.0
182.52019535526108 9183.0
182.74593613615087 8727.0
182.9716769170407 8850.0
183.1974176979305 8674.0
183.42315847882028 8852.0
183.64889925971008 8459.0
183.87464004059987 8308.0
184.10038082148967 8076.0
184.32612160237946 8255.0
184.55186238326925 8215.0
184.77760316415905 7714.0
185.00334394504884 7495.0
185.22908472593863 7591.0
185.45482550682843 7549.0
185.68056628771822 7521.0
185.90630706860802 7156.0
186.1320478494978 6674.0
186.3577886303876 6688.0
186.5835294112774 6627.0
186.8092701921672 6644.0
187.03501097305698 6241.0
187.26075175394678 6176.0
187.48649253483657 6049.0
187.71223331572637 6236.0
187.93797409661616 6132.0
188.16371487750598 5828.0
188.38945565839578 5421.0
188.61519643928557 5359.0
188.84093722017536 5517.0
189.06667800106516 5501.0
189.29241878195495 5157.0
189.51815956284474 4755.0
189.74390034373454 4902.0
189.96964112462433 4668.0
190.19538190551413 4642.0
190.42112268640392 4697.0
190.6468634672937 4246.0
190.8726042481835 4372.0
191.0983450290733 4339.0
191.3240858099631 4209.0
191.5498265908529 4114.0
191.77556737174268 3770.0
192.00130815263248 3808.0
192.22704893352227 3825.0
192.45278971441206 3817.0
192.67853049530186 3761.0
192.90427127619165 3426.0
193.13001205708144 3307.0
193.35575283797127 3392.0
193.58149361886106 3329.0
193.80723439975085 3278.0
194.03297518064065 2805.0
194.25871596153044 2832.0
194.48445674242024 2843.0
194.71019752331003 3015.0
194.93593830419982 2880.0
195.16167908508962 2394.0
195.3874198659794 2274.0
195.6131606468692 2283.0
195.838901427759 2355.0
196.0646422086488 2333.0
196.29038298953859 2261.0
196.51612377042838 2243.0
196.74186455131817 2177.0
196.96760533220797 2175.0
197.19334611309776 2192.0
197.41908689398755 1773.0
197.64482767487735 1805.0
197.87056845576714 1778.0
198.09630923665694 1730.0
198.32205001754673 1720.0
198.54779079843655 1439.0
198.77353157932635 1473.0
198.99927236021614 1447.0
199.22501314110593 1474.0
199.45075392199573 1440.0
199.67649470288552 1204.0
199.9022354837753 1204.0
200.1279762646651 1194.0
200.3537170455549 1197.0
200.5794578264447 1152.0
200.8051986073345 911.0
201.03093938822428 904.0
201.25668016911408 944.0
201.48242095000387 957.0
201.70816173089366 939.0
201.93390251178346 743.0
202.15964329267325 760.0
202.38538407356305 742.0
202.61112485445284 719.0
202.83686563534263 706.0
203.06260641623243 563.0
203.28834719712222 589.0
203.51408797801204 528.0
203.73982875890184 567.0
203.96556953979163 543.0
204.19131032068142 405.0
204.41705110157122 346.0
204.642791882461 392.0
204.8685326633508 344.0
205.0942734442406 396.0
205.3200142251304 302.0
205.5457550060202 324.0
205.77149578690998 301.0
205.99723656779977 303.0
206.22297734868957 317.0
206.44871812957936 236.0
206.67445891046916 186.0
206.90019969135895 207.0
207.12594047224874 213.0
207.35168125313854 204.0
207.57742203402833 162.0
207.80316281491812 158.0
208.02890359580792 161.0
208.2546443766977 135.0
208.4803851575875 131.0
208.70612593847733 121.0
208.93186671936712 112.0
209.15760750025692 108.0
209.3833482811467 117.0
209.6090890620365 89.0
209.8348298429263 115.0
210.0605706238161 134.0
210.28631140470588 119.0
210.51205218559568 147.0
210.73779296648547 155.0
210.96353374737527 102.0
211.18927452826506 145.0
211.41501530915485 111.0
211.64075609004465 108.0
211.86649687093444 118.0
212.09223765182423 93.0
212.31797843271403 76.0
212.54371921360382 72.0
212.76945999449362 74.0
212.9952007753834 56.0
213.2209415562732 70.0
213.446682337163 64.0
213.6724231180528 68.0
213.8981638989426 72.0
214.1239046798324 56.0
214.3496454607222 74.0
214.575386241612 102.0
214.8011270225018 107.0
215.02686780339158 98.0
215.25260858428138 102.0
215.47834936517117 74.0
215.70409014606096 56.0
215.92983092695076 37.0
216.15557170784055 41.0
216.38131248873034 53.0
216.60705326962014 68.0
216.83279405050993 64.0
217.05853483139973 67.0
217.28427561228952 50.0
217.5100163931793 74.0
217.7357571740691 70.0
217.9614979549589 74.0
218.1872387358487 81.0
218.4129795167385 73.0
218.63872029762828 62.0
218.86446107851808 90.0
219.0902018594079 93.0
219.3159426402977 110.0
219.54168342118749 88.0
219.76742420207728 106.0
219.99316498296707 86.0
220.21890576385687 58.0
220.44464654474666 48.0
220.67038732563645 53.0
220.89612810652625 42.0
221.12186888741604 68.0
221.34760966830584 79.0
221.57335044919563 68.0
221.79909123008542 71.0
222.02483201097522 71.0
222.250572791865 78.0
222.4763135727548 70.0
222.7020543536446 59.0
222.9277951345344 45.0
223.1535359154242 53.0
223.37927669631398 49.0
223.60501747720377 70.0
223.83075825809357 64.0
224.0564990389834 79.0
224.28223981987318 83.0
224.50798060076298 57.0
224.73372138165277 54.0
224.95946216254256 56.0
225.18520294343236 58.0
225.41094372432215 64.0
225.63668450521195 56.0
225.86242528610174 64.0
226.08816606699153 70.0
226.31390684788133 63.0
