0.6317339078435414 9.639444567473333e-07
1.0466955762261079 0.0
1.4616572446086744 1.4459166851209994e-06
1.876618912991241 9.639444567473328e-07
2.2915805813738075 0.0
2.706542249756374 2.409861141868332e-07
3.1215039181389406 7.229583425604997e-07
3.536465586521507 2.409861141868332e-07
3.9514272549040736 2.40986114186833e-07
4.366388923286641 0.0
4.781350591669207 7.229583425605004e-07
5.196312260051773 4.81972228373666e-07
5.61127392843434 0.0
6.026235596816907 4.819722283736669e-07
6.441197265199473 4.819722283736669e-07
6.856158933582039 4.81972228373666e-07
7.271120601964606 4.81972228373666e-07
7.686082270347173 9.63944456747332e-07
8.10104393872974 2.40986114186834e-07
8.516005607112305 4.81972228373666e-07
8.930967275494872 1.4459166851209977e-06
9.345928943877439 7.229583425605019e-07
9.760890612260004 1.204930570934165e-06
10.175852280642571 2.40986114186833e-07
10.590813949025138 2.40986114186833e-07
11.005775617407705 0.0
11.420737285790272 7.229583425605019e-07
11.835698954172837 0.0
12.250660622555404 7.229583425604988e-07
12.665622290937971 7.229583425605019e-07
13.080583959320537 7.229583425604988e-07
13.495545627703104 7.229583425604988e-07
13.91050729608567 7.229583425604988e-07
14.325468964468238 9.63944456747332e-07
14.740430632850805 4.81972228373668e-07
15.15539230123337 2.40986114186833e-07
15.570353969615937 2.40986114186833e-07
15.985315637998504 1.204930570934165e-06
16.40027730638107 0.0
16.815238974763638 2.40986114186833e-07
17.230200643146205 9.63944456747332e-07
17.64516231152877 9.63944456747332e-07
18.06012397991134 4.81972228373666e-07
18.475085648293906 7.229583425605051e-07
18.89004731667647 4.81972228373666e-07
19.305008985059036 1.4459166851209977e-06
19.719970653441603 1.6869027993078308e-06
20.13493232182417 4.81972228373666e-07
20.549893990206737 7.229583425604988e-07
20.964855658589304 1.204930570934165e-06
21.37981732697187 1.204930570934165e-06
21.794778995354438 9.63944456747332e-07
22.209740663737005 1.92788891349468e-06
22.62470233211957 9.63944456747332e-07
23.039664000502135 2.1688750276814967e-06
23.454625668884702 3.855777826989328e-06
23.86958733726727 3.855777826989328e-06
24.284549005649836 2.40986114186833e-06
24.699510674032403 2.8918333702419953e-06
25.11447234241497 3.85577782698936e-06
25.529434010797534 4.578736169549826e-06
25.9443956791801 4.578736169549826e-06
26.359357347562668 3.855777826989328e-06
26.774319015945235 4.096763941176161e-06
27.1892806843278 5.542680626297158e-06
27.60424235271037 5.542680626297158e-06
28.019204021092936 5.0607083979234925e-06
28.434165689475503 6.024652854670824e-06
28.84912735785807 7.229583425605051e-06
29.264089026240633 1.1085361252594316e-05
29.6790506946232 6.024652854670824e-06
30.094012363005767 1.2531277937715314e-05
30.508974031388334 1.6628041878891475e-05
30.9239356997709 1.2772264051902147e-05
31.338897368153468 1.7351000221451974e-05
31.753859036536035 1.9278889134946968e-05
32.168820704918595 1.5423111307957312e-05
32.58378237330116 1.6387055764704643e-05
32.99874404168373 1.4218180737023145e-05
33.413705710066296 1.711001410726514e-05
33.82866737844886 2.0724805820067635e-05
34.24362904683143 1.6628041878891475e-05
34.658590715214 2.3857625304496464e-05
35.073552383596564 2.024283359169397e-05
35.48851405197913 2.4580583647056962e-05
35.9034757203617 2.1447764162628133e-05
36.318437388744265 2.5544528103804293e-05
36.73339905712683 2.33756530761232e-05
37.14836072550939 2.6749458674738457e-05
37.56332239389196 2.843636147404629e-05
37.978284062274525 2.5062555875430628e-05
38.39324573065709 3.3738055986156616e-05
38.80820739903966 2.795438924567262e-05
39.223169067422226 2.3857625304496464e-05
39.63813073580479 2.940030593079362e-05
40.05309240418736 2.626748644636479e-05
40.46805407256993 3.012326427335412e-05
40.883015740952494 3.5424958785464445e-05
41.29797740933506 3.6388903242211776e-05
41.71293907771763 3.132819484428828e-05
42.127900746100195 2.747241701729896e-05
42.54286241448276 3.397904210034345e-05
42.95782408286533 3.132819484428828e-05
43.372785751247896 3.108720873010145e-05
43.78774741963046 3.4220028214530865e-05
44.20270908801302 3.6388903242211776e-05
44.61767075639559 3.253312541522245e-05
45.03263242477816 2.8918333702419955e-05
45.447594093160724 3.3738055986156616e-05
45.86255576154329 3.181016707266195e-05
46.27751742992586 2.771340313148579e-05
46.692479098308425 3.518397267127761e-05
47.10744076669099 3.6147917128024944e-05
47.52240243507356 3.494298655709078e-05
47.937364103456126 3.108720873010145e-05
48.35232577183869 4.144961164013527e-05
48.76728744022126 4.048566718338794e-05
49.18224910860383 3.855777826989328e-05
49.597210776986394 4.1931583868508936e-05
50.01217244536896 3.8557778269893935e-05
50.42713411375152 3.8798764384080104e-05
50.84209578213409 3.95217227266406e-05
51.257057450516655 3.807580604151961e-05
51.67201911889922 3.662988935639861e-05
52.08698078728179 4.120862552594844e-05
52.501942455664356 4.16905977543221e-05
52.91690412404692 4.6510320038058765e-05
53.33186579242949 4.771525060899293e-05
53.74682746081206 4.5787361695498267e-05
54.161789129194624 5.1571028435982245e-05
54.57675079757719 4.4582431124564096e-05
54.99171246595976 4.9161167294113925e-05
55.406674134342325 4.771525060899293e-05
55.82163580272489 4.554637558131143e-05
56.23659747110746 4.7233278380619256e-05
56.651559139490026 4.16905977543221e-05
57.06652080787259 5.398088957785151e-05
57.48148247625515 5.0848070093421754e-05
57.89644414463772 5.422187569203742e-05
58.311405813020286 5.687272294809258e-05
58.72636748140285 5.6390750719718913e-05
59.14132914978542 5.518582014878475e-05
59.55629081816799 5.807765351902674e-05
59.971252486550554 5.181201455016909e-05
60.38621415493312 5.422187569203742e-05
60.80117582331569 5.5667792377158415e-05
61.216137491698255 5.422187569203742e-05
61.63109916008082 6.072850077508191e-05
62.04606082846339 6.024652854670824e-05
62.461022496845956 6.771709808650007e-05
62.87598416522852 6.844005642906056e-05
63.29094583361109 6.16924452318303e-05
63.70590750199365 6.169244523182819e-05
64.12086917037622 6.0728500775082946e-05
64.53583083875878 5.831863963321258e-05
64.95079250714136 6.458427860207234e-05
65.36575417552392 6.458427860207013e-05
65.78071584390649 6.578920917300651e-05
66.19567751228905 6.217441746020183e-05
66.61063918067163 6.747611197231438e-05
67.02560084905419 5.97645563183356e-05
67.44056251743675 6.50662508304438e-05
67.85552418581932 7.060893145674326e-05
68.27048585420188 6.121047300345452e-05
68.68544752258445 6.603019528719336e-05
69.10040919096701 7.229583425604864e-05
69.51537085934959 6.868104254324856e-05
69.93033252773215 6.988597311418037e-05
70.34529419611472 7.615161208304051e-05
70.76025586449728 6.77170980864989e-05
71.17521753287986 6.916301477162225e-05
71.59017920126242 7.060893145674084e-05
72.00514086964499 7.952541768165624e-05
72.42010253802755 7.51876676262906e-05
72.83506420641012 8.000738991002992e-05
73.25002587479268 7.807950099653521e-05
73.66498754317524 7.591062596885108e-05
74.07994921155782 6.69941397439407e-05
74.49491087994038 7.952541768165351e-05
74.90987254832295 7.783851488234837e-05
75.32483421670551 8.241725105189547e-05
75.73979588508809 7.615161208304051e-05
76.15475755347065 7.904344545327986e-05
76.56971922185322 8.651401499307451e-05
76.98468089023578 7.494668151210377e-05
77.39964255861835 7.952541768165624e-05
77.81460422700091 8.506809830795059e-05
78.22956589538349 8.675500110726136e-05
78.64452756376605 8.000738991002718e-05
79.05948923214862 7.591062596885368e-05
79.47445090053118 8.073034825258766e-05
79.88941256891376 9.567148733217432e-05
80.30437423729632 7.880245933909573e-05
80.71933590567888 8.19352788235218e-05
81.13429757406145 8.530908442214032e-05
81.54925924244401 8.458612607957692e-05
81.96422091082658 8.121232048096411e-05
82.37918257920914 8.844190390656619e-05
82.79414424759172 8.530908442214032e-05
83.20910591597428 7.615161208303791e-05
83.62406758435685 9.036979282006391e-05
84.03902925273941 9.78403623598525e-05
84.45399092112199 9.832233458822953e-05
84.86895258950454 8.073034825258766e-05
85.28391425788712 9.302064007611912e-05
85.69887592626968 9.398458453286325e-05
86.11383759465225 0.00010073219573009791
86.52879926303481 0.00010290107075777591
86.94376093141739 9.952726515916372e-05
87.35872259979995 9.35026123044928e-05
87.7736842681825 0.00010193712630102859
88.18864593656508 9.711740401729535e-05
88.60360760494764 9.759937624566568e-05
89.01856927333021 0.00010772079304151618
89.43353094171277 0.0001120585430968754
89.84849261009535 0.00011133558475431873
90.26345427847791 0.00011254051532524907
90.67841594686048 0.00011470939035293445
91.09337761524304 0.00011013065418338078
91.50833928362562 0.00011615530703805548
91.92330095200818 0.00011663727926642516
92.33826262039075 0.0001045879735570873
92.75322428877331 0.00010434698744289688
93.16818595715588 0.00012724066829064999
93.58314762553844 0.00012820461274739732
93.998109293921 0.00011374544589618322
94.41307096230358 0.00011711925149480282
94.82803263068614 0.0001202520709792276
95.24299429906871 0.00012699968217646314
95.65795596745127 0.00012989151554670074
96.07291763583385 0.00013302433503113408
96.4878793042164 0.00013495222394462413
96.90284097259898 0.00012844559886158416
97.31780264098154 0.00013663912674393195
97.73276430936411 0.00015374914085120205
98.14772597774667 0.0001388080017716134
98.56268764612925 0.00013350630725950775
98.97764931451181 0.00014603758519721828
99.39261098289438 0.00014459166851210224
99.80757265127694 0.00014651955742559693
100.2225343196595 0.00014121786291348168
100.63749598804208 0.0001571229464498178
101.05245765642464 0.00014941139079583388
101.46741932480721 0.00015495407142213625
101.88238099318977 0.00016579844656053824
102.29734266157234 0.00015037533525258634
102.7123043299549 0.0001629066131902963
103.12726599833748 0.0001643525298754229
103.54222766672004 0.0001706181688442748
103.95718933510261 0.00016411154376123606
104.37215100348517 0.00017905268284081383
104.78711267186775 0.00017495591889964373
105.2020743402503 0.00018917409963666065
105.61703600863288 0.00018483634958130405
106.03199767701544 0.0001829084606678031
106.44695934539801 0.00020122340534600895
106.86192101378057 0.00018170353009687516
107.27688268216313 0.0001906200163217816
107.69184435054571 0.0002000184747750748
108.10680601892827 0.0001973676275190128
108.52176768731084 0.00020941693322836145
108.9367293556934 0.00019833157197576013
109.35169102407598 0.0002074890443148667
109.76665269245854 0.00020965791934254106
110.18161436084111 0.00021664651665396654
110.59657602922367 0.00021688750276814594
111.01153769760624 0.00024050414195846343
111.4264993659888 0.00023713033635983956
111.84146103437138 0.0002453238642422002
112.25642270275394 0.00025809612829409364
112.67138437113651 0.000255927253266421
113.08634603951907 0.00025279443378198346
113.50130770790165 0.00024580583647057383
113.9162693762842 0.00025640922549479463
114.33123104466677 0.0002800258646850951
114.74619271304934 0.0002785799479999837
115.1611543814319 0.00029038826759512877
115.57611604981447 0.0003084622261591515
115.99107771819703 0.00031183603175775654
116.40603938657961 0.0003226804068961749
116.82100105496217 0.0003173787123840536
117.23596272334474 0.000331355907006901
117.6509243917273 0.00033352478203457113
118.06588606010988 0.0003393084487750666
118.48084772849244 0.00033376576814875795
118.89580939687501 0.00035304465728371634
119.31077106525757 0.0003544905739688252
119.72573273364014 0.00039280736612454443
120.1406944020227 0.0003918434216677971
120.55565607040526 0.0004260634498823134
120.97061773878784 0.00042317161651208587
121.3855794071704 0.00042678640822487384
121.80054107555297 0.00043738979724910934
122.21550274393553 0.00046751306152244796
122.6304644123181 0.00047136883934945333
123.04542608070066 0.000488478853456702
123.46038774908324 0.000500046186937687
123.8753494174658 0.0005239038122421659
124.29031108584837 0.0005402908680068887
124.70527275423093 0.0005622206043978717
125.1202344226135 0.0005884880908442562
125.53519609099607 0.0006017423271245116
125.95015775937864 0.0006289737580276448
126.3651194277612 0.0006615068834428679
126.78008109614376 0.0006793398558926705
127.19504276452633 0.0006733152030380228
127.6100044329089 0.0007072942451383184
128.02496610129148 0.0007798310655086315
128.43992776967403 0.0008275463161175701
128.8548894380566 0.0008157379965224156
129.26985110643918 0.0009232178034498046
129.68481277482172 0.0009000831364878056
130.0997744432043 0.0009822594014255142
130.51473611158687 0.0010309385964912536
130.92969777996944 0.00110154752794807
131.344659448352 0.0012099912793320676
131.75962111673456 0.0012728886551348299
132.17458278511714 0.0013177120723735802
132.5895444534997 0.001703289855072623
133.00450612188226 0.0017382328416295965
133.41946779026483 0.001849809412498098
133.8344294586474 0.002212011542121053
134.24939112702995 0.002261413695529202
134.66435279541253 0.002521196726622603
135.0793144637951 0.0028561674253422954
135.49427613217767 0.0028959301341833204
135.90923780056022 0.003301027792131181
136.3241994689428 0.0035258678366674925
136.73916113732537 0.0036147917128024325
137.15412280570794 0.003917952244449731
137.5690844740905 0.003982777509165721
137.98404614247306 0.004103752538487508
138.39900781085564 0.0043399189303906
138.8139694792382 0.004365945430723077
139.22893114762076 0.00446306283474007
139.64389281600333 0.004602352808740057
140.0588544843859 0.00464066960089608
140.47381615276845 0.004623318600674311
140.88877782115102 0.0047052538794978335
141.3037394895336 0.0046857340042487
141.71870115791617 0.004680432309736911
142.13366282629872 0.004682119212535898
142.5486244946813 0.004618257892276387
142.96358616306387 0.004581146030691616
143.37854783144644 0.004682119212536218
143.79350949982899 0.004675371601338667
144.20847116821156 0.004599219989255628
144.62343283659413 0.0046064495726812335
145.0383945049767 0.004528370071685011
145.45335617335925 0.004545239099677779
145.86831784174183 0.004617534933933827
146.2832795101244 0.004502343571352831
146.69824117850695 0.004588616600231408
147.11320284688952 0.0045327078217400636
147.5281645152721 0.004509091182549754
147.94312618365467 0.004511019071463558
148.35808785203722 0.0044763170710203455
148.7730495204198 0.004433903514923464
149.18801118880236 0.00451174202980581
149.60297285718494 0.004384260375401277
150.01793452556748 0.004310277638345621
150.43289619395006 0.004334858221992677
150.84785786233263 0.0042775035268162115
151.2628195307152 0.004280395360186747
151.67778119909775 0.004252199984826595
152.09274286748033 0.0041762893588577436
152.5077045358629 0.004184482886740096
152.92266620424547 0.0041049574690587235
153.33762787262802 0.004081340829868133
153.7525895410106 0.0040512175655947795
154.16755120939317 0.004004466259442809
154.5825128777757 0.0040186844401795575
154.9974745461583 0.003991693995390633
155.41243621454086 0.003937713105812783
155.82739788292344 0.0039136144943943685
156.24235955130598 0.003931929439072299
156.65732121968855 0.0039085537859961765
157.07228288807113 0.0039374721196985965
157.4872445564537 0.0038687910771556147
157.90220622483625 0.003853126979733206
158.31716789321882 0.0038738517855532737
158.7321295616014 0.0038355349933975676
159.14709122998397 0.003760347325771535
159.56205289836652 0.0038037248263249066
159.9770145667491 0.0037654080341692
160.39197623513166 0.0037685408536538875
160.8069379035142 0.0037191387002453295
161.22189957189678 0.0037029926305948116
161.63686124027936 0.003634552574165753
162.05182290866193 0.003619611435086417
162.46678457704448 0.0036396132825636755
162.88174624542705 0.003591898031954684
163.29670791380963 0.003540327003518702
163.7116695821922 0.0035456286980310556
164.12663125057475 0.003515023461529085
164.54159291895732 0.003492370766795523
164.9565545873399 0.0034289914187643875
165.37151625572247 0.003456704821896109
165.78647792410501 0.0033740465847297905
166.2014395924876 0.003412363376885496
166.61640126087016 0.0033046425838442104
167.0313629292527 0.003347779098283426
167.44632459763528 0.0033870598348958794
167.86128626601786 0.003242227180269595
168.27624793440043 0.003281507916882273
168.69120960278298 0.003285363694709037
169.10617127116555 0.0032388533746709794
169.52113293954812 0.0032506616942661343
169.9360946079307 0.003204874332570856
170.35105627631324 0.0032670487500308385
170.76601794469582 0.00326463888888897
171.1809796130784 0.00317499205441147
171.59594128146097 0.0031904151657196453
172.0109029498435 0.0031672804987574912
172.4258646182261 0.003202705457542955
172.84082628660866 0.003207525179826692
173.25578795499123 0.0031369162483701656
173.67074962337378 0.0031393261095118193
174.08571129175635 0.0031554721791623368
174.50067296013893 0.003159568943103729
174.91563462852147 0.0030267855941865703
175.33059629690405 0.0030617285807436603
175.74555796528662 0.0030067837467090634
176.1605196336692 0.003095707622844215
176.57548130205174 0.003010639524536053
176.99044297043432 0.0030289544692142516
177.4054046388169 0.0030224478441312074
177.82036630719946 0.003007265718937643
178.235327975582 0.00300702473282325
178.65028964396458 0.0029728047046087207
179.06525131234716 0.0029571406071865767
179.48021298072973 0.0029831671075189583
179.89517464911228 0.0029571406071865767
180.31013631749485 0.0029142450788613213
180.72509798587743 0.002942199468107195
181.14005965425997 0.002970635829581039
181.55502132264255 0.0029190648011450577
181.96998299102512 0.002947983134847477
182.3849446594077 0.002927740301255984
182.79990632779024 0.002916895926117376
183.2148679961728 0.0029074974676640895
183.6298296645554 0.002905810564864782
184.04479133293796 0.0029207517039445655
184.4597530013205 0.0029094253565775845
184.87471466970308 0.002872072508878626
185.28967633808566 0.0029007498564668586
185.70463800646823 0.002931355092968787
186.11959967485078 0.0029046056342938477
186.53456134323335 0.002915931981660629
186.94952301161592 0.0029749735796366058
187.36448467999847 0.002941958481992806
187.77944634838104 0.0029462962320481695
188.19440801676362 0.0028952071758405616
188.6093696851462 0.0029455732737058106
189.02433135352874 0.003017387135733284
189.4392930219113 0.0029925655659720405
189.85425469029389 0.0030504022333768793
190.26921635867646 0.0030407627888096142
190.684178027059 0.003042449691608714
191.09913969544158 0.0029908786631727326
191.51410136382415 0.003043895608293835
191.92906303220673 0.003071609011425531
192.34402470058927 0.0030610056224010997
192.75898636897185 0.0031104077758093997
193.17394803735442 0.003142940901224837
193.58890970573697 0.0031448687901381163
194.00387137411954 0.0031518573874495344
194.41883304250211 0.0031925840407471084
194.8337947108847 0.0031701723321279503
195.24875637926723 0.0031135405952938287
195.6637180476498 0.0032571683193491786
196.07867971603238 0.0032313828051311875
196.49364138441496 0.0032374074579860804
196.9086030527975 0.003280062000196927
197.32356472118008 0.003311631181155402
197.73852638956265 0.0032815079168820485
198.15348805794522 0.0033072934311002655
198.56844972632777 0.003379589265356088
198.98341139471034 0.003305606528300731
199.39837306309292 0.0033697088346746583
199.81333473147546 0.003422243807567156
200.22829639985804 0.00341814704362598
200.6432580682406 0.0034653803220065986
201.0582197366232 0.0034771886416019916
201.47318140500573 0.003541049961861263
201.8881430733883 0.003496226544622513
202.30310474177088 0.0035036971141623042
202.71806641015345 0.0035851504207576983
203.133028078536 0.0034964675307367
203.54798974691857 0.0035865963374425735
203.96295141530115 0.00358081267070209
204.37791308368372 0.0036608200606123675
204.79287475206627 0.0036487707549027757
205.20783642044884 0.00370467953339412
205.62279808883142 0.0036817858525463707
206.037759757214 0.003711427144591605
206.45272142559654 0.0037434782977781994
206.8676830939791 0.00372444039475744
207.28264476236168 0.0037695047981106348
207.69760643074423 0.003722512505843945
208.1125680991268 0.0037827590343906523
208.52752976750938 0.003828787382200336
208.94249143589195 0.003878189535608902
209.3574531042745 0.0038179430070619295
209.77241477265707 0.003853367965847393
210.18737644103965 0.003912650549937354
210.60233810942222 0.003900360258114092
211.01729977780477 0.003909758716567111
211.43226144618734 0.003954341147691674
211.8472231145699 0.003921567036162266
212.2621847829525 0.003946147619809592
212.67714645133503 0.003970728203456379
213.0921081197176 0.003965667495058455
213.50706978810018 0.003980367648024124
213.92203145648273 0.004014587676238381
214.3369931248653 0.00403820431542869
214.75195479324788 0.004048325732224538
215.16691646163045 0.003972897078484332
215.581878130013 0.004097245913404463
215.99683979839557 0.004113873955283355
216.41180146677814 0.004126887205449444
216.82676313516072 0.004138936511159069
217.24172480354326 0.004119416635909652
217.65668647192584 0.004148575955726258
218.0716481403084 0.004171469636574007
218.486609808691 0.004135080733332079
218.90157147707353 0.004210509387072273
219.3165331454561 0.0042813593046432015
219.73149481383868 0.004286420013041418
220.14645648222123 0.004217738970497879
220.5614181506038 0.004268105068362926
220.97637981898637 0.004301120166006521
221.39134148736895 0.004343533722103701
221.8063031557515 0.004368596277978833
222.22126482413407 0.004414865611902704
222.63622649251664 0.004410286875733155
223.05118816089922 0.004448121695660791
223.46614982928176 0.004438482251093013
223.88111149766434 0.004424987028698551
224.2960731660469 0.004516320765975359
224.71103483442948 0.0044849925711313784
225.12599650281203 0.004497523849068786
225.5409581711946 0.004512946960376744
225.95591983957718 0.004611751267193344
226.37088150795975 0.004631030156328607
226.7858431763423 0.004610305350508223
227.20080484472487 0.004613920142221025
227.61576651310745 0.004758752796847635
228.03072818149 0.004680673295850777
228.44568984987256 0.004661635392830017
228.86065151825514 0.004773452949812706
229.2756131866377 0.004776826755411649
229.69057485502026 0.004735377143771187
230.10553652340283 0.004792249866719278
230.5204981917854 0.004868401478802316
230.93545986016798 0.004906477284844171
231.35042152855053 0.004928407021234836
231.7653831969331 0.00486358175651858
232.18034486531567 0.004953469577110267
232.59530653369825 0.005017089911255933
233.0102682020808 0.004947444924255596
233.42522987046337 0.004997329049892269
233.84019153884594 0.005045526272729981
234.2551532072285 0.0051392698711483125
234.67011487561106 0.0051303533849233985
235.08507654399364 0.005148186357373225
235.5000382123762 0.005167465246508524
235.91499988075876 0.005162404538110247
236.32996154914133 0.005241929955791901
236.7449232175239 0.005246267705847264
237.15988488590648 0.005272776178408176
237.57484655428902 0.005304827331594663
237.9898082226716 0.005411584180179428
238.40476989105417 0.005417608833034099
238.81973155943675 0.005399052902242083
239.2346932278193 0.005403631638411263
239.64965489620187 0.005514967223165578
240.06461656458444 0.005602927154844154
240.479578232967 0.0055506331680652285
240.89453990134956 0.0055475003485808
241.30950156973213 0.005597143488103287
241.7244632381147 0.005647750572082907
242.13942490649725 0.005701249489431996
242.55438657487983 0.005707033156172481
242.9693482432624 0.005742699101072131
243.38430991164498 0.0058422263662316915
243.79927158002752 0.005842467352345478
244.2142332484101 0.005864879060964853
244.62919491679267 0.005823188463210532
245.04415658517524 0.005938138839678056
245.4591182535578 0.005986818034743389
245.87407992194036 0.00598368521525896
246.28904159032294 0.006026580743584628
246.70400325870548 0.006041762868777985
247.11896492708806 0.0061171915225184635
247.53392659547063 0.006149483661819498
247.9488882638532 0.00621430892653618
248.36384993223575 0.006324439580719136
248.77881160061833 0.006260096288231253
249.1937732690009 0.006329982261345433
249.60873493738347 0.006400109220574239
250.02369660576602 0.006427822623705286
250.4386582741486 0.006446378554497672
250.85361994253117 0.006537953277888666
251.26858161091374 0.006586391486840671
251.6835432792963 0.006535543416746798
252.09850494767886 0.006575788097815998
252.51346661606144 0.006659892251667659
252.92842828444398 0.006659410279438828
253.34338995282656 0.006806652795206981
253.75835162120913 0.006804242934065113
254.1733132895917 0.0068394269067368575
254.58827495797425 0.006847620434618742
255.00323662635682 0.006879189615577216
255.4181982947394 0.0070037794366118065
255.83315996312197 0.007032697770314226
256.24812163150455 0.007070291604126887
256.66308329988715 0.007070773576356229
257.0780449682697 0.007171264785972143
257.49300663665224 0.007194158466818908
257.90796830503484 0.007203797911387368
258.3229299734174 0.007274406842844114
258.73789164179993 0.007423818233638941
259.15285331018254 0.007401165538906395
259.5678149785651 0.007396345816622657
259.9827766469476 0.007501174776292908
260.39773831533023 0.007531780012795664
260.8126999837128 0.007603593874822302
261.2276616520954 0.007631789250183205
261.6426233204779 0.0076896259175880475
262.05758498886047 0.007702880153867269
262.4725466572431 0.007685047181418497
262.8875083256256 0.007802166432913304
263.30246999400816 0.007845302947351675
263.71743166239077 0.007921213573321607
264.1323933307733 0.008020017880137115
264.5473549991559 0.007989653629750671
264.96231666753846 0.008121714020325061
265.377278335921 0.00811858120083952
265.7922400043036 0.008196901687951357
266.20720167268615 0.008246062855245474
266.6221633410687 0.00821834945211286
267.0371250094513 0.008329926022982496
267.45208667783385 0.0084159580657472
267.8670483462164 0.008385352829244323
268.282010014599 0.008427284413113982
268.69697168298154 0.008504881941880982
269.11193335136414 0.008534523233927126
269.5268950197467 0.00862682091566069
269.94185668812923 0.008586576234590311
270.35681835651184 0.008614048651608787
270.7717800248944 0.008699116749916743
271.18674169327693 0.008737433542071255
271.60170336165953 0.008762496097947884
272.0166650300421 0.008771653570285781
272.4316266984247 0.008828526293235078
272.8465883668072 0.008749723833895981
273.26155003518977 0.00880129486233076
273.6765117035724 0.008862987307563798
274.0914733719549 0.008801535848446153
274.50643504033746 0.008841057571171583
274.92139670872007 0.008939861877989402
275.3363583771026 0.008874072668816393
275.75132004548516 0.008864674210361892
276.16628171386776 0.00895070625312781
276.5812433822503 0.008874072668815177
276.9962050506329 0.008848528140712587
277.41116671901545 0.008890218738466911
277.826128387398 0.008886844932867078
278.2410900557806 0.008835514890546497
278.65605172416315 0.008888290849553417
279.0710133925457 0.008712370986195827
279.4859750609283 0.0088208147375811
279.90093672931084 0.008851178987968644
280.3158983976934 0.008803704723472628
280.730860066076 0.008676946027411554
281.14582173445854 0.00878683569547955
281.56078340284114 0.00868562152752228
281.9757450712237 0.008596456665273148
282.39070673960623 0.00866586066615777
282.80566840798883 0.008552115220262767
283.2206300763714 0.008618868373892523
283.6355917447539 0.008457889649614553
284.0505534131365 0.008433309065968652
284.4655150815191 0.008434032024310058
284.8804767499017 0.008349686884345817
285.2954384182842 0.008131353464892535
285.71040008666677 0.008274740202832576
286.12536175504937 0.008288235425228172
286.5403234234319 0.00812267796478181
286.95528509181446 0.00805206903332396
287.37024676019706 0.007964591073875238
287.7852084285796 0.007971820657300845
288.20017009696215 0.007879281989452015
288.61513176534476 0.00779565980783026
289.0300934337273 0.0077563790712167425
289.4450551021099 0.007747703571107077
289.86001677049245 0.0076732388618233425
290.274978438875 0.007657333778285961
290.6899401072576 0.007604557819280091
291.10490177564014 0.0073857424275984365
291.5198634440227 0.007359715927265248
291.9348251124053 0.007251513161996364
292.34978678078784 0.0072917578430655655
292.7647484491704 0.007168613938715106
293.179710117553 0.007159456466376988
293.59467178593553 0.007075834284753183
294.00963345431813 0.006991248158674571
294.4245951227007 0.006884250323975612
294.8395567910832 0.006825690698227272
295.2545184594658 0.006757973600141704
295.6694801278484 0.006728332308096723
296.0844417962309 0.006645674070929725
296.4994034646135 0.0064909609856226794
296.91436513299607 0.006516023541497219
297.32932680137867 0.00636251538676109
297.7442884697612 0.006333115080830296
298.15925013814376 0.006263229107715253
298.57421180652636 0.006155749300788777
298.9891734749089 0.006075018952536184
299.40413514329146 0.006063451619054385
299.81909681167406 0.005952598006529267
300.2340584800566 0.005781738851570794
300.64902014843915 0.0057614960179783094
301.06398181682175 0.005768966587518891
301.4789434852043 0.005561718529317442
301.8939051535869 0.0056460636692836
302.30886682196945 0.005424838416460076
302.723828490352 0.00535471145723097
303.1387901587346 0.005372785415795717
303.55375182711714 0.0052708482894946816
303.9687134954997 0.005197588510781169
304.3836751638823 0.005060708397923752
304.79863683226483 0.00506070839792306
305.21359850064744 0.00496310902167808
305.62856016903 0.004893223048563895
306.0435218374125 0.004885270506795059
306.45848350579513 0.004698506268300924
306.8734451741777 0.004613920142221341
307.2884068425602 0.004616330003362577
307.7033685109428 0.004509091182550063
308.11833017932537 0.004454869306858023
308.5332918477079 0.004342328791532172
308.9482535160905 0.0042519589987126995
309.36321518447306 0.004189784581251919
309.77817685285567 0.004128092136020661
310.1931385212382 0.004080376885411665
310.60810018962076 0.004011454856753678
311.02306185800336 0.003886383063491255
311.4380235263859 0.0038897568690898702
311.85298519476845 0.003818906951518415
312.26794686315105 0.0037442012561210163
312.6829085315336 0.0036747972552352045
313.09787019991614 0.0035844274624146463
313.51283186829875 0.0035053840169618523
313.9277935366813 0.003445619460643043
314.3427552050639 0.0033398265565154892
314.75771687344644 0.0032776521390552836
315.172678541829 0.0032615060694043178
315.5876402102116 0.0031937889713182614
316.00260187859413 0.003108720873010305
316.4175635469767 0.0030836583171344506
316.8325252153593 0.0030810074698788175
317.24748688374183 0.0029687079406673414
317.66244855212443 0.0029221976206296866
318.077410220507 0.0028590592587127333
318.4923718888895 0.002817368660958023
318.9073335572721 0.0027180823819134285
319.32229522565467 0.0026790426314151593
319.7372568940372 0.002646509505999573
320.1522185624198 0.0025501150603251975
320.56718023080236 0.002510834323712742
320.9821418991849 0.00245926329527642
321.3971035675675 0.0023929921138753744
321.81206523595006 0.0022951517515152004
322.22702690433266 0.0022818975152352383
322.6419885727152 0.0022112885837784926
323.05695024109775 0.002168393055452937
323.47191190948035 0.0021835751806470057
323.8868735778629 0.0021151351242179417
324.30183524624545 0.0020536836651000147
324.71679691462805 0.001991750233754277
325.1317585830106 0.0019430710386882679
325.5467202513932 0.0019030673437335176
325.96168191977574 0.0018601718154082592
326.3766435881583 0.0018353502456467628
326.7916052565409 0.0017449804528269469
327.20656692492344 0.0017322081887750443
327.621528593306 0.0016608762989755105
328.0364902616886 0.0016355727569861195
328.45145193007113 0.001590990325861553
328.8664135984537 0.0015586981865603022
329.2813752668363 0.0015105009637231465
329.6963369352188 0.0014562790880309068
330.1112986036014 0.0013984424206262634
330.526260271984 0.0013979604483978897
330.9412219403665 0.0013716929619513357
331.3561836087491 0.0013148202390034281
331.77114527713167 0.0012798772524463358
332.1861069455142 0.0012945774054115558
332.6010686138968 0.001229511154581285
333.01603028227936 0.0011791450567162343
333.4309919506619 0.0011263690977091608
333.8459536190445 0.0011403462923321522
334.26091528742705 0.0010849194860690292
334.67587695580966 0.001076966944301012
335.0908386241922 0.001039132124373677
335.50580029257475 0.0010140695684981063
335.92076196095735 0.0009829823597681422
336.3357236293399 0.000919603011737002
336.75068529772244 0.0009150242755673264
337.16564696610504 0.0008969503170034385
337.5806086344876 0.0008588745109617992
337.9955703028702 0.0008441743579965192
338.41053197125274 0.0007981460101868318
338.8254936396353 0.0008181478576642278
339.2404553080179 0.0007653718986574209
339.65541697640043 0.0007472979400934074
340.070378644783 0.0007109090368510963
340.4853403131656 0.0006894612726885645
340.9003019815481 0.0006759660502941012
341.31526364993067 0.0006653626612697888
341.7302253183133 0.0006499395499619219
342.1451869866958 0.0006147555772905583
342.5601486550784 0.000598368521525937
342.97511032346097 0.000568727229480955
343.3900719918435 0.0005467974930898772
343.8050336602261 0.0005393269235501599
344.21999532860866 0.0005207709927577728
344.6349569969912 0.0005048659092213719
345.0499186653738 0.0004872739228858013
345.46488033375635 0.0004735377143770862
345.87984200213896 0.000462693339238743
346.2948036705215 0.00043979965839099276
346.70976533890405 0.00041618301920062485
347.12472700728665 0.00040365174126296593
347.5396886756692 0.0004135321719446266
347.95465034405174 0.0003889515882975151
348.36961201243435 0.00036798579636331284
348.7845736808169 0.0003378625320899572
349.19953534919944 0.0003494298655708779
349.61449701758204 0.00034364619883044145
350.0294586859646 0.00032292139301032854
350.4444203543472 0.0003002686982768093
350.85938202272973 0.00030147362884774354
351.2743436911123 0.00028990629536673523
351.6893053594949 0.0002826767119411696
352.1042670278774 0.0002764110729723116
352.51922869626 0.00024966161429753757
352.9341903646426 0.0002547223226954955
353.3491520330251 0.0002433959753287138
353.76411370140767 0.00022724990567816404
354.17907536979027 0.00021471862774047917
354.5940370381728 0.0002241170861937355
355.0089987065554 0.00022050229448096348
355.42396037493796 0.00020025946088926848
355.8389220433205 0.0001882101551799004
356.2538837117031 0.00019278889134947627
356.66884538008566 0.00018170353009688137
357.0838070484682 0.00016146069650516427
357.4987687168508 0.0001706181688442865
357.91373038523335 0.00015977379370585656
358.32869205361595 0.00015953280759169162
358.7436537219985 0.00015013434913840464
359.15861539038104 0.00014459166851208741
359.57357705876365 0.00013157841834601756
359.9885387271462 0.00012410784880622535
360.40350039552874 0.00012989151554669182
360.81846206391134 0.00011760122372318054
361.2334237322939 0.00013061447388927017
361.64838540067643 0.00011808319595153805
362.06334706905903 0.00010699783469895933
362.4783087374416 0.00010651586247057106
362.8932704058242 9.567148733217761e-05
363.3082320742067 9.976825127335397e-05
363.7231937425893 9.205669561936231e-05
364.1381554109719 8.86828900207591e-05
364.5531170793544 8.386316773702218e-05
364.96807874773697 8.555007053631838e-05
365.38304041611957 8.07303482525932e-05
365.7980020845021 7.687457042560367e-05
366.21296375288466 6.84400564290547e-05
366.62792542126726 6.410230637370085e-05
367.0428870896498 7.422372316953819e-05
367.4578487580324 6.21744174602061e-05
367.87281042641496 5.711370906228235e-05
368.2877720947975 5.976455631832946e-05
368.7027337631801 5.470384792041389e-05
369.11769543156265 4.6992292266434836e-05
369.5326570999452 4.9884125636670154e-05
369.9476187683278 4.7715250608995375e-05
370.36258043671035 3.976270884082403e-05
370.77754210509295 4.6992292266434836e-05
371.1925037734755 3.7352847698961025e-05
371.60746544185804 4.144961164013172e-05
372.02242711024064 4.14496116401374e-05
372.4373887786232 3.5906931013839954e-05
372.85235044700573 3.3979042100340535e-05
373.26731211538834 3.108720873010305e-05
373.6822737837709 3.397904210034519e-05
374.0972354521534 2.699044478892298e-05
374.51219712053603 3.229213930103727e-05
374.9271587889186 2.2411708619373547e-05
375.3421204573012 2.5062555875431915e-05
375.7570821256837 2.2652694733563463e-05
376.17204379406627 2.2411708619373547e-05
376.5870054624489 1.951987524913447e-05
377.0019671308314 2.1206778048442392e-05
377.41692879921396 1.9519875249131798e-05
377.83189046759657 1.5182125193771257e-05
378.2468521359791 1.8555930792384548e-05
378.6618138043617 1.855593079238709e-05
379.07677547274426 1.7591986335639708e-05
379.4917371411268 1.7110014107263674e-05
379.9066988095094 1.3254236280276493e-05
380.32166047789195 1.1808319595155422e-05
380.7366221462745 1.542311130795599e-05
381.1515838146571 1.3013250166089649e-05
381.56654548303965 1.2531277937715958e-05
381.9815071514222 1.132634736678018e-05
382.3964688198048 9.39845845328697e-06
382.81143048818734 1.1808319595153804e-05
383.22639215656994 1.1567333480968578e-05
383.6413538249525 9.639444567473814e-06
384.05631549333503 7.22958342560437e-06
384.47127716171764 8.193527882352741e-06
384.8862388301002 8.434513996539588e-06
385.30120049848273 6.506625083043933e-06
385.71616216686533 6.7476111972316706e-06
386.1311238352479 7.470569539792206e-06
386.5460855036304 6.506625083043933e-06
386.961047172013 4.096763941176371e-06
387.37600884039557 4.819722283736246e-06
387.7909705087782 4.337750055363216e-06
388.2059321771607 4.819722283736907e-06
388.62089384554326 5.060708397923059e-06
389.03585551392587 3.1328194844289894e-06
389.4508171823084 5.783666740484289e-06
389.86577885069096 3.13281948442856e-06
390.28074051907356 5.0607083979237525e-06
390.6957021874561 2.891833370241748e-06
391.1106638558387 4.096763941176371e-06
391.52562552422125 4.096763941176371e-06
391.9405871926038 3.855777826988998e-06
392.3555488609864 3.1328194844289894e-06
392.77051052936895 2.8918333702421444e-06
393.1854721977515 1.6869027993076862e-06
393.6004338661341 1.6869027993079176e-06
394.01539553451664 1.6869027993079176e-06
394.4303572028992 2.168875027681311e-06
394.8453188712818 2.8918333702421444e-06
395.26028053966434 2.6508472560549356e-06
395.67524220804694 1.9278889134947627e-06
396.0902038764295 1.6869027993079176e-06
396.50516554481203 2.6508472560549356e-06
396.92012721319463 2.650847256055299e-06
397.3350888815772 9.639444567473813e-07
397.7500505499597 1.6869027993076862e-06
398.1650122183423 1.4459166851210722e-06
398.5799738867249 1.4459166851210722e-06
398.9949355551074 7.22958342560437e-07
399.40989722349 2.4098611418684533e-07
399.82485889187257 4.819722283736247e-07
400.23982056025517 1.4459166851210722e-06
400.6547822286377 7.229583425605361e-07
401.06974389702026 9.639444567472494e-07
401.48470556540286 4.819722283736907e-07
401.8996672337854 7.229583425605361e-07
402.31462890216795 7.22958342560437e-07
402.72959057055056 4.819722283736907e-07
403.1445522389331 7.22958342560437e-07
403.5595139073157 0.0
403.97447557569825 2.4098611418684533e-07
404.3894372440808 0.0
404.8043989124634 0.0
405.21936058084594 9.639444567473813e-07
405.6343222492285 2.4098611418681235e-07
406.0492839176111 7.229583425605361e-07
406.46424558599364 4.819722283736907e-07
406.8792072543762 7.22958342560437e-07
407.2941689227588 9.639444567473813e-07
407.70913059114133 0.0
408.12409225952393 2.4098611418684533e-07
408.5390539279065 0.0
408.954015596289 2.4098611418681235e-07
409.3689772646716 2.4098611418684533e-07
409.7839389330542 2.4098611418684533e-07
410.1989006014367 2.4098611418681235e-07
410.6138622698193 0.0
411.02882393820187 2.4098611418681235e-07
411.44378560658447 0.0
411.858747274967 0.0
412.27370894334956 0.0
412.68867061173216 0.0
413.1036322801147 2.4098611418684533e-07
413.51859394849726 4.819722283736247e-07
413.93355561687986 0.0
414.3485172852624 0.0
414.76347895364495 0.0
415.17844062202755 0.0
415.5934022904101 2.4098611418681235e-07
