0.6837137449260121 7.076975855251031e-07
1.107623626966098 2.3589919517503444e-07
1.5315335090061837 4.717983903500689e-07
1.9554433910462694 4.717983903500686e-07
2.3793532730863554 2.3589919517503452e-07
2.803263155126441 0.0
3.227173037166527 0.0
3.6510829192066123 7.076975855251029e-07
4.074992801246698 0.0
4.498902683286785 7.076975855251036e-07
4.92281256532687 9.435967807001381e-07
5.346722447366956 4.717983903500681e-07
5.770632329407042 0.0
6.194542211447128 0.0
6.618452093487213 1.4153951710502043e-06
7.0423619755272995 4.7179839035006904e-07
7.466271857567385 7.076975855251036e-07
7.8901817396074705 4.7179839035006904e-07
8.314091621647556 7.076975855251036e-07
8.738001503687642 7.076975855251036e-07
9.161911385727727 2.3589919517503452e-07
9.585821267767813 4.7179839035006904e-07
10.009731149807898 4.717983903500671e-07
10.433641031847985 2.3589919517503452e-07
10.85755091388807 0.0
11.281460795928156 0.0
11.705370677968242 9.435967807001381e-07
12.129280560008327 0.0
12.553190442048413 0.0
12.9771003240885 7.076975855251036e-07
13.401010206128586 1.6512943662252418e-06
13.824920088168671 1.4153951710502072e-06
14.248829970208757 9.435967807001381e-07
14.672739852248842 7.076975855251036e-07
15.096649734288928 9.435967807001381e-07
15.520559616329013 1.4153951710502013e-06
15.9444694983691 7.076975855251007e-07
16.368379380409188 0.0
16.792289262449273 7.076975855251036e-07
17.21619914448936 4.7179839035006904e-07
17.640109026529444 2.3589919517503452e-07
18.06401890856953 4.7179839035006904e-07
18.487928790609615 9.435967807001381e-07
18.9118386726497 1.1794959758751727e-06
19.335748554689786 4.717983903500651e-07
19.759658436729875 1.4153951710502072e-06
20.18356831876996 2.3589919517503452e-07
20.607478200810046 1.6512943662252418e-06
21.031388082850132 9.435967807001381e-07
21.455297964890217 7.076975855251036e-07
21.879207846930303 7.076975855251036e-07
22.30311772897039 2.123092756575311e-06
22.727027611010474 9.435967807001381e-07
23.15093749305056 2.3589919517503453e-06
23.574847375090645 3.538487927625518e-06
23.99875725713073 3.3025887324504836e-06
24.422667139170816 2.3589919517503453e-06
24.8465770212109 1.8871935614002605e-06
25.27048690325099 1.8871935614002762e-06
25.694396785291076 4.482084708325656e-06
26.11830666733116 2.59489114692538e-06
26.542216549371247 3.7743871228005523e-06
26.966126431411332 5.661580684200829e-06
27.390036313451418 4.953883098675725e-06
27.813946195491503 6.841076660076001e-06
28.23785607753159 7.076975855251036e-06
28.661765959571675 5.8974798793758635e-06
29.08567584161176 1.0143665392526484e-05
29.509585723651846 8.964169416651312e-06
29.93349560569193 9.435967807001381e-06
30.357405487732017 1.2502657344276727e-05
30.781315369772106 1.509754849120221e-05
31.20522525181219 1.698474205260249e-05
31.629135133852277 1.8636036418827886e-05
32.05304501589236 1.9343734004352833e-05
32.476954897932444 1.769243963812759e-05
32.90086477997253 1.9343734004352833e-05
33.324774662012615 2.0995028370578075e-05
33.7486845440527 2.3589919517503454e-05
34.172594426092786 2.0995028370578075e-05
34.59650430813287 1.9343734004352833e-05
35.02041419017296 2.1466826760928142e-05
35.44432407221304 2.288222193197835e-05
35.86823395425313 2.642070985960387e-05
36.292143836293214 2.642070985960387e-05
36.7160537183333 2.7836105030654075e-05
37.139963600373385 2.7364306640304004e-05
37.56387348241347 2.6892508249953936e-05
37.987783364453556 2.8779701811354216e-05
38.41169324649364 2.8543802616178703e-05
38.835603128533734 3.2554088934154766e-05
39.25951301057382 2.9251500201704284e-05
39.683422892613905 2.5005314688553663e-05
40.10733277465399 2.6892508249953936e-05
40.531242656694076 3.161049215345463e-05
40.95515253873416 2.9959197787229387e-05
41.37906242077425 3.373358491002994e-05
41.80297230281433 2.59489114692538e-05
42.22688218485442 3.4677181690730075e-05
42.6507920668945 2.7836105030654075e-05
43.07470194893459 3.4913080885905114e-05
43.498611830974674 3.349768571485491e-05
43.92252171301476 3.4677181690730075e-05
44.346431595054845 3.8215669618355596e-05
44.77034147709493 2.7836105030654075e-05
45.194251359135016 3.538487927625518e-05
45.6181612411751 2.9959197787229387e-05
46.04207112321519 3.019509698240442e-05
46.46598100525527 3.444128249555504e-05
46.88989088729536 3.797977042318056e-05
47.313800769335444 3.5148980081080146e-05
47.73771065137553 3.797977042318056e-05
48.161620533415615 3.2554088934154766e-05
48.5855304154557 3.5148980081080146e-05
49.009440297495786 3.2554088934154766e-05
49.43335017953587 3.0195096982403914e-05
49.857260061575964 3.680027444730539e-05
50.28116994361605 4.269775432668125e-05
50.705079825656135 4.387725030255642e-05
51.12898970769622 3.680027444730539e-05
51.552899589736306 4.175415754598112e-05
51.97680947177639 4.104645996045601e-05
52.40071935381648 3.7272072837655454e-05
52.82462923585656 3.7743871228005525e-05
53.24853911789665 4.222595593633118e-05
53.672448999936734 3.868746800870567e-05
54.09635888197682 5.0010629377107326e-05
54.520268764016905 4.57644438639567e-05
54.94417864605699 5.048242776745739e-05
55.368088528097076 5.119012535298249e-05
55.79199841013716 4.8595234206057114e-05
56.21590829217725 4.151825835080608e-05
56.63981817421733 4.50567462784316e-05
57.06372805625742 4.6236242254306766e-05
57.4876379382975 4.9538830986757255e-05
57.91154782033759 5.284141971920774e-05
58.335457702377674 5.402091569508291e-05
58.75936758441776 5.7795302817883465e-05
59.183277466457845 4.8831133401232146e-05
59.60718734849793 5.472861328060801e-05
60.031097230538016 5.236962132885679e-05
60.45500711257811 5.567221006130815e-05
60.878916994618194 5.378501649990787e-05
61.30282687665828 5.7323504427533394e-05
61.726736758698365 6.0626093159983876e-05
62.15064664073845 6.180558913585906e-05
62.574556522778536 5.7323504427533394e-05
62.99846640481862 5.614400845165823e-05
63.42237628685871 5.850300040340857e-05
63.84628616889879 5.7795302817883465e-05
64.27019605093888 6.274918591656024e-05
64.69410593297896 6.581587545383352e-05
65.11801581501905 6.156968994068505e-05
65.54192569705913 6.062609315998286e-05
65.96583557909922 6.487227867313342e-05
66.38974546113931 6.86466657959362e-05
66.81365534317939 6.298508511173317e-05
67.23756522521948 6.487227867313559e-05
67.66147510725956 6.746716982005874e-05
68.08538498929965 7.076975855251155e-05
68.50929487133973 6.416458108760832e-05
68.93320475337983 6.322098430691032e-05
69.3571146354199 7.595954084635984e-05
69.78102451746 7.265695211391186e-05
70.20493439950008 6.9354363381459e-05
70.62884428154017 6.888256499111124e-05
71.05275416358025 7.17133553332093e-05
71.47666404562034 7.383644808978705e-05
71.90057392766042 7.855443199328519e-05
72.32448380970051 7.312875050426194e-05
72.74839369174059 7.831853279811015e-05
73.17230357378068 8.067752474986316e-05
73.59621345582076 8.044162555468543e-05
74.02012333786085 7.242105291873682e-05
74.44403321990093 7.525184326083475e-05
74.86794310194102 7.595954084636239e-05
75.2918529839811 7.100565774768421e-05
75.7157628660212 7.902623038363789e-05
76.13967274806127 7.312875050425948e-05
76.56358263010137 7.383644808978457e-05
76.98749251214146 8.044162555468813e-05
77.41140239418154 8.492371026301102e-05
77.83531227622163 8.044162555468813e-05
78.25922215826171 7.713903682223501e-05
78.6831320403018 8.114932314021324e-05
79.10704192234188 7.973392796916034e-05
79.53095180438197 7.996982716433805e-05
79.95486168642205 8.350831509196084e-05
80.37877156846214 8.492371026301386e-05
80.80268145050222 8.56314078485361e-05
81.22659133254231 9.034939175203974e-05
81.65050121458239 8.940579497133659e-05
82.07441109662248 9.459557726519044e-05
82.49832097866256 8.303651670161076e-05
82.92223086070265 8.704680301958921e-05
83.34614074274273 9.105708933756181e-05
83.77005062478283 9.483147646036548e-05
84.1939605068229 9.365198048448714e-05
84.617870388863 8.799039980028935e-05
85.04178027090308 8.681090382441125e-05
85.46569015294317 9.388787967966532e-05
85.88960003498325 0.00010096485553491309
86.31350991702334 0.00010261614990114173
86.73741979906342 0.00010120075473008813
87.16132968110351 9.907766197351284e-05
87.5852395631436 9.223658531344005e-05
88.00914944518368 9.318018209413708e-05
88.43305932722377 9.813406519281601e-05
88.85696920926385 8.775450060511137e-05
89.28087909130394 0.00011228801690331831
89.70478897334402 0.0001049751418528886
90.12869885538412 0.00011110852092744313
90.5526087374242 0.00011275981529366461
90.97651861946429 0.00010757003299981755
91.40042850150436 0.00011936499275856548
91.82433838354446 0.00011511880724541879
92.24824826558454 0.00011158031931778947
92.67215814762463 0.00011771369839234422
93.0960680296647 0.00012337527907654101
93.5199779117048 0.00012054448873444467
93.94388779374488 0.00012337527907654101
94.36779767578497 0.000128565061370396
94.79170755782505 0.0001210162871247907
95.21561743986514 0.00013988822273879782
95.63952732190522 0.00013847282756774296
96.06343720394531 0.00012266758149102002
96.48734708598539 0.0001247906742475912
96.91125696802548 0.0001273855653945208
97.33516685006556 0.00013894462595809303
97.75907673210565 0.00014554980342299876
98.18298661414573 0.00015474987203482006
98.60689649618583 0.00014602160181334393
99.03080637822592 0.00014720109778922403
99.454716260266 0.00015710886398657037
99.87862614230609 0.000146965198594049
100.30253602434617 0.00014767289617956914
100.72644590638626 0.0001495600897409744
101.15035578842634 0.00015474987203482006
101.57426567046643 0.00015262677927824992
101.99817555250651 0.0001505036865216695
102.4220854345466 0.0001599396543286761
102.84599531658668 0.00016300634386594612
103.26990519862677 0.00016678073098875222
103.69381508066685 0.00017480130362469769
104.11772496270694 0.00017079101730672788
104.54163484474702 0.0001752731020150477
104.96554472678712 0.00018494496901723018
105.3894546088272 0.00018541676740757405
105.81336449086729 0.0001783397915523291
106.23727437290736 0.00019225784406764993
106.66118425494746 0.00018848345694485576
107.08509413698754 0.00019697582797115052
107.50900401902763 0.00019532453360493186
107.9329139010677 0.00020853488853472704
108.3568237831078 0.00020263740865535807
108.78073366514788 0.00021419646921892776
109.20464354718797 0.00021631956197550303
109.62855342922806 0.0002028733078505331
110.05246331126814 0.00021254517485270257
110.47637319330823 0.0002113656788768345
110.90028307534831 0.00023259660644258016
111.3241929573884 0.00022835042092943727
111.74810283942848 0.00024344796942063157
112.17201272146858 0.00024203257424958952
112.59592260350865 0.00025005314688553246
113.01983248554875 0.00025878141710701725
113.44374236758883 0.0002453351629820318
113.86765224962892 0.00025217623964211616
114.291562131669 0.0002847303285762619
114.71547201370909 0.000269868679280244
115.13938189574917 0.00027765335272101103
115.56329177778926 0.0002977047843108986
115.98720165982934 0.00030430996177578944
116.41111154186943 0.00031209463521657596
116.83502142390951 0.00033426915956301834
117.2589313059496 0.00031964340946217715
117.68284118798968 0.00034134613541826923
118.10675107002977 0.00033426915956302956
118.53066095206985 0.0003531410951770208
118.95457083410994 0.0003781464098655867
119.37848071615002 0.000378382309060749
119.80239059819012 0.0003826284945738996
120.22630048023021 0.0003996132366265152
120.65021036227029 0.0004036235229444773
121.07412024431038 0.0004128235915563174
121.49803012635046 0.00042084416419225454
121.92194000839055 0.0004585880354202748
122.34584989043063 0.0004725060879355862
122.76975977247072 0.0004857164428654042
123.1936696545108 0.0004984549994048395
123.61757953655089 0.0005055319752601075
124.04148941859097 0.0005258193060451432
124.46539930063106 0.000539737358560488
124.88930918267114 0.000570876052323574
125.31321906471123 0.0005711119515187682
125.73712894675131 0.0006317380446787319
126.1610388287914 0.0006204148833103512
126.58494871083148 0.0006499022827072093
127.00885859287158 0.000685758960373837
127.43276847491165 0.0006808050772751383
127.85667835695175 0.0007329387994088201
128.28058823899184 0.0007732775617837762
128.70449812103192 0.0007843648239569504
129.12840800307202 0.0008891040666147201
129.5523178851121 0.0009105708933756487
129.97622776715218 0.0009233094499151006
130.40013764919226 0.0010289922893534488
130.82404753123237 0.001065320765410474
131.24795741327245 0.0011504803748686628
131.67186729531252 0.001320563694589777
132.09577717735263 0.001323394484931966
132.5196870593927 0.0016225146644139148
132.9435969414328 0.0017366898748786333
133.36750682347287 0.001829162359387126
133.79141670551297 0.0022082523660335355
134.21532658755305 0.002299073556175925
134.63923646959313 0.0025219982956163367
135.0631463516332 0.002878677878720802
135.48705623367331 0.0028958985199687725
135.9109661157134 0.003284896292812411
136.33487599775347 0.0035134826129370232
136.75878587979355 0.0036540785332611013
137.18269576183366 0.003914747143929764
137.60660564387373 0.004032224943126933
138.0305155259138 0.004123282032464498
138.4544254079539 0.004349981159027418
138.878335289994 0.004440094651584575
139.30224517203408 0.00453586972482564
139.72615505407416 0.00462291652784523
140.15006493611423 0.004637070479555421
140.57397481815434 0.004720814693842871
140.99788470019442 0.004671275862856113
141.4217945822345 0.004670568165270274
141.8457044642746 0.004655470616779385
142.26961434631468 0.004699583766277117
142.69352422835476 0.0046521680280469345
143.11743411039484 0.004651932128851448
143.54134399243495 0.004702650455814392
143.96525387447502 0.0046120651648671775
144.3891637565151 0.004675286149174088
144.81307363855518 0.004577623882371315
145.2369835205953 0.004577387983176447
145.66089340263537 0.004632116596457056
146.08480328467544 0.0045967317171808
146.50871316671552 0.004557336551586263
146.93262304875563 0.004650988532071059
147.3565329307957 0.004506382325428761
147.7804428128358 0.004608762576134727
148.20435269487587 0.004491520676132432
148.62826257691597 0.004413909840920146
149.05217245895605 0.004459910183979277
149.47608234099613 0.004383478844742565
149.8999922230362 0.004388196828645772
150.32390210507631 0.004358001731663661
150.7478119871164 0.004296667940918151
151.17172186915647 0.0042461855131506925
151.59563175119655 0.004289119166672263
152.01954163323666 0.004219528904095914
152.44345151527673 0.004161025903692504
152.8673613973168 0.0041612618028874
153.29127127935692 0.004040245515762884
153.715181161397 0.0040282146568089575
154.13909104343708 0.003974901438699398
154.56300092547716 0.00396121928537898
154.98691080751726 0.003991650281556827
155.41082068955734 0.003932911381958242
155.83473057159742 0.003894223913949535
156.2586404536375 0.003976080934675007
156.6825503356776 0.00389068542602191
157.10646021771768 0.0038869110388991095
157.53037009975776 0.003878418667872808
157.95427998179784 0.003825105449762993
158.37818986383795 0.003835720913546126
158.80209974587802 0.0037441920258182108
159.2260096279181 0.0037967975463422446
159.64991950995818 0.003817792574712567
160.0738293919983 0.0037769820139475414
160.49773927403837 0.003749853606502412
160.92164915607844 0.0037118738360792302
161.34555903811852 0.003712109735274157
161.76946892015863 0.0036809710415113004
162.1933788021987 0.0036727145696801747
162.6172886842388 0.003656673424408272
163.04119856627887 0.003571277915754668
163.46510844831897 0.0035097082258142226
163.88901833035905 0.0035370725324545276
164.31292821239913 0.0034884772982482354
164.73683809443924 0.003488005499858119
165.1607479764793 0.0034514411246059883
165.5846578585194 0.003423369120380159
166.00856774055947 0.0033684046079041487
166.43247762259958 0.0033665174143429743
166.85638750463966 0.0033485890755096713
167.28029738667973 0.003421953725209108
167.7042072687198 0.0032745167282244897
168.12811715075992 0.0032532858006589557
168.5520270328 0.0032766398209812847
168.97593691484008 0.003206577760014298
169.39984679688015 0.0032096444495513586
169.82375667892026 0.0032639012644418326
170.24766656096034 0.0032138906350647244
170.67157644300042 0.0031973776914024717
171.0954863250405 0.003173787771884755
171.5193962070806 0.003220967610919976
171.94330608912068 0.0032101162479419238
172.36721597116076 0.0031421772797315126
172.79112585320084 0.003138402892608502
173.21503573524095 0.003125428436874085
173.63894561728102 0.0030843819769136283
174.0628554993211 0.0031282592272159756
174.4867653813612 0.003088156364036429
174.9106752634013 0.0031011308197710563
175.33458514544137 0.0030678690332513756
175.75849502748144 0.0030702280252029204
176.18240490952155 0.0030110173272141915
176.60631479156163 0.0030843819769136283
177.0302246736017 0.0030331918515606447
177.4541345556418 0.0029895505004530623
177.8780444376819 0.002991201794819488
178.30195431972197 0.002963129790593659
178.72586420176205 0.002997571073089214
179.14977408380213 0.002940719367051833
179.57368396584224 0.002994976181942289
179.9975938478823 0.0029444937541748305
180.4215037299224 0.002904862689385424
180.84541361196247 0.002945909149345683
181.26932349400258 0.003002289056992715
181.69323337604266 0.002900144705481923
182.11714325808273 0.002899672907091573
182.5410531401228 0.0029015601006527787
182.96496302216292 0.002856975152764891
183.388872904203 0.002927744911317403
183.81278278624308 0.0029197243386814517
184.23669266828315 0.002883395862624302
184.66060255032326 0.0029610066978370832
185.08451243236334 0.00288174456825827
185.50842231440342 0.0028984934111155034
185.93233219644353 0.0029357654839533543
186.3562420784836 0.0029263295161463523
186.78015196052368 0.002961714395422608
187.20406184256376 0.0029713862624245854
187.62797172460387 0.002952750226005957
188.05188160664395 0.0029496835364686814
188.47579148868402 0.002968319572887509
188.8997013707241 0.00296501698415486
189.3236112527642 0.0029378885767099294
189.7475211348043 0.0030060634441155154
190.17143101684437 0.00297256575840066
190.59534089888444 0.002998750569064888
191.01925078092455 0.0030614997549816498
191.44316066296463 0.003051827887979473
191.8670705450047 0.003026822573290919
192.2909804270448 0.003077069101862996
192.7148903090849 0.0031426490781218627
193.13880019112497 0.0031145770738960333
193.56271007316505 0.003108207795626307
193.98661995520513 0.0031299105215822007
194.41052983724524 0.003169069787981467
194.8344397192853 0.003149018356391589
195.2583496013254 0.003170013384762167
195.68225948336547 0.0032572960869767134
196.10616936540558 0.003253757599049306
196.53007924744566 0.0032405472441195036
196.95398912948573 0.0033040041276213676
197.37789901152584 0.003272393635468134
197.80180889356592 0.0032731013330536594
198.225718775606 0.0033115529018671905
198.64962865764608 0.0033318402326520205
199.07353853968618 0.003367932809514025
199.49744842172626 0.0033776046765162013
199.92135830376634 0.0033978920073012547
200.34526818580642 0.0034323332897965796
200.76917806784652 0.0034877696006629442
201.1930879498866 0.0034297383986498847
201.61699783192668 0.0035134826129370232
202.04090771396676 0.0035599547543862676
202.46481759600687 0.003537308431649702
202.88872747804695 0.0035755241012680582
203.31263736008702 0.00355547266967818
203.7365472421271 0.003610201282958547
204.1604571241672 0.0035783548916101587
204.5843670062073 0.003592037044930311
205.00827688824737 0.0036531349364806462
205.43218677028744 0.003741125336280685
205.85609665232755 0.0036920583036845274
206.28000653436763 0.0037088071465419554
206.7039164164077 0.0037172995175680074
207.12782629844781 0.003756694683162488
207.5517361804879 0.0037246123926186823
207.97564606252797 0.0037614126670659893
208.39955594456805 0.003818972070688442
208.82346582660816 0.0038078848085154712
209.24737570864824 0.003860490329039505
209.6712855906883 0.003906726571293813
210.0951954727284 0.003936213970690429
210.5191053547685 0.003965701370087572
210.94301523680858 0.0038876187364846344
211.36692511884866 0.0039027162849758364
211.79083500088873 0.0039234754141509775
212.21474488292884 0.004050153281960236
212.63865476496892 0.0039465935352783945
213.062564647009 0.003960039789403371
213.48647452904908 0.00396121928537898
213.91038441108918 0.003997547761436203
214.33429429312926 0.0040845945644557916
214.75820417516934 0.004095210028238668
215.18211405720942 0.004065958528036691
215.60602393924952 0.0041367282865894745
216.0299338212896 0.00410653318960707
216.45384370332968 0.004072091907111514
216.87775358536976 0.004133425697856747
217.30166346740987 0.0041801337385016825
217.72557334944995 0.004188390210332809
218.14948323149002 0.0041850876216000775
218.57339311353013 0.004170461871499506
218.9973029955702 0.00419593898457841
219.4212128776103 0.0042242468879994145
219.84512275965037 0.004296667940917863
220.26903264169047 0.004283457585988349
220.69294252373055 0.004280862694841423
221.11685240577063 0.004297375638503677
221.5407622878107 0.004328986130656841
221.96467216985081 0.004373099280154864
222.3885820518909 0.0043638992115430375
222.81249193393097 0.004401878981966218
223.23640181597105 0.004423345808726851
223.66031169801116 0.004431838179753448
224.08422158005123 0.0044627409743213785
224.5081314620913 0.00447359233729943
224.9320413441314 0.004539880011143312
225.3559512261715 0.004452597308928851
225.77986110821158 0.004547192886194042
226.20377099025166 0.004584464959031698
226.62768087229173 0.004646978245752772
227.05159075433184 0.0046332960924329305
227.47550063637192 0.0046455628505820325
227.899410518412 0.004684722116981089
228.32332040045208 0.004736384040724105
228.74723028249218 0.00475030209323975
229.17114016453226 0.004790404956419507
229.59505004657234 0.004854333638311617
230.01895992861245 0.004793943444347132
230.44286981065252 0.00480786149686246
230.8667796926926 0.004898918586200025
231.29068957473268 0.004906939158835647
231.7145994567728 0.004905759662860101
232.13850933881287 0.004924395699278929
232.56241922085295 0.004987380784390664
232.98632910289302 0.005000355240124956
233.41023898493313 0.00502135026849587
233.8341488669732 0.0050539043574300245
234.2580587490133 0.005127269007129461
234.68196863105337 0.005062632627651162
235.10587851309347 0.005138120370107514
235.52978839513355 0.005201105455219249
235.95369827717363 0.005204643943146874
236.3776081592137 0.005259136657231956
236.80151804125381 0.005283906072725687
237.2254279232939 0.005303485705925216
237.64933780533397 0.0053315577101510445
238.07324768737405 0.005343116770714263
238.49715756941416 0.005386050424236479
238.92106745145423 0.005447384214981988
239.3449773334943 0.005487015279771027
239.76888721553442 0.0055282976389270265
240.1927970975745 0.005476871614378869
240.61670697961458 0.0055308925300739525
241.04061686165466 0.005608975163676514
241.46452674369476 0.005654503708345673
241.88843662573484 0.0056582780954684735
242.31234650777492 0.005700032253014455
242.736256389815 0.005659457591443969
243.1601662718551 0.005729047854020985
243.58407615389518 0.005800997108549371
244.00798603593526 0.005896536282595262
244.43189591797534 0.005878607943761565
244.85580580001545 0.005898659375351838
245.27971568205552 0.005949849500704821
245.7036255640956 0.006016373073744182
246.12753544613568 0.0059691932347087735
246.5514453281758 0.006010003795474455
246.97535521021587 0.0060861992355159935
247.39926509225594 0.006153902304531229
247.82317497429602 0.0062138207001052725
248.24708485633613 0.00624896968018677
248.6709947383762 0.006231277240548641
249.0949046204163 0.006322334329886207
249.51881450245637 0.006367862874554562
249.94272438449647 0.006438868532302676
250.36663426653655 0.006415986310370697
250.79054414857663 0.006473309814797797
251.21445403061674 0.006585833730896725
251.6383639126568 0.0066039979689252026
252.0622737946969 0.006605177464901078
252.48618367673697 0.006691516570334694
252.91009355877708 0.006780214667720956
253.33400344081716 0.0067559170506179276
253.75791332285723 0.006772665893475355
254.1818232048973 0.006874338446595336
254.60573308693742 0.006828574002731839
255.0296429689775 0.006922933680801855
255.45355285101758 0.006923405479192204
255.87746273305765 0.007026021629092876
256.30137261509776 0.00712557108945769
256.7252824971378 0.007099150379597133
257.1491923791779 0.007196812646399591
257.573102261218 0.007125335190262516
257.9970121432581 0.00723196162648067
258.4209220252982 0.007366660066925608
258.8448319073383 0.007337172667529715
259.26874178937834 0.0075433485641117
259.69265167141845 0.00753296899952501
260.1165615534585 0.007455829962701767
260.5404714354986 0.0075794411409734795
260.9643813175387 0.007656108379406387
261.38829119957876 0.007613646524273858
261.81220108161887 0.007660354564918511
262.236110963659 0.007739144896108006
262.660020845699 0.007836571263714254
263.08393072773913 0.007901915340777733
263.50784060977924 0.007858981687256935
263.9317504918193 0.007943905397518889
264.3556603738594 0.008003823793094417
264.77957025589944 0.008097239874382654
265.20348013793955 0.008061147297520874
265.62739001997966 0.008183343080622634
266.0512999020197 0.008189004661305737
266.4752097840598 0.008253641040783695
266.8991196660999 0.008269210387666353
267.32302954813997 0.008309549150040174
267.7469394301801 0.008472319594712075
268.1708493122201 0.008445662985656162
268.59475919426023 0.008528463603162595
269.01866907630034 0.008521622526503661
269.4425789583404 0.008605602639984828
269.8664888403805 0.008568802365537522
270.2903987224206 0.008583899914029877
270.71430860446065 0.008635090039381704
271.13821848650076 0.008661746648437645
271.5621283685408 0.00878229113717092
271.9860382505809 0.008728977919061364
272.409948132621 0.008785357826709373
272.8338580146611 0.00879502969371037
273.2577678967012 0.008773326967754269
273.6816777787413 0.008814845226106253
274.10558766078134 0.008871696932142252
274.52949754282145 0.008884435488681704
274.95340742486155 0.008786301423490073
275.3773173069016 0.008916753678420682
275.8012271889417 0.008985164445022644
276.22513707098176 0.008940815396328534
276.64904695302187 0.00889693814602598
277.072956835062 0.008924538351862655
277.496866717102 0.008894815053269405
277.92077659914213 0.008903307424295705
278.34468648118224 0.008770967975803694
278.7685963632223 0.008817440117251997
279.1925062452624 0.008808947746226878
279.61641612730244 0.008846927516648876
280.04032600934255 0.008812486234153323
280.46423589138266 0.00875115244340899
280.8881457734227 0.00873817798767319
281.3120556554628 0.008774742362925319
281.7359655375029 0.008604187244814931
282.15987541954297 0.00853153029269987
282.5837853015831 0.008608669329522102
283.0076951836232 0.008548515034753618
283.43160506566323 0.00852775590557707
283.85551494770334 0.008431037235556441
284.2794248297434 0.008503930086864392
284.7033347117835 0.008299169585452473
285.1272445938236 0.008270389883642228
285.55115447586365 0.00826567189973762
285.97506435790376 0.008206225302553515
286.39897423994387 0.008178153298328784
286.8228841219839 0.008140881225490034
287.246794004024 0.008048880539372853
287.6707038860641 0.007965844022670166
288.0946137681042 0.00785662269530413
288.5185236501443 0.007851904711401682
288.94243353218434 0.007788211928703374
289.36634341422445 0.007851668812205455
289.79025329626455 0.007644549318842809
290.2141631783046 0.007724755045201293
290.6380730603447 0.0075039533985184785
291.06198294238476 0.007490035346002144
291.48589282442487 0.007338352163504605
291.909802706465 0.0073350495747731385
292.333712588505 0.0071904433681298655
292.75762247054513 0.007174402222857965
293.18153235258524 0.00714798151299932
293.6054422346253 0.007043478169535827
294.0293521166654 0.006958554459272818
294.4532619987055 0.006893918079795787
294.87717188074555 0.006771958195889376
295.30108176278566 0.006736337417418851
295.7249916448257 0.006637023856249262
296.1489015268658 0.006593146605946709
296.5728114089059 0.006516243468320525
296.99672129094597 0.0064195247982978924
297.4206311729861 0.006320447136324383
297.8445410550262 0.006282939164292396
298.26845093706623 0.006229625946181999
298.69236081910634 0.006139748352821138
299.1162707011464 0.006064496509559483
299.5401805831865 0.005963295754829398
299.9640904652266 0.005916823613380712
300.38800034726665 0.0058137356650884335
300.81191022930676 0.005763253237320979
301.23582011134687 0.005649313926052201
301.6597299933869 0.0056007186918453885
302.083639875427 0.005536554110758525
302.5075497574671 0.005440071339931198
302.9314596395072 0.005368122085402815
303.3553695215473 0.005265034137112037
303.77927940358734 0.005211249120611426
304.20318928562745 0.005016160486201683
304.62709916766755 0.005073012192239543
305.0510090497076 0.004959780578554852
305.4749189317477 0.004921093110546148
305.8988288137878 0.004832395013160988
306.32273869582787 0.004810692287204238
306.746648577868 0.004709963330865134
307.170558459908 0.0045519108700972375
307.59446834194813 0.004516997789211334
308.01837822398824 0.004457315292832651
308.4422881060283 0.004352340150979169
308.8661979880684 0.00427213442461966
309.2901078701085 0.004209149339508494
309.71401775214855 0.004185559419990428
310.13792763418866 0.004081763774113964
310.5618375162287 0.004002737543729785
310.9857473982688 0.003919701027028177
311.4096572803089 0.0038206233650551796
311.83356716234897 0.003829823433666493
312.2574770443891 0.003762828062236787
312.6813869264292 0.00366894018255762
313.10529680846923 0.0036248270330593987
313.52920669050934 0.0035335340445271386
313.9531165725494 0.0035101800242043377
314.3770264545895 0.0033844457531760504
314.8009363366296 0.003358025043316898
315.22484621866965 0.0032660243571981887
315.64875610070976 0.0031985571873781324
316.07266598274987 0.0031726082759093053
316.4965758647899 0.003087920464841047
316.92048574683 0.0030313046579990414
317.34439562887013 0.0029421347622232774
317.7683055109102 0.002894011326407178
318.1922153929503 0.0028383391163462534
318.61612527499034 0.0027814874103086924
319.04003515703045 0.0027100099541706602
319.46394503907055 0.002610224594611976
319.8878549211106 0.0026359376068857032
320.3117648031507 0.002539690735254294
320.7356746851908 0.002484962121974022
321.15958456723087 0.002367956121166878
321.583494449271 0.0023528585726759915
322.007404331311 0.002301432548127521
322.43131421335113 0.002279965721366594
322.85522409539124 0.0022188678298165608
323.2791339774313 0.002120733764623454
323.7030438594714 0.002120497865428279
324.1269537415115 0.0020336869616041434
324.55086362355155 0.0020346305583845707
324.97477350559166 0.001983440433031857
325.3986833876317 0.0019360246948014112
325.8225932696718 0.0018588856579791787
326.2465031517119 0.001833880343290872
326.67041303375197 0.0017793876292051963
327.0943229157921 0.0017135717537513646
327.5182327978322 0.0017041357859445925
327.94214267987223 0.0016680432090825851
328.36605256191234 0.0015824118012340521
328.78996244395245 0.001533108869442678
329.2138723259925 0.0014814469456991425
329.6377822080326 0.0014965444941905444
330.06169209007265 0.0014158669694404862
330.48560197211276 0.001413979775879086
330.90951185415287 0.0013517023883530613
331.3334217361929 0.001320799593784952
331.757331618233 0.0012839993193376484
332.18124150027313 0.0012627683917720656
332.6051513823132 0.0012568709118925207
333.0290612643533 0.001168880512092394
333.45297114639334 0.0011436392982085099
333.87688102843344 0.00109197737446518
334.30079091047355 0.0011002338462964534
334.7247007925136 0.001070982346094603
335.1486106745537 0.001000212587542096
335.5725205565938 0.0009881817285883026
335.99643043863387 0.0009759149704390688
336.420340320674 0.0009487865629940684
336.844250202714 0.0009042016151058618
337.26816008475413 0.0008824988891497598
337.69206996679424 0.0008492371026301954
338.1159798488343 0.0008150317193297034
338.5398897308744 0.0007982828764722767
338.9637996129145 0.0007673800819044517
339.38770949495455 0.0007562928197311227
339.81161937699466 0.0007322311018232704
340.23552925903476 0.000711943771038314
340.6594391410748 0.000686702557154491
341.0833490231149 0.0006763229925668807
341.50725890515497 0.0006402304157050115
341.9311687871951 0.0006168763953826843
342.3550786692352 0.0006029583428674389
342.77898855127523 0.0005812556169112558
343.20289843331534 0.0005489374271722778
343.62680831535545 0.0005397373585605242
344.0507181973955 0.0005338398786810763
344.4746280794356 0.0005076550680167169
344.89853796147565 0.0004937370155013225
345.32244784351576 0.00047297788632592045
345.74635772555587 0.0004600034305913559
346.1702676075959 0.00043830070463519213
346.594177489636 0.00044962386600359323
347.01808737167613 0.00041990056741159667
347.4419972537162 0.00040503891811551393
347.8659071357563 0.00037814640986556135
348.2898170177964 0.0003831002929642882
348.71372689983644 0.0003463000185169333
349.13763678187655 0.00034063843783277843
349.5615466639166 0.0003262485869270564
349.9854565459567 0.00032813578048845654
350.4093664279968 0.00030949974406967125
350.83327631003687 0.0002984124818964037
351.257186192077 0.0002969970867253536
351.6810960741171 0.0002698686792802621
352.10500595615713 0.00027293536881750125
352.52891583819724 0.0002613763082539602
352.9528257202373 0.0002443915662013235
353.3767356022774 0.00023283250563774737
353.8006454843175 0.00023872998551715497
354.22455536635755 0.0002276427233438969
354.64846524839766 0.0002113656788768203
355.07237513043776 0.00021183747726719876
355.4962850124778 0.00020216561026499444
355.9201948945179 0.0001981553239470456
356.34410477655797 0.0001946168360193937
356.7680146585981 0.000176924396381267
357.1919245406382 0.00016489353742736297
357.61583442267823 0.00015545756962033995
358.03974430471834 0.00017126281569706647
358.46365418675845 0.000147672896179584
358.8875640687985 0.0001464934002036891
359.3114739508386 0.0001405959203243135
359.7353838328787 0.00012950865815110482
360.15929371491876 0.00013281124688353777
360.58320359695887 0.00011653420241647682
361.0071134789989 0.00012361117827171188
361.431023361039 0.00011488290805023605
361.85493324307913 0.00010874952897570003
362.2788431251192 0.00010945722656121051
362.7027530071593 0.00010379564587700997
363.1266628891994 0.00010473924265772412
363.55057277123944 9.082119014238372e-05
363.97448265327955 8.728270221477009e-05
364.3983925353196 8.704680301958337e-05
364.8223024173597 8.398011348230807e-05
365.2462122993998 8.044162555469352e-05
365.67012218143987 7.548774245600726e-05
366.09403206348 7.265695211390698e-05
366.5179419455201 6.534407706349005e-05
366.94185182756013 6.298508511173105e-05
367.36576170960024 5.944659718411368e-05
367.7896715916403 6.440048028278119e-05
368.2135814736804 5.661580684200544e-05
368.6374913557205 4.6943939839835806e-05
369.06140123776055 5.30773189143801e-05
369.48531111980066 4.9302931791579736e-05
369.90922100184076 5.16619237433369e-05
370.3331308838808 4.175415754597901e-05
370.7570407659209 3.9159266399053766e-05
371.180950647961 4.411314949773516e-05
371.6048605300011 3.3261786519678195e-05
372.0287704120412 3.491308088590804e-05
372.45268029408123 3.8687468008703715e-05
372.87659017612134 3.491308088590335e-05
373.30050005816145 3.2318189738982445e-05
373.7244099402015 2.9723298592052857e-05
374.1483198222416 3.2554088934153126e-05
374.5722297042817 3.0666895372757064e-05
374.99613958632176 2.4061717907852312e-05
375.42004946836187 2.3825818712680485e-05
375.8439593504019 2.476941549337738e-05
376.267869232442 2.0523229980226974e-05
376.69177911448213 2.146682676092994e-05
377.1156889965222 2.4061717907852312e-05
377.5395988785623 2.0995028370577017e-05
377.9635087606024 1.6041145271903693e-05
378.38741864264244 1.580524607672652e-05
378.81132852468255 2.0523229980229725e-05
379.2352384067226 1.8400137223651767e-05
379.6591482887627 1.674884285742661e-05
380.0830581708028 1.6748842857428853e-05
380.50696805284286 1.3682153320151314e-05
380.930877934883 1.3446254124976292e-05
381.3547878169231 1.580524607672864e-05
381.77869769896313 1.1794959758751134e-05
382.20260758100324 9.435967807000907e-06
382.62651746304334 1.1323161368402607e-05
383.0504273450834 1.0379564587700998e-05
383.4743372271235 8.020572635951846e-06
383.89824710916355 9.435967807000907e-06
384.32215699120366 1.0851362978051043e-05
384.74606687324376 1.1794959758752715e-05
385.1699767552838 9.435967807000907e-06
385.5938866373239 7.07697585525068e-06
386.017796519364 7.784673440776792e-06
386.4417064014041 5.897479879375567e-06
386.8656162834442 6.369278269726466e-06
387.28952616548423 6.605177464900634e-06
387.71343604752434 4.246185513150408e-06
388.13734592956445 3.30258873245076e-06
388.5612558116045 4.246185513150408e-06
388.9851656936446 3.7743871228003626e-06
389.4090755756847 3.774387122800869e-06
389.83298545772476 4.482084708325431e-06
390.25689533976487 4.246185513150978e-06
390.6808052218049 5.189782293850499e-06
391.104715103845 1.6512943662251586e-06
391.52862498588513 3.30258873245076e-06
391.9525348679252 2.830790342100272e-06
392.3764447499653 3.302588732450317e-06
392.8003546320054 2.358991951750543e-06
393.22426451404544 3.53848792762534e-06
393.64817439608555 2.123092756575204e-06
394.07208427812566 1.4153951710503258e-06
394.4959941601657 2.3589919517502267e-06
394.9199040422058 1.1794959758752715e-06
395.34381392424586 9.435967807000906e-07
395.76772380628597 7.07697585525068e-07
396.1916336883261 3.066689537275706e-06
396.6155435703661 7.07697585525068e-07
397.03945345240624 3.302588732450317e-06
397.46336333444634 1.8871935614004346e-06
397.8872732164864 9.435967807000906e-07
398.3111830985265 4.7179839035010864e-07
398.73509298056655 1.415395171050136e-06
399.15900286260666 1.415395171050136e-06
399.58291274464676 9.435967807002173e-07
400.0068226266868 7.07697585525068e-07
400.4307325087269 4.717983903500453e-07
400.854642390767 7.076975855251629e-07
401.2785522728071 9.435967807000906e-07
401.7024621548472 4.7179839035010864e-07
402.12637203688723 2.3589919517502266e-07
402.55028191892734 7.07697585525068e-07
402.97419180096745 9.435967807002173e-07
403.3981016830075 2.3589919517502266e-07
403.8220115650476 2.3589919517502266e-07
404.2459214470877 7.076975855251629e-07
404.66983132912776 9.435967807000906e-07
405.09374121116787 7.07697585525068e-07
405.517651093208 0.0
405.941560975248 2.3589919517502266e-07
406.36547085728813 2.3589919517505432e-07
406.7893807393282 2.3589919517502266e-07
407.2132906213683 2.3589919517502266e-07
407.6372005034084 2.3589919517505432e-07
408.06111038544844 4.717983903500453e-07
408.48502026748855 0.0
408.90893014952866 0.0
409.3328400315687 0.0
409.7567499136088 0.0
410.18065979564886 0.0
410.60456967768897 4.717983903500453e-07
411.0284795597291 4.7179839035010864e-07
411.4523894417691 4.717983903500453e-07
411.87629932380923 0.0
412.30020920584934 0.0
412.7241190878894 0.0
413.1480289699295 0.0
413.5719388519696 0.0
413.99584873400966 0.0
414.41975861604976 2.3589919517505432e-07
414.8436684980898 2.3589919517502266e-07
415.2675783801299 4.717983903500453e-07
415.69148826217 2.3589919517505432e-07
416.1153981442101 0.0
416.5393080262502 2.3589919517502266e-07
416.9632179082903 0.0
417.38712779033034 0.0
417.81103767237045 0.0
418.2349475544105 0.0
418.6588574364506 0.0
419.0827673184907 0.0
419.50667720053076 0.0
419.93058708257087 0.0
420.354496964611 0.0
420.778406846651 0.0
421.20231672869113 0.0
421.6262266107312 0.0
422.0501364927713 0.0
422.4740463748114 0.0
422.89795625685144 0.0
423.32186613889155 0.0
423.74577602093166 0.0
424.1696859029717 0.0
424.5935957850118 2.3589919517502266e-07
