0.7400077465670397 9.3458210441939e-07
1.1680065260306165 4.6729105220969513e-07
1.5960053054941932 7.009365783145427e-07
2.02400408495777 0.0
2.4520028644213467 0.0
2.880001643884923 2.3364552610484743e-07
3.3080004233485 0.0
3.7359992028120765 7.009365783145416e-07
4.163997982275654 4.6729105220969487e-07
4.591996761739231 4.672910522096958e-07
5.019995541202807 9.345821044193897e-07
5.447994320666384 0.0
5.875993100129961 2.3364552610484743e-07
6.3039918795935375 0.0
6.7319906590571135 0.0
7.15998943852069 0.0
7.587988217984267 0.0
8.015986997447845 0.0
8.443985776911422 2.336455261048484e-07
8.871984556374997 9.345821044193897e-07
9.299983335838574 4.6729105220969487e-07
9.72798211530215 4.6729105220969487e-07
10.155980894765728 0.0
10.583979674229305 0.0
11.011978453692882 0.0
11.439977233156458 2.3364552610484743e-07
11.867976012620035 2.336455261048484e-07
12.29597479208361 0.0
12.723973571547187 7.009365783145424e-07
13.151972351010764 0.0
13.579971130474341 4.6729105220969487e-07
14.007969909937918 2.3364552610484743e-07
14.435968689401495 0.0
14.863967468865072 7.009365783145424e-07
15.291966248328649 2.3364552610484743e-07
15.719965027792226 4.6729105220969487e-07
16.147963807255802 4.672910522096929e-07
16.57596258671938 2.336455261048484e-07
17.003961366182956 0.0
17.431960145646535 2.336455261048484e-07
17.85995892511011 7.009365783145395e-07
18.28795770457369 0.0
18.715956484037264 4.672910522096968e-07
19.14395526350084 0.0
19.571954042964418 4.672910522096968e-07
19.999952822427993 0.0
20.42795160189157 0.0
20.855950381355147 0.0
21.283949160818725 2.336455261048484e-07
21.7119479402823 4.672910522096929e-07
22.13994671974588 0.0
22.567945499209454 7.009365783145395e-07
22.995944278673033 9.345821044193937e-07
23.423943058136608 1.1682276305242422e-06
23.851941837600183 1.401873156629079e-06
24.27994061706376 1.1682276305242422e-06
24.707939396527337 1.1682276305242325e-06
25.135938175990916 2.1028097349436357e-06
25.56393695545449 1.6355186827339253e-06
25.99193573491807 3.504682891572726e-06
26.419934514381644 4.205619469887237e-06
26.847933293845223 2.1028097349436357e-06
27.275932073308798 3.504682891572697e-06
27.703930852772377 3.971973943782423e-06
28.131929632235952 4.43926499599212e-06
28.559928411699527 5.607492626516316e-06
28.987927191163106 8.87852999198424e-06
29.41592597062668 9.34582104419386e-06
29.84392475009026 7.943947887564847e-06
30.271923529553835 1.261685840966171e-05
30.699922309017413 1.1448630779137572e-05
31.12792108848099 1.1682276305242323e-05
31.555919867944567 1.2616858409661814e-05
31.983918647408142 1.2850503935766662e-05
32.41191742687172 1.3084149461871621e-05
32.83991620633529 1.6121541301234407e-05
33.26791498579887 1.261685840966171e-05
33.695913765262446 1.6588832353444098e-05
34.123912544726025 1.6121541301234674e-05
34.5519113241896 2.0327160771121642e-05
34.979910103653175 1.9859869718911948e-05
35.407908883116754 2.0093515245016797e-05
35.83590766258033 1.845799656228318e-05
36.263906442043904 2.126174287554103e-05
36.69190522150748 2.2196324979960415e-05
37.11990400097106 1.9392578666702578e-05
37.54790278043463 1.869164208838772e-05
37.97590155989821 2.196267945385557e-05
38.40390033936179 2.8972045237000963e-05
38.83189911882537 2.2663616032170482e-05
39.25989789828894 2.593465339763796e-05
39.68789667775252 2.7102881028162194e-05
40.1158954572161 2.593465339763796e-05
40.54389423667968 1.8691642088388028e-05
40.97189301614325 2.1729033927750723e-05
41.39989179560683 2.0327160771121642e-05
41.827890575070406 2.803746313258204e-05
42.25588935453398 2.686923550205735e-05
42.683888133997556 2.3598198136589492e-05
43.111886913461134 2.266361603217011e-05
43.53988569292471 2.9205690763106294e-05
43.967884472388285 2.733652655426704e-05
44.39588325185186 2.453278024100888e-05
44.82388203131544 2.593465339763796e-05
45.25188081077902 2.9439336289211143e-05
45.67987959024259 2.7102881028162194e-05
46.10787836970617 2.593465339763796e-05
46.53587714916975 3.504682891572755e-05
46.96387592863332 2.6635589975952496e-05
47.3918747080969 3.01402728675252e-05
47.81987348756048 2.7570172080371886e-05
48.24787226702406 2.803746313258204e-05
48.67587104648763 2.96729818153155e-05
49.10386982595121 3.2944019180783354e-05
49.531868605414786 3.0373918393630044e-05
49.959867384878365 2.803746313258204e-05
50.387866164341936 3.0373918393630044e-05
50.815864943805515 3.855151180729967e-05
51.243863723269094 3.364495575909845e-05
51.671862502732665 3.2710373654678504e-05
52.099861282196244 3.574776549404151e-05
52.52786006165982 3.9719739437823895e-05
52.9558588411234 3.691599312456636e-05
53.38385762058697 3.995338496392875e-05
53.81185640005055 3.481318338962212e-05
54.23985517951413 3.948609391171905e-05
54.66785395897771 4.556087759044582e-05
55.09585273844128 4.392535890771114e-05
55.52385151790486 4.62618141687596e-05
55.95185029736844 4.1822549172768215e-05
56.37984907683201 4.1355258120557825e-05
56.80784785629559 4.2289840224977215e-05
57.23584663575917 3.9719739437823895e-05
57.663845415222745 4.859826942980887e-05
58.09184419468632 4.62618141687596e-05
58.519842974149896 4.696275074707414e-05
58.947841753613474 4.906556048201776e-05
59.37584053307705 4.1822549172768215e-05
59.803839312540624 5.864502705231647e-05
60.2318380920042 5.771044494789708e-05
60.65983687146778 4.859826942980887e-05
61.08783565093135 5.186930679527592e-05
61.51583443039493 5.864502705231647e-05
61.94383320985851 5.397211653021953e-05
62.37183198932209 5.514034416074468e-05
62.79983076878566 5.093472469085653e-05
63.22782954824924 5.9345963630631e-05
63.65582832771282 6.0981482313363914e-05
64.0838271071764 6.0280545735052396e-05
64.51182588663997 6.051419126115523e-05
64.93982466610355 5.7476799421792235e-05
65.36782344556713 5.163566126917107e-05
65.7958222250307 6.121512783946978e-05
66.22382100449428 6.214970994388916e-05
66.65181978395786 5.771044494789708e-05
67.07981856342144 6.401887415272794e-05
67.50781734288502 5.911231810452616e-05
67.9358161223486 6.518710178325434e-05
68.36381490181216 6.168241889167946e-05
68.79181368127574 6.612168388767155e-05
69.21981246073932 6.635532941377639e-05
69.6478112402029 6.471981073104247e-05
70.07581001966648 6.074783678726009e-05
70.50380879913006 6.425251967883278e-05
70.93180757859363 6.658897493988346e-05
71.3598063580572 6.144877336557462e-05
71.78780513752078 6.214970994388916e-05
72.21580391698436 6.261700099609885e-05
72.64380269644793 6.074783678726009e-05
73.07180147591151 6.495345625714732e-05
73.49980025537509 6.425251967883278e-05
73.92779903483867 7.126188546198055e-05
74.35579781430224 7.032730335755879e-05
74.78379659376581 7.102823993587333e-05
75.21179537322939 6.635532941377639e-05
75.63979415269297 6.565439283546186e-05
76.06779293215655 7.616844151017994e-05
76.49579171162013 7.032730335755879e-05
76.92379049108371 6.869178467482486e-05
77.35178927054729 7.640208703628733e-05
77.77978805001085 7.476656835355088e-05
78.20778682947443 7.570115045797026e-05
78.63578560893801 7.780396019291387e-05
79.06378438840159 7.219646756639756e-05
79.49178316786517 7.686937808849448e-05
79.91978194732874 7.38319862491315e-05
80.34778072679232 7.523385940576307e-05
80.77577950625589 7.196282204029272e-05
81.20377828571947 8.130864308448657e-05
81.63177706518304 7.546750493186542e-05
82.05977584464662 8.107499755838173e-05
82.4877746241102 8.247687071501081e-05
82.91577340357378 8.528061702826897e-05
83.34377218303736 8.27105162411184e-05
83.77177096250092 8.130864308448657e-05
84.1997697419645 7.827125124512358e-05
84.62776852142808 8.855165439373682e-05
85.05576730089166 8.271051624111565e-05
85.48376608035524 8.317780729332535e-05
85.91176485981882 7.38319862491315e-05
86.3397636392824 8.761707228931742e-05
86.76776241874597 9.065446412868345e-05
87.19576119820954 8.271051624111565e-05
87.62375997767312 8.271051624111565e-05
88.0517587571367 9.042081860257558e-05
88.47975753660027 8.831800886763196e-05
88.90775631606385 9.439279254635797e-05
89.33575509552743 9.579466570298705e-05
89.76375387499101 8.434603492385238e-05
90.19175265445458 8.878529991984166e-05
90.61975143391815 9.392550149414828e-05
91.04775021338173 8.714978123710774e-05
91.47574899284531 9.065446412868044e-05
91.90374777230889 9.182269175920466e-05
92.33174655177247 9.626195675519675e-05
92.75974533123605 9.883205754235335e-05
93.18774411069961 9.672924780740645e-05
93.61574289016319 0.00010327132253834214
94.04374166962677 0.00010000028517287429
94.47174044909035 0.00011168256147811662
94.89973922855393 0.00010116851280339853
95.3277380080175 0.00010841152411264878
95.75573678748108 0.00010373861359055184
96.18373556694466 0.00011214985253033004
96.61173434640823 0.00011892557278736686
97.0397331258718 0.00010724329648212454
97.46773190533538 0.00011191620700422145
97.89573068479896 0.00011892557278736686
98.32372946426254 0.00011986015489178624
98.75172824372612 0.00011635547200021354
99.1797270231897 0.0001322433677753475
99.60772580265326 0.00012850503935766557
100.03572458211684 0.00012850503935766557
100.46372336158042 0.00012803774830545588
100.891722141044 0.00013154243119702856
101.31972092050758 0.00012640222962272195
101.74771969997116 0.0001271031662010365
102.17571847943474 0.0001275704572532504
102.6037172588983 0.00012733681172714132
103.03171603836188 0.00013411253198418186
103.45971481782546 0.0001401873156629079
103.88771359728904 0.00013434617751028672
104.31571237675261 0.0001401873156629079
104.7437111562162 0.00014602845381552905
105.17170993567977 0.00013948637908459333
105.59970871514335 0.00015303781959867953
106.02770749460691 0.00014789761802436782
106.4557062740705 0.00015490698380751322
106.88370505353407 0.0001511686553898357
107.31170383299765 0.00014626209934163388
107.73970261246123 0.00015257052854646474
108.16770139192481 0.00016495374143002162
108.59570017138839 0.00016121541301234943
109.02369895085195 0.000159813539855715
109.45169773031553 0.000171963107213167
109.87969650977911 0.0001728976893175864
110.30769528924269 0.0001890192306188208
110.73569406870627 0.00018154257378346573
111.16369284816984 0.00019112204035376442
111.59169162763342 0.0001817762193095766
112.01969040709699 0.0001890192306188208
112.44768918656057 0.0001969631785063856
112.87568796602415 0.00020490712639395037
113.30368674548772 0.00019743046955859528
113.7316855249513 0.0002046734808678455
114.15968430441488 0.00022032773111687026
114.58768308387846 0.00021051461902047368
115.01568186334202 0.00021588846612087813
115.4436806428056 0.00022593522374338655
115.87167942226918 0.00022850532453053983
116.29967820173276 0.0002387857276791531
116.72767698119634 0.0002474306121450324
117.15567576065992 0.00024158947399241125
117.5836745401235 0.0002565427876631214
118.01167331958708 0.0002619166347635416
118.43967209905064 0.0002658886087073153
118.86767087851422 0.0002614493437113232
119.2956696579778 0.000264720381076791
119.72366843744138 0.00026915964607278315
120.15166721690495 0.00028761764263506603
120.57966599636853 0.00029112232552663873
121.00766477583211 0.0003016363742013668
121.43566355529568 0.0003123840684021797
121.86366233475925 0.00030934667656281673
122.29166111422283 0.000328739255229519
122.71965989368641 0.0003359822665387692
123.14765867314999 0.0003289729007556238
123.57565745261357 0.0003495337070528503
124.00365623207715 0.0003521038078400153
124.43165501154071 0.00035864588257093934
124.85965379100429 0.00039299177490835177
125.28765257046787 0.00037313190518943986
125.71565134993145 0.0004023375959525456
126.14365012939503 0.0004137862267316831
126.5716489088586 0.00041682361857104614
126.99964768832218 0.0004264030851413449
127.42764646778576 0.00043528161513334344
127.85564524724933 0.00045233773853899784
128.2836440267129 0.000479440619567129
128.71164280617649 0.00048551540324588715
129.13964158564005 0.0005172911947961129
129.56764036510364 0.0005483660497680929
129.9956391445672 0.0005315435718885081
130.4236379240308 0.0005733661210613123
130.85163670349436 0.0005855156884187259
131.27963548295796 0.0006296746928525822
131.70763426242152 0.0006521046633586048
132.13563304188511 0.0006598149657201084
132.56363182134868 0.0007126188546198054
132.99163060081224 0.0007476656835354839
133.41962938027584 0.0007686937808849704
133.8476281597394 0.0007726657548287017
134.275626939203 0.0008044415463790131
134.70362571866656 0.0008446285768689919
135.13162449813015 0.00091355400706998
135.55962327759372 0.0009500027091423373
135.98762205705728 0.001076404938764992
136.41562083652087 0.001144162141335471
136.84361961598444 0.0011801435523555402
137.27161839544803 0.001383415160066842
137.6996171749116 0.001361919771665105
138.1276159543752 0.0016387897200994478
138.55561473383875 0.0018039771070555795
138.98361351330232 0.0018490706935936935
139.4116122927659 0.0023086514434420644
139.83961107222947 0.0023472029552492097
140.26760985169307 0.0025287455290328373
140.69560863115663 0.0029820178496760565
141.12360741062022 0.0030268777906883866
141.5516061900838 0.0034280471590104216
141.97960496954735 0.003707720853757686
142.40760374901095 0.00379907625446493
142.8356025284745 0.00414206788678658
143.2636013079381 0.0042063204064656905
143.69160008740167 0.0043857601705139275
144.11959886686526 0.00456823732640211
144.54759764632882 0.004611929039783718
144.9755964257924 0.0047287518028358315
145.40359520525598 0.0047890323485711974
145.83159398471955 0.004927350500024944
146.25959276418314 0.004824780114065241
146.6875915436467 0.00491029437661929
147.1155903231103 0.004917303742402762
147.54358910257386 0.004835761453792168
147.97158788203743 0.004868238181920419
148.39958666150102 0.004884827014274187
148.82758544096458 0.004867537245342105
149.25558422042818 0.0048553876779849755
149.68358299989174 0.004851415704040871
150.11158177935533 0.004888798988217971
150.5395805588189 0.0048366960358962666
150.9675793382825 0.004789499639623407
151.39557811774606 0.004820107203543142
151.82357689720962 0.004677349787092766
152.2515756766732 0.004666368447366149
152.67957445613678 0.004725247119944258
153.10757323560037 0.004601181345582895
153.53557201506393 0.004674078749727298
153.96357079452753 0.004650013260538809
154.3915695739911 0.004590900942434281
154.81956835345466 0.004624779543719177
155.24756713291825 0.004529919460120914
155.6755659123818 0.00449837731409646
156.1035646918454 0.004391834954192945
156.53156347130897 0.004413096697068194
156.95956225077256 0.004354685315542273
157.38756103023613 0.00431169453873898
157.8155598096997 0.004219404555927283
158.24355858916329 0.004301180490064262
158.67155736862685 0.004170572640971371
159.09955614809044 0.004147441733887268
159.527554927554 0.004104918248135912
159.9555537070176 0.004115432296810903
160.38355248648116 0.004110058449710491
160.81155126594473 0.003990665585870645
161.23955004540832 0.003956786984585707
161.6675488248719 0.003958188857742073
162.09554760433548 0.003907020487525372
162.52354638379904 0.0039151980809387825
162.95154516326264 0.00388716061780646
163.3795439427262 0.0038644970017742888
163.80754272218977 0.0037901977244726936
164.23554150165336 0.0038661325204570234
164.66354028111692 0.0038126276949787584
165.09153906058052 0.0038217398704971004
165.51953784004408 0.00375959016055296
165.94753661950767 0.003771973373436767
166.37553539897124 0.0037303844697901024
166.8035341784348 0.0036864591108821455
167.2315329578984 0.0037231414584808524
167.65953173736196 0.003633187930930242
168.08753051682555 0.003599776620697489
168.51552929628912 0.0036053841133237663
168.9435280757527 0.003511925902882064
169.37152685521627 0.00345304723030364
169.79952563467984 0.0034668323163435967
170.22752441414343 0.0034109910356047673
170.655523193607 0.0033913648114117343
171.0835219730706 0.0033752432701107246
171.51152075253415 0.0033194019893714437
171.93951953199775 0.003324775836472076
172.3675183114613 0.003300943992809161
172.7955170909249 0.0032623924810020796
173.22351587038847 0.0032261774244558275
173.65151464985203 0.003139494934270718
174.07951342931563 0.0031715043713472914
174.5075122087792 0.003118700482447387
174.93551098824278 0.003118934127973699
175.36350976770635 0.0031201023556040163
175.79150854716994 0.0031168313182387557
176.2195073266335 0.003026410499636177
176.64750610609707 0.003075008769065782
177.07550488556066 0.0030383264214675246
177.50350366502423 0.003054447962768557
177.93150244448782 0.002995802935716441
178.35950122395138 0.003007718857547589
178.78750000341498 0.003026176854110072
179.21549878287854 0.0029194008486801534
179.6434975623421 0.0029567841328567344
180.0714963418057 0.0029595878791701885
180.49949512126926 0.0029212700128887982
180.92749390073286 0.0029654290173228097
181.35549268019642 0.002893232549756218
181.78349145966 0.0028663633142543515
182.21149023912358 0.0029158961657885806
182.63948901858714 0.002816363171667726
183.06748779805073 0.002828980030077575
183.4954865775143 0.002817765044824355
183.9234853569779 0.002751877006462973
184.35148413644146 0.002830148257707911
184.77948291590505 0.0028161295261418078
185.2074816953686 0.002784587380117653
185.63548047483218 0.002790662163796194
186.06347925429577 0.002728045162800278
186.49147803375934 0.002817765044824355
186.91947681322293 0.002785288316695967
187.3474755926865 0.0027675312567118147
187.7754743721501 0.0027481386780452955
188.20347315161365 0.0027338863009528994
188.63147193107721 0.002752110651988895
189.0594707105408 0.0027490732601497146
189.48746949000437 0.0027441667041013308
189.91546826946797 0.0027355218196356335
190.34346704893153 0.002687858132310065
190.77146582839512 0.002702811445980954
191.1994646078587 0.0027009422817719357
191.62746338732228 0.0027429984764709885
192.05546216678584 0.002744166704101513
192.4834609462494 0.0027399610846314437
192.911459725713 0.002745802222784247
193.33945850517657 0.002725475062012944
193.76745728464016 0.0027740733314429345
194.19545606410372 0.0027532788796194195
194.62345484356732 0.002777578014334507
195.05145362303088 0.002787858417483121
195.47945240249445 0.002750708778832266
195.90745118195804 0.0027338863009528994
196.3354499614216 0.0027890266451134596
196.7634487408852 0.002793699555635742
197.19144752034876 0.0028098210969367903
197.61944629981235 0.0028504754184792216
198.04744507927592 0.0028972045237001926
198.47544385873948 0.002850008127426823
198.90344263820307 0.0028663633142543515
199.33144141766664 0.0029079522179008225
199.75944019713023 0.0029338868712986545
200.1874389765938 0.0029974384543989758
200.6154377560574 0.002986924405724457
201.04343653552095 0.0029467373752344213
201.47143531498452 0.00299907397308171
201.8994340944481 0.003010288958334942
202.32743287391168 0.003021971234639984
202.75543165337527 0.0030733732503832527
203.18343043283883 0.0031009434224634194
203.61142921230243 0.0031219715198130622
204.039427991766 0.0031320182774355713
204.46742677122955 0.003185756748439476
204.89542555069315 0.003167298751877404
205.3234243301567 0.0031855231029133714
205.7514231096203 0.0031922988231706233
206.17942188908387 0.0032007100621101858
206.60742066854746 0.0032827196417732018
207.03541944801103 0.0033182337617411396
207.4634182274746 0.0033004767017569517
207.89141700693818 0.003356084336970126
208.31941578640175 0.00340374802429529
208.74741456586534 0.003409589162448138
209.1754133453289 0.0034369256890021773
209.6034121247925 0.0034556173310907943
210.03141090425606 0.0035098230931468874
210.45940968371966 0.0034773463650185454
210.88740846318322 0.003552813869950413
211.31540724264678 0.0035390287839099917
211.74340602211038 0.003588561635444456
212.17140480157394 0.0035864588257092742
212.59940358103754 0.003651412281966662
213.0274023605011 0.0036469730169704276
213.4554011399647 0.0036378608414525805
213.88339991942826 0.003674309543524938
214.31139869889182 0.0036869264019343552
214.73939747835541 0.0037074872082318265
215.16739625781898 0.0037747771197497743
215.59539503728257 0.003722674167428642
216.02339381674614 0.003747440593195508
216.45139259620973 0.0037775808660632827
216.8793913756733 0.003784122940794219
217.30739015513686 0.0038334221468020887
217.73538893460045 0.0038588895091477724
218.16338771406402 0.00391846911830425
218.5913864935276 0.0038376277662722307
219.01938527299117 0.0038651979383523467
219.44738405245477 0.0038951045656940254
219.87538283191833 0.003913095271204098
220.3033816113819 0.003959824376424807
220.7313803908455 0.003968235615364844
221.15937917030905 0.003911459752521105
221.58737794977264 0.003969403842995369
222.0153767292362 0.004043703120296443
222.4433755086998 0.004038796564248511
222.87137428816337 0.003996740369549637
223.29937306762693 0.004038562918722137
223.72737184709052 0.004020338567686226
224.1553706265541 0.004041366665035395
224.58336940601768 0.004116133233389217
225.01136818548125 0.004068936837115766
225.43936696494484 0.004114497714706483
225.8673657444084 0.004089731288939369
226.29536452387197 0.004145572569678154
226.72336330333556 0.004201881141469698
227.15136208279912 0.004196040003316799
227.57936086226272 0.004204451242256852
228.00735964172628 0.004126880927589767
228.43535842118987 0.004242068171959734
228.86335720065344 0.004224778403027974
229.291355980117 0.004314264639525847
229.7193547595806 0.0042913673779678575
230.14735353904416 0.004277115000875178
230.57535231850775 0.004298376743751003
231.00335109797132 0.004262628978256677
231.4313498774349 0.004339264710819353
231.85934865689848 0.00433809648318854
232.28734743636207 0.004323143169518118
232.71534621582563 0.004408891077598599
233.1433449952892 0.004442302387831298
233.5713437747528 0.0044229098091648905
233.99934255421635 0.004435293022048153
234.42734133367995 0.004457489347028409
234.8553401131435 0.004522910094337468
235.2833388926071 0.004479218380956161
235.71133767207067 0.00456823732640211
236.13933645153423 0.004605620610578581
236.56733523099783 0.004659592727109108
236.9953340104614 0.004644873058964194
237.42333278992498 0.00465585439869143
237.85133156938855 0.004644405767911984
238.27933034885214 0.004736462105197605
238.7073291283157 0.0047215087915268945
239.13532790777927 0.004746976153872009
239.56332668724286 0.004814032419864416
239.99132546670643 0.004798144524088967
240.41932424617002 0.004844172692731943
240.84732302563359 0.004842537174048887
241.27532180509718 0.004917070096876657
241.70332058456074 0.004875247547703888
242.1313193640243 0.004894406480844162
242.5593181434879 0.00499370582943905
242.98731692295146 0.004967070239462766
243.41531570241506 0.005027584430724254
243.84331448187862 0.005059360222274178
244.27131326134221 0.005083192065937209
244.69931204080578 0.005145341775881099
245.12731082026934 0.00517875308611375
245.55530959973294 0.0051974447282024825
245.9833083791965 0.005203753157406968
246.4113071586601 0.005221743862917387
246.83930593812366 0.005305155315736468
247.26730471758725 0.0052969777223231505
247.69530349705082 0.005314734782307119
248.12330227651438 0.005389034059608105
248.55130105597797 0.005368005962259026
248.97929983544154 0.0054140341309013235
249.40729861490513 0.005487165180572502
249.8352973943687 0.005484361434258879
250.2632961738323 0.005545576562098715
250.69129495329585 0.005600716906259089
251.11929373275944 0.00561076366388197
251.547292512223 0.005677352638821853
251.97529129168657 0.005663100261729081
252.40329007115017 0.005733193919560914
252.83128885061373 0.005755623890066597
253.25928763007732 0.005757960345328028
253.6872864095409 0.005807726842387976
254.11528518900448 0.005873147589697721
254.54328396846805 0.0058831943473202294
254.9712827479316 0.005889736422050774
255.3992815273952 0.006007493767208012
255.82728030685877 0.006013101259834529
256.25527908632233 0.006070578059256323
256.6832778657859 0.006033662066131756
257.11127664524946 0.006070344413730218
257.539275424713 0.006128522149729513
257.96727420417665 0.006223148587802792
258.3952729836402 0.006271513211706497
258.8232717631038 0.006237868255947398
259.25127054256734 0.006367775168460851
259.67926932203096 0.006397915441329224
260.1072681014945 0.006387401392654505
260.5352668809581 0.006457728696012066
260.96326566042165 0.006456326822855437
261.3912644398852 0.006604224440878932
261.81926321934884 0.006532261618839515
262.2472619988124 0.006598149657201083
262.67526077827597 0.006696748069217332
263.10325955773953 0.006680159236863001
263.53125833720316 0.006762636107578901
263.9592571166667 0.006815673642004703
264.3872558961303 0.006862870038277883
264.81525467559385 0.006882262616944587
265.2432534550574 0.006994178823947883
265.67125223452103 0.006953524502406566
266.0992510139846 0.007082730478342551
266.52724979344816 0.007073618302824462
266.9552485729117 0.007163805475900936
267.3832473523753 0.0071516559085425336
267.8112461318389 0.007258899205025611
268.2392449113025 0.007326422762069914
268.66724369076604 0.007348151795997666
269.0952424702296 0.0074488530177478675
269.5232412496932 0.0075310962429377655
269.9512400291568 0.007392310800431482
270.37923880862036 0.00748553536534732
270.8072375880839 0.007595816053668812
271.2352363675475 0.007643479740993187
271.6632351470111 0.007714274335403972
272.0912339264747 0.007728293066970263
272.51923270593824 0.0077983867248017195
272.9472314854018 0.007865442990793814
273.37523026486537 0.00790913470417437
273.803229044329 0.007907966476544896
274.23122782379255 0.008061237941669682
274.6592266032561 0.008097452998215933
275.0872253827197 0.008096284770584333
275.5152241621833 0.008101424972159715
275.94322294164687 0.008146284913171847
276.37122172111043 0.00829558440435285
276.799220500574 0.00827969650857772
277.22721928003756 0.00837362201007076
277.6552180595012 0.008431799746071979
278.08321683896474 0.008475257813927481
278.5112156184283 0.008444182958955538
278.9392143978919 0.008562641240690698
279.36721317735544 0.008575725390151431
279.79521195681906 0.008635772290361518
280.2232107362826 0.008658903197445897
280.6512095157462 0.008648622794297284
281.07920829520975 0.008701893974248035
281.5072070746734 0.0087119407318717
281.93520585413694 0.008812174662570681
282.3632046336005 0.008801894259422068
282.79120341306407 0.008908202973799777
283.21920219252763 0.008863109387260364
283.64720097199125 0.008959604989542845
284.0751997514548 0.008956567597703483
284.5031985309184 0.008939511474297827
284.93119731038195 0.008965446127694275
285.35919608984557 0.008962642381382209
285.78719486930913 0.008965446127695467
286.2151936487727 0.009070352968916546
286.64319242823626 0.008957969470860111
287.0711912076998 0.008952361978232405
287.49918998716345 0.008930165653253634
287.927188766627 0.008929932007727528
288.3551875460906 0.008902361835647157
288.78318632555414 0.008860539286474386
289.2111851050177 0.008970119038216373
289.6391838844813 0.009001427538715615
290.0671826639449 0.008890212268289704
290.49518144340846 0.008879230928562775
290.923180222872 0.008852595338585647
291.35117900233564 0.008796754057847762
291.7791777817992 0.008715445414763273
292.20717656126277 0.008706566884771288
292.63517534072633 0.008594884323293167
293.0631741201899 0.008666379854280103
293.4911728996535 0.008603061916706838
293.9191716791171 0.00848951019101988
294.34717045858065 0.008441846503694488
294.7751692380442 0.008385304286377113
295.2031680175078 0.008320584475644965
295.6311667969714 0.008352593912722434
296.05916557643496 0.008237173022826635
296.4871643558985 0.008121518487404734
296.9151631353621 0.008138340965283201
297.3431619148257 0.0080766585463926
297.7711606942893 0.00800960228040051
298.19915947375284 0.007907265539966582
298.6271582532164 0.007884835569460515
299.05515703268 0.007736704305909011
299.4831558121436 0.007784134347709324
299.91115459160716 0.00761357311365278
300.3391533710707 0.007551890694761099
300.7671521505343 0.007582965549732037
301.1951509299979 0.007431563248817098
301.6231497094615 0.007339039620479576
302.05114848892504 0.0072789927202706285
302.4791472683886 0.007112403460157868
302.90714604785217 0.007098151083064529
303.3351448273158 0.00705282385100113
303.76314360677935 0.006950720756093308
304.1911423862429 0.006863103683803989
304.6191411657065 0.006805626884382194
305.04713994517004 0.006715206065778724
305.47513872463367 0.006702822852896058
305.90313750409723 0.006577588850903856
306.3311362835608 0.006494878334662738
306.75913506302436 0.0063864668105492375
307.187133842488 0.006302120775626233
307.61513262195155 0.006184129784943282
308.0431314014151 0.006182260620734443
308.4711301808787 0.006040204140862692
308.89912896034224 0.005964970281456136
309.32712773980586 0.00585819427602701
309.7551265192694 0.005820343700798024
310.183125298733 0.005743707968235631
310.61112407819655 0.005601651488363881
311.0391228576601 0.0055862308836402185
311.46712163712374 0.00547501561321505
311.8951204165873 0.00536239846963251
312.32311919605087 0.005279687953391391
312.75111797551443 0.005205155030563251
313.17911675497805 0.005115435148539679
313.6071155344416 0.005031089113615827
314.0351143139052 0.004947210369744184
314.46311309336875 0.004881789622434824
314.8911118728323 0.004776415490160901
315.31911065229593 0.004648845032908284
315.7471094317595 0.0046032841553178385
316.17510821122306 0.004502115642514437
316.6031069906866 0.004503984806723275
317.0311057701502 0.004353049796858961
317.4591045496138 0.0043324889905623125
317.8871033290774 0.004156086618353147
318.31510210854094 0.004125712699959516
318.7431008880045 0.004084591087364519
319.1710996674681 0.003969871134047578
319.5990984469317 0.003907487778577583
320.02709722639526 0.003810291239717963
320.4550960058588 0.003748842466352386
320.8830947853224 0.0036925338945606257
321.311093564786 0.0036114588970027318
321.73909234424957 0.0035521129333720984
322.16709112371313 0.00343809391663293
322.5950899031767 0.0033219720901583767
323.0230886826403 0.003311691687010204
323.4510874621039 0.003258654152584402
323.87908624156745 0.0031939343418533575
324.307085021031 0.0030747751235398815
324.7350838004946 0.002994167417033309
325.1630825799582 0.0029549149686480917
325.59108135942176 0.002875709135298546
326.01908013888533 0.002814727652985179
326.4470789183489 0.002758886372246119
326.87507769781246 0.002707484356502691
327.3030764772761 0.0026282785231535053
327.73107525673964 0.002569867141627292
328.1590740362032 0.0025222034543019014
328.5870728156668 0.0024378574193777256
329.0150715951304 0.0024037451725667405
329.44307037459396 0.0023598198136590277
329.8710691540575 0.002298371040293451
330.2990679335211 0.0021827165048715486
330.72706671298465 0.0021467350938511156
331.1550654924483 0.0021147256567750354
331.58306427191184 0.002050005846043991
332.0110630513754 0.001984351453208527
332.43906183083897 0.0019663607476984534
332.86706061030253 0.0019065474930153575
333.29505938976615 0.0018299117604532184
333.7230581692297 0.0017946312860113852
334.1510569486933 0.001740659169481164
334.57905572815685 0.0016810795603242029
335.00705450762047 0.0016144905853845428
335.43505328708403 0.0015838830214648068
335.8630520665476 0.0015294436138823758
336.29105084601116 0.0015154248823160846
336.7190496254747 0.0014600508926290402
337.14704840493835 0.0014018731566291253
337.5750471844019 0.0013929946266371409
338.0030459638655 0.0013476673945727992
338.43104474332904 0.0013121532746048613
338.8590435227926 0.0012584148036005778
339.2870423022562 0.0012170595454801857
339.7150410817198 0.0011880875002431837
340.14303986118335 0.0011577135818495528
340.5710386406469 0.001104909692949709
340.99903742011054 0.0010635544348292965
341.4270361995741 0.0010679936998252888
341.85503497903767 0.0010322459343312458
342.28303375850123 0.0009672924780740965
342.7110325379648 0.0009408905336241231
343.1390313174284 0.0009450961530941353
343.567030096892 0.0008794417602586712
343.99502887635555 0.0008378528566120073
344.4230276558191 0.0008198621511018246
344.85102643528273 0.0008000022813830209
345.2790252147463 0.0007936938521781898
345.70702399420986 0.0007390207990696539
346.1350227736734 0.0006981328320013044
346.563021553137 0.0007151889554068638
346.9910203326006 0.0006789738988607064
347.4190191120642 0.0006766374435996579
347.84701789152774 0.0006175251254951298
348.2750166709913 0.0005950951549890637
348.70301545045487 0.0005754689307961796
349.1310142299185 0.0005591137439689162
349.55901300938206 0.0005558427066034481
349.9870117888456 0.000532244508466858
350.4150105683092 0.0005081790192779904
350.8430093477728 0.0005102818290130016
351.27100812723637 0.000488786440611355
351.69900690669994 0.0004535059661695221
352.1270056861635 0.000423132047775891
352.55500446562706 0.0004172909096232143
352.9830032450907 0.00039649645779993764
353.41100202455425 0.0003864497001774289
353.8390008040178 0.00039065531964731627
354.2669995834814 0.0003588795280970561
354.69499836294494 0.00034509444205682387
355.12299714240856 0.00031892614313312604
355.55099592187213 0.00032616915444237654
355.9789947013357 0.00030607563919735905
356.40699348079926 0.0003081784489322618
356.8349922602629 0.0002878512881611804
357.26299103972644 0.00027009422817721147
357.69098981919 0.0002750007842254134
358.1189885986536 0.0002439259292534678
358.54698737811714 0.00024415957477954024
358.97498615758076 0.00023060813426549113
359.4029849370443 0.00022289783190403096
359.8309837165079 0.00021261742875541736
360.25898249597145 0.00020607535402445405
360.6869812754351 0.0002086454548116348
361.11498005489864 0.0001883182940405125
361.5429788343622 0.0001710285251087533
361.97097761382577 0.0001705612340565436
362.39897639328933 0.00015560792038581226
362.82697517275295 0.00014929949118100186
363.2549739522165 0.00016682290563886594
363.6829727316801 0.0001408882522412271
364.11097151114365 0.000137850860401864
364.5389702906072 0.00013317794987974924
364.96696907007083 0.00012079473699620965
365.3949678495344 0.00012570129304441158
365.82296662899796 0.00011915921831347566
366.2509654084615 0.00011518724436967785
366.67896418792515 0.00011285078910864459
367.1069629673887 9.766382991182907e-05
367.5349617468523 8.761707228932033e-05
367.96296052631584 9.228998281141741e-05
368.3909593057794 8.644884465878459e-05
368.818958085243 7.850489677123102e-05
369.2469568647066 8.504697150216695e-05
369.67495564417015 7.593479598407764e-05
370.1029544236337 7.429927730134365e-05
370.5309532030973 7.172917651418072e-05
370.9589519825609 6.565439283546403e-05
371.38695076202447 6.0514191261157245e-05
371.81494954148803 5.677586284347958e-05
372.2429483209516 6.44861652049312e-05
372.6709471004152 5.350482547801162e-05
373.0989458798788 5.1635661269172784e-05
373.52694465934235 4.485994101213201e-05
373.9549434388059 4.906556048201939e-05
374.3829422182695 4.2757131277182644e-05
374.8109409977331 4.369171338160774e-05
375.23893977719666 4.228984022497862e-05
375.6669385566602 3.7850575228986384e-05
376.0949373361238 3.387860128520387e-05
376.52293611558736 3.7616929702876534e-05
376.950934895051 3.434589233741357e-05
377.37893367451454 2.803746313258251e-05
377.8069324539781 2.9439336289211634e-05
378.23493123344167 2.476642576711126e-05
378.6629300129053 2.3831843662695134e-05
379.09092879236886 2.546736234542911e-05
379.5189275718324 2.313090708438057e-05
379.946926351296 2.1729033927751445e-05
380.37492513075955 2.0560806297224442e-05
380.80292391022317 1.93925786667029e-05
381.23092268968674 1.5186959196815525e-05
381.6589214691503 1.8691642088388336e-05
382.08692024861386 2.0093515245014798e-05
382.5149190280775 1.6355186827339794e-05
382.94291780754105 1.1214985253033003e-05
383.3709165870046 1.0280403148613586e-05
383.7989153664682 1.0747694200823295e-05
384.22691414593174 1.1214985253031514e-05
384.65491292539537 1.1214985253033003e-05
385.08291170485893 1.0046757622508732e-05
385.5109104843225 8.644884465879605e-06
385.93890926378606 1.0280403148613586e-05
386.3669080432496 7.710302361459166e-06
386.79490682271324 1.1915921831347567e-05
387.2229056021768 6.775720257040773e-06
387.6509043816404 5.373847100411647e-06
388.07890316110394 6.308429204830227e-06
388.50690194056756 6.542074730935919e-06
388.9349007200311 4.906556048201939e-06
389.3628994994947 5.373847100411647e-06
389.79089827895825 5.140201574306793e-06
390.2188970584218 4.2056194698868175e-06
390.64689583788544 3.9719739437825215e-06
391.074894617349 3.5046828915728136e-06
391.50289339681257 3.2710373654679595e-06
391.93089217627613 3.5046828915728136e-06
392.3588909557397 3.0373918393627017e-06
392.7868897352033 3.0373918393631053e-06
393.2148885146669 3.5046828915728136e-06
393.64288729413045 2.5701007871533966e-06
394.070886073594 2.1028097349434087e-06
394.49888485305763 4.205619469887376e-06
394.9268836325212 1.8691642088388339e-06
395.35488241198476 1.6355186827339797e-06
395.7828811914483 1.168227630524271e-06
396.2108799709119 2.8037463132578785e-06
396.6388787503755 2.5701007871533966e-06
397.0668775298391 1.8691642088388339e-06
397.49487630930264 4.6729105220970847e-07
397.9228750887662 1.4018731566291254e-06
398.35087386822977 2.1028097349434087e-06
398.7788726476934 1.8691642088388339e-06
399.20687142715695 1.168227630524271e-06
399.6348702066205 9.345821044194169e-07
400.0628689860841 9.345821044192927e-07
400.4908677655477 1.168227630524271e-06
400.91886654501127 9.345821044194169e-07
401.34686532447483 2.3364552610485424e-07
401.7748641039384 9.345821044194169e-07
402.20286288340196 7.009365783144696e-07
402.6308616628656 4.6729105220970847e-07
403.05886044232915 2.3364552610485424e-07
403.4868592217927 1.4018731566291254e-06
403.9148580012563 4.672910522096464e-07
404.3428567807199 2.3364552610485424e-07
404.77085556018346 4.6729105220970847e-07
405.198854339647 7.009365783145627e-07
405.6268531191106 7.009365783145627e-07
406.05485189857416 0.0
406.4828506780378 7.009365783145627e-07
406.91084945750134 4.6729105220970847e-07
407.3388482369649 9.345821044194169e-07
407.76684701642847 2.3364552610485424e-07
408.19484579589204 2.336455261048232e-07
408.62284457535566 4.6729105220970847e-07
409.0508433548192 2.3364552610485424e-07
409.4788421342828 2.3364552610485424e-07
409.90684091374635 0.0
410.33483969321 0.0
410.76283847267354 2.3364552610485424e-07
411.1908372521371 2.3364552610485424e-07
411.61883603160067 2.3364552610485424e-07
412.04683481106423 2.336455261048232e-07
412.47483359052785 0.0
412.9028323699914 4.6729105220970847e-07
413.330831149455 4.6729105220970847e-07
413.75882992891854 0.0
414.1868287083821 2.336455261048232e-07
414.61482748784573 2.3364552610485424e-07
415.0428262673093 2.3364552610485424e-07
415.47082504677286 0.0
415.8988238262364 0.0
416.32682260570004 0.0
416.7548213851636 0.0
417.1828201646272 0.0
417.61081894409074 0.0
418.0388177235543 0.0
418.4668165030179 0.0
418.8948152824815 0.0
419.32281406194505 0.0
419.7508128414086 0.0
420.17881162087224 2.3364552610485424e-07
420.6068104003358 0.0
421.03480917979937 0.0
421.46280795926293 0.0
421.8908067387265 0.0
422.3188055181901 0.0
422.7468042976537 0.0
423.17480307711725 0.0
423.6028018565808 0.0
424.0308006360444 0.0
424.458799415508 0.0
424.88679819497156 0.0
425.3147969744351 0.0
425.7427957538987 0.0
426.1707945333623 0.0
426.5987933128259 0.0
427.02679209228944 0.0
427.454790871753 0.0
427.88278965121657 0.0
428.3107884306802 0.0
428.73878721014376 2.3364552610485424e-07
