0.7603004503193295 6.981701559377092e-07
1.1899951278253758 6.981701559377097e-07
1.6196898053314217 4.654467706251394e-07
2.049384482837468 0.0
2.479079160343514 0.0
2.9087738378495605 2.327233853125699e-07
3.3384685153556064 2.327233853125699e-07
3.7681631928616524 4.654467706251394e-07
4.197857870367699 0.0
4.627552547873745 2.327233853125697e-07
5.0572472253797915 0.0
5.486941902885837 4.654467706251394e-07
5.9166365803918834 2.327233853125697e-07
6.34633125789793 0.0
6.776025935403975 4.654467706251394e-07
7.205720612910022 0.0
7.635415290416068 0.0
8.065109967922115 4.6544677062514034e-07
8.494804645428161 4.6544677062514034e-07
8.924499322934206 0.0
9.354194000440254 4.6544677062514034e-07
9.7838886779463 0.0
10.213583355452345 0.0
10.643278032958392 0.0
11.072972710464438 0.0
11.502667387970483 0.0
11.93236206547653 0.0
12.362056742982576 2.3272338531257017e-07
12.791751420488621 2.327233853125692e-07
13.221446097994669 4.6544677062514034e-07
13.651140775500714 4.654467706251384e-07
14.080835453006761 2.3272338531257017e-07
14.510530130512807 2.3272338531257017e-07
14.940224808018852 4.654467706251384e-07
15.3699194855249 9.308935412502807e-07
15.799614163030945 2.327233853125682e-07
16.229308840536994 0.0
16.65900351804304 2.3272338531257017e-07
17.088698195549085 2.3272338531257017e-07
17.51839287305513 2.327233853125682e-07
17.94808755056118 4.6544677062514034e-07
18.377782228067225 0.0
18.80747690557327 2.3272338531257017e-07
19.237171583079316 0.0
19.666866260585362 0.0
20.096560938091407 0.0
20.526255615597456 0.0
20.955950293103502 2.3272338531257017e-07
21.385644970609547 4.6544677062514034e-07
21.815339648115593 4.6544677062514034e-07
22.24503432562164 9.308935412502729e-07
22.674729003127688 2.3272338531257017e-07
23.104423680633733 9.308935412502807e-07
23.53411835813978 4.6544677062514034e-07
23.963813035645824 1.6290636971879908e-06
24.39350771315187 1.6290636971879908e-06
24.823202390657915 4.654467706251364e-07
25.252897068163964 1.6290636971879908e-06
25.68259174567001 2.559957238438272e-06
26.112286423176055 2.792680623750842e-06
26.5419811006821 3.4908507796885524e-06
26.971675778188146 3.2581273943759554e-06
27.401370455694195 1.6290636971879908e-06
27.83106513320024 6.283531403439394e-06
28.260759810706286 4.189020935626263e-06
28.690454488212332 6.516254788751963e-06
29.120149165718377 8.610765256565024e-06
29.549843843224426 1.2799786192191358e-05
29.979538520730472 1.2101616036253649e-05
30.409233198236517 1.1403445880315938e-05
30.838927875742563 1.1170722495003367e-05
31.26862255324861 1.2799786192191253e-05
31.698317230754657 9.076212027190236e-06
32.1280119082607 1.675608374250519e-05
32.557706585766745 1.3963403118754093e-05
32.987401263272794 1.698880712781776e-05
33.417095940778836 1.559246681594207e-05
33.846790618284885 1.698880712781776e-05
34.27648529579093 1.885059421031803e-05
34.706179973296976 1.885059421031803e-05
35.135874650803025 2.047965790750634e-05
35.56556932830907 2.0479657907506003e-05
35.995264005815116 2.0945104678131486e-05
36.42495868332116 2.2341444990006552e-05
36.85465336082721 2.443595545782007e-05
37.28434803833325 2.6065019155007643e-05
37.7140427158393 2.117782806344371e-05
38.14373739334535 2.443595545782007e-05
38.57343207085139 2.3970508687194526e-05
39.00312674835744 2.4668678843132638e-05
39.43282142586348 2.4203232072507094e-05
39.86251610336953 2.9555869934696166e-05
40.29221078087558 2.5366848999070357e-05
40.72190545838162 2.071238129281857e-05
41.15160013588767 2.0712381292818917e-05
41.58129481339371 2.350506191656939e-05
42.01098949089976 2.4203232072507094e-05
42.44068416840581 2.5134125613757785e-05
42.87037884591185 2.001421113688087e-05
43.3000735234179 2.1875998219381777e-05
43.72976820092394 2.746135946688305e-05
44.15946287842999 3.327944409969726e-05
44.58915755593604 2.6995912696258358e-05
45.01885223344208 2.466867884313223e-05
45.44854691094813 2.815952962282122e-05
45.87824158845417 2.8624976393445895e-05
46.30793626596022 3.6304848108760646e-05
46.73763094346627 3.118493363188466e-05
47.16732562097231 2.885769977875846e-05
47.59702029847836 3.6072124723448674e-05
48.026714975984405 2.909042316407103e-05
48.456409653490454 3.2115827173134946e-05
48.886104330996496 3.0952210246571574e-05
49.315799008502545 2.653046592563278e-05
49.745493686008594 2.58322957696955e-05
50.175188363514636 3.188310378782185e-05
50.604883041020685 3.490850779688581e-05
51.03457771852673 3.560667795282294e-05
51.464272396032776 3.304672071438469e-05
51.893967073538825 3.3744890870322954e-05
52.32366175104487 3.677029487938578e-05
52.753356428550916 3.886480534719954e-05
53.18305110605696 4.0959315815012005e-05
53.61274578356301 4.235565612688742e-05
54.042440461069056 4.1424762585637834e-05
54.4721351385751 4.1192039200324574e-05
54.90182981608115 3.863208196188697e-05
55.33152449358719 4.328654966813769e-05
55.76121917109324 4.4217443209387966e-05
56.19091384859929 4.468288998001384e-05
56.62060852610533 3.7003018264698345e-05
57.05030320361138 4.0493869044387546e-05
57.47999788111742 4.4682889980013104e-05
57.90969255862347 4.4217443209387966e-05
58.33938723612952 4.258837951220069e-05
58.76908191363556 5.0500974612827306e-05
59.19877659114161 5.026825122751557e-05
59.62847126864765 5.329365523657813e-05
60.0581659461537 4.957008107157703e-05
60.48786062365975 4.445016659470127e-05
60.91755530116579 4.933735768626446e-05
61.34724997867184 5.259548508064129e-05
61.77694465617788 4.724284721845135e-05
62.20663933368393 5.282820846595299e-05
62.63633401118998 5.8413569713455595e-05
63.06602868869602 5.631905924564151e-05
63.49572336620207 5.74826761722053e-05
63.92541804370811 6.190442049314213e-05
64.35511272121417 5.585361247501637e-05
64.78480739872022 6.539527127283166e-05
65.21450207622627 5.887901648408171e-05
65.6441967537323 5.911173986939233e-05
66.07389143123835 5.4457272163140966e-05
66.5035861087444 5.4689995548453535e-05
66.93328078625045 6.353348419033113e-05
67.3629754637565 6.469710111689611e-05
67.79267014126253 6.353348419033113e-05
68.22236481876858 6.911884543783276e-05
68.65205949627463 6.097352695189288e-05
69.08175417378068 6.0740803566580306e-05
69.51144885128673 6.143897372252004e-05
69.94114352879276 5.724995278689179e-05
70.37083820629881 6.0740803566580306e-05
70.80053288380486 6.213714387845572e-05
71.23022756131091 6.56279946581464e-05
71.65992223881695 6.586071804345682e-05
72.089616916323 6.027535679595517e-05
72.51931159382904 6.190442049314315e-05
72.9490062713351 6.539527127283166e-05
73.37870094884114 6.56279946581464e-05
73.80839562634718 6.609344142876938e-05
74.23809030385323 7.191152606158359e-05
74.66778498135928 6.818795189658249e-05
75.09747965886532 7.074790913502074e-05
75.52717433637137 7.144607929096081e-05
75.95686901387741 6.772250512595735e-05
76.38656369138346 6.818795189658249e-05
76.8162583688895 7.167880267627102e-05
77.24595304639556 7.772961069439779e-05
77.6756477239016 7.307514298814884e-05
78.10534240140764 7.610054699720981e-05
78.53503707891369 6.865339866720763e-05
78.96473175641974 7.02824623643956e-05
79.39442643392579 7.098063252033331e-05
79.82412111143184 7.400603652939914e-05
80.25381578893787 7.02824623643956e-05
80.68351046644392 7.586782361189724e-05
81.11320514394997 7.866050423564805e-05
81.54289982145602 7.540237684127212e-05
81.97259449896207 7.703144053846263e-05
82.4022891764681 8.796943964815078e-05
82.83198385397415 9.052939688658904e-05
83.2616785314802 8.890033318940107e-05
83.69137320898625 8.401314209783713e-05
84.1210678864923 8.145318485940157e-05
84.55076256399833 8.238407840064915e-05
84.98045724150438 8.3547695327212e-05
85.41015191901043 8.308224855658685e-05
85.83984659651648 8.401314209783713e-05
86.26954127402253 8.075501470346385e-05
86.69923595152856 8.564220579502511e-05
87.12893062903461 8.680582272158795e-05
87.55862530654066 9.308935412502729e-05
87.98831998404671 9.262390735440215e-05
88.41801466155276 9.262390735440522e-05
88.8477093390588 8.959850334533878e-05
89.27740401656484 8.564220579502511e-05
89.7070986940709 8.773671626283821e-05
90.13679337157694 9.00639501159639e-05
90.56648804908299 8.471131225377764e-05
90.99618272658903 8.983122673065133e-05
91.42587740409508 8.42458654831497e-05
91.85557208160112 9.029667350127647e-05
92.28526675910717 9.146029042783931e-05
92.71496143661322 9.611475813409386e-05
93.14465611411926 0.00010076922584034204
93.5743507916253 9.611475813409067e-05
94.00404546913136 0.00010472552339065571
94.4337401466374 0.00010379462984940542
94.86343482414345 0.00010263101292284598
95.29312950164949 0.00010821637417034421
95.72282417915554 0.00010170011938159232
96.15251885666159 0.0001098454378675322
96.58221353416764 0.00010937999109691067
97.01190821167367 0.00011519807572972127
97.44160288917972 0.0001084490975556568
97.87129756668577 0.00010891454432628193
98.30099224419182 0.00011659441604159667
98.73068692169787 0.00011473262895909993
99.1603815992039 0.00011752530958284697
99.59007627670995 0.00012357611760097372
100.019770954216 0.00013591045702253984
100.44946563172205 0.00012357611760097372
100.8791603092281 0.0001247397345275407
101.30885498673413 0.00013009237238972564
101.73854966424018 0.0001326523296281639
102.16824434174623 0.00013684135056379011
102.59793901925228 0.0001252051812981617
103.02763369675833 0.00013102326593098025
103.45732837426436 0.0001370740739491027
103.88702305177041 0.00012846330869253767
104.31671772927646 0.0001268342449953497
104.74641240678251 0.00014265943519660432
105.17610708428856 0.00015406288107692526
105.6058017617946 0.00014498666904973003
106.03549643930064 0.00015801917862723382
106.4651911168067 0.00014335760535254204
106.89488579431274 0.00017128441159005022
107.32458047181879 0.00015429560446223784
107.75427514932483 0.00014987386014129396
108.18396982683088 0.00016104458263629723
108.61366450433692 0.0001589500721684841
109.04335918184297 0.0001640699866453606
109.47305385934902 0.0001615100294069277
109.90274853685506 0.00017896428330536497
110.3324432143611 0.00017826611314942728
110.76213789186716 0.00019455675012130705
111.1918325693732 0.0001906004525709934
111.62152724687925 0.00020107300491006562
112.05122192438529 0.00017849883653473983
112.48091660189134 0.00018850594210318027
112.91061127939739 0.00019804760090099554
113.34030595690344 0.00021433823787287532
113.77000063440948 0.00020130572829537817
114.19969531191552 0.00022062176927631466
114.62938998942157 0.00021201100401974963
115.05908466692762 0.00020991649355193653
115.48877934443367 0.00023342155546850595
115.91847402193972 0.00022946525791819986
116.34816869944575 0.00023458517239506878
116.7778633769518 0.00025553027707319996
117.20755805445785 0.0002357487893216316
117.6372527319639 0.0002536684899906994
118.06694740946995 0.00024738495858726817
118.49664208697598 0.0002571593407703879
118.92633676448203 0.00025599572384382507
119.35603144198808 0.00025902112785288845
119.78572611949413 0.00025669389399976273
120.21542079700018 0.0003064966984566625
120.64511547450621 0.00028555159377852124
121.07481015201226 0.000300213167053213
121.50450482951831 0.00031836559110759335
121.93419950702436 0.00032348550558446984
122.36389418453041 0.0003395434191710483
122.79358886203644 0.0003269763563641583
123.22328353954249 0.00034745601427166436
123.65297821704854 0.0003476887376569769
124.08267289455459 0.00033884524901509934
124.51236757206064 0.0003749173737385598
124.94206224956667 0.0003844590325363627
125.37175692707272 0.0003867862663894884
125.80145160457877 0.00041052405169137037
126.23114628208482 0.00041308400892982225
126.66084095959086 0.0004093604347648075
127.0905356370969 0.0004540433247448206
127.52023031460295 0.00046125774968951025
127.949924992109 0.0004635849835426512
128.37961966961504 0.00048453008822075096
128.8093143471211 0.0004798756205145316
129.23900902462714 0.0005282820846595124
129.6687037021332 0.0005403837006958014
130.09839837963924 0.0005499253594936169
130.52809305714527 0.000592048292235154
130.95778773465133 0.0005771539955751883
131.38748241215737 0.000640222032994854
131.81717708966343 0.0006434801603892725
132.24687176716947 0.0006984028793230404
132.6765664446755 0.0007440166628442561
133.10626112218156 0.0007596091296602478
133.5359557996876 0.0008084810405758353
133.96565047719366 0.0008024302325577618
134.3953451546997 0.0008089464873465139
134.82503983220573 0.0008941232463708574
135.2547345097118 0.0009094829898015467
135.68442918721783 0.0009758091546155663
136.1141238647239 0.0011356901203253705
136.54381854222993 0.0011375519074078712
136.97351321973596 0.0012855639804665844
137.40320789724203 0.0013693443991791968
137.83290257474806 0.00138423869583911
138.26259725225412 0.0017437963261471316
138.69229192976016 0.001794530024145273
139.1219866072662 0.0019676762228176994
139.55168128477226 0.0023761057640414
139.9813759622783 0.0023882073800776545
140.41107063978433 0.0027545139885594666
140.8407653172904 0.0029230057195259534
141.27045999479643 0.0030344802210904766
141.7001546723025 0.00359580902646461
142.12984934980852 0.0036758658710121365
142.55954402731456 0.003860415515564754
142.98923870482062 0.004187857318699804
143.41893338232666 0.004239289186853602
143.84862805983272 0.004469685338313333
144.27832273733875 0.0045916323922171225
144.7080174148448 0.0046158356242893255
145.13771209235085 0.004773389356146245
145.5674067698569 0.00477897471739343
145.99710144736295 0.004868340497353776
146.42679612486899 0.004874158581986591
146.85649080237502 0.004915583344571903
147.28618547988108 0.004784327355255936
147.71588015738712 0.004862056965950015
148.14557483489318 0.004918608748581292
148.57526951239922 0.004829475692006575
149.00496418990525 0.004851817136996262
149.43465886741131 0.004908136196242226
149.86435354491735 0.004887889261719709
150.2940482224234 0.004899990877756286
150.72374289992945 0.004769200335210618
151.15343757743548 0.004760356846568426
151.58313225494155 0.004798756205145315
152.01282693244758 0.004751280634541236
152.44252160995364 0.004751513357926863
152.87221628745968 0.004679834555250589
153.3019109649657 0.0045790653294099405
153.73160564247178 0.004648416898233392
154.1613003199778 0.004647718728077146
154.59099499748388 0.0045986140937765005
155.0206896749899 0.004559982011814612
155.45038435249594 0.004509713760586798
155.880079030002 0.004492259506688653
156.30977370750804 0.004396842918710206
156.7394683850141 0.004387766706683306
157.16916306252014 0.0043661234318492365
157.59885774002618 0.0042853684171454895
158.02855241753224 0.004294677352558276
158.45824709503827 0.004209500593533594
158.88794177254434 0.004157836001994481
159.31763645005037 0.004164584980168547
159.7473311275564 0.004078942774373248
160.17702580506247 0.00399516235566099
160.6067204825685 0.003990275164569163
161.03641516007457 0.004041008862567568
161.4661098375806 0.004018667417577561
161.89580451508664 0.003957693890625404
162.3254991925927 0.003918130915122528
162.75519387009874 0.003937679679488525
163.1848885476048 0.0038736807485278265
163.61458322511083 0.0038362122834925015
164.04427790261687 0.003803398286163177
164.47397258012293 0.003842728538281254
164.90366725762897 0.0037929257338241112
165.33336193513503 0.0037819877347146716
165.76305661264107 0.0037596462897246637
166.1927512901471 0.00372729773916597
166.62244596765316 0.0036674878291408836
167.0521406451592 0.0036840111894978333
167.48183532266526 0.0036339756616558735
167.9115300001713 0.0036251321730139947
168.34122467767733 0.0036239685560871928
168.7709193551834 0.003506675969889894
169.20061403268943 0.003528551968109043
169.6303087101955 0.00350178877879833
170.06000338770153 0.0034659493774601936
170.48969806520756 0.003352147642042122
170.91939274271363 0.0033668092153170356
171.34908742021966 0.0033244535591899272
171.77878209772572 0.0033081629222182665
172.20847677523176 0.0032502147992754353
172.6381714527378 0.0031845868046170784
173.06786613024386 0.0032320623752210543
173.4975608077499 0.0031575908919208215
173.92725548525596 0.0031527037008294663
174.356950162762 0.0031508419137469654
174.78664484026802 0.0030628724740986092
175.2163395177741 0.003145954722655401
175.64603419528012 0.0031238460010505
176.0757288727862 0.0031010391092900743
176.50542355029222 0.003141067531563837
176.93511822779826 0.002998873543137655
177.36481290530432 0.003048909070980057
177.79450758281035 0.0030426255395764163
178.22420226031642 0.002966757715964718
178.65389693782245 0.0030170259671922343
179.0835916153285 0.003003760734229219
179.51328629283455 0.0029762993747625335
179.94298097034059 0.002933245548479513
180.37267564784665 0.0029641977587262793
180.80237032535268 0.002887166318187817
181.23206500285872 0.002918351251819509
181.66175968036478 0.002892751679435319
182.09145435787082 0.0029365036758738886
182.52114903537688 0.0028410870878959266
182.95084371288291 0.0028857699778759415
183.38053839038895 0.0028064113034841675
183.810233067895 0.002824098280768109
184.23992774540105 0.0028222364936854216
184.6696224229071 0.0028112984945759174
185.09931710041315 0.0027926806237509112
185.52901177791918 0.0027389215217435247
185.95870645542524 0.0027216999912305752
186.38840113293128 0.0027719682424579084
186.81809581043734 0.002783138964953096
187.24779048794338 0.0027189073106068246
187.6774851654494 0.0027063402477997666
188.10717984295547 0.002705409354258695
188.5368745204615 0.0027270526290925842
188.96656919796757 0.0026907477809840026
189.3962638754736 0.0026905150575986902
189.82595855297964 0.0027109947155060177
190.2556532304857 0.002730776203257766
190.68534790799174 0.002707503864726329
191.1150425854978 0.0027414814789821444
191.54473726300384 0.002762892030430901
191.97443194050987 0.0027063402477997666
192.40412661801594 0.0027382233515877686
192.83382129552197 0.002721932714615888
193.263515973028 0.00271937275737727
193.69321065053407 0.002764288370742777
194.1229053280401 0.0027798808375585353
194.55260000554617 0.002806876750254978
194.9822946830522 0.0027803462843293443
195.41198936055824 0.0027670810513663446
195.8416840380643 0.002770804625531529
196.27137871557034 0.002813625728428857
196.7010733930764 0.0028320108758687367
197.13076807058243 0.002832709046024674
197.56046274808847 0.0027978005382276027
197.99015742559453 0.002855050491014681
198.41985210310057 0.002890191722196689
198.84954678060663 0.0028741338086103125
199.27924145811266 0.0028901917221968803
199.7089361356187 0.0029111368268748194
200.13863081312476 0.002975135757835971
200.5683254906308 0.0029809538424685877
200.99802016813686 0.0029860737569456616
201.4277148456429 0.0030093460954769193
201.85740952314893 0.0030261021792192247
202.287104200655 0.0029641977587262793
202.71679887816103 0.003048676347594543
203.1464935556671 0.0030947555778866346
203.57618823317313 0.0030838175787769435
204.00588291067916 0.003149212850049569
204.43557758818523 0.003179699613525725
204.86527226569126 0.003150376466976132
205.29496694319732 0.003176906932901974
205.72466162070336 0.003187146761855727
206.1543562982094 0.0032125136108545854
206.58405097571546 0.0032644109257795027
207.0137456532215 0.0033100247093005484
207.44344033072755 0.0032692981168710666
207.8731350082336 0.003384496192600792
208.30282968573962 0.0033998559360311972
208.7325243632457 0.0033803071716651655
209.16221904075172 0.0034380225712224563
209.59191371825779 0.0034580367823595654
210.02160839576382 0.0034659493774601936
210.45130307326986 0.003494807077238722
210.88099775077592 0.00350365056588083
211.31069242828195 0.0035604350718968637
211.74038710578802 0.0035550824340349098
212.17008178329405 0.003568114943612414
212.5997764608001 0.0036100051529684386
213.02947113830615 0.0036337429382705603
213.45916581581218 0.003561365965438114
213.88886049331825 0.0036982073160021444
214.31855517082428 0.0036577134469577555
214.74824984833032 0.0037107743788087778
215.17794452583638 0.0037510355244680985
215.60763920334242 0.0037992092652275504
216.03733388084848 0.0037170579102124624
216.4670285583545 0.003794554797521551
216.89672323586055 0.0037670934380544174
217.3264179133666 0.0038511065801525067
217.75611259087265 0.0037975802015303628
218.1858072683787 0.0038687935574362622
218.61550194588474 0.003894393129820646
219.04519662339078 0.003828765135162246
219.47489130089684 0.003913941894186902
219.90458597840288 0.003949548572139465
220.33428065590894 0.003953737593075352
220.76397533341498 0.00396886461312067
221.193670010921 0.0039953950790460385
221.62336468842707 0.003956297550313791
222.0530593659331 0.004009125758779481
222.48275404343917 0.004004471291073494
222.9124487209452 0.004001213163679118
223.34214339845124 0.004031699927154799
223.7718380759573 0.004061488520475076
224.20153275346334 0.004072426519584497
224.6312274309694 0.004100353325822275
225.06092210847544 0.004099655155666337
225.49061678598147 0.004128047408674199
225.92031146348754 0.0041252547280507205
226.35000614099357 0.004199493487965155
226.77970081849963 0.004108265920922903
227.20939549600567 0.004203449785515746
227.6390901735117 0.004262096078614234
228.06878485101777 0.004169239447874798
228.4984795285238 0.0042248603369642234
228.92817420602987 0.004240918250551071
229.3578688835359 0.004324233222492973
229.78756356104194 0.004312829776612371
230.217258238548 0.004303288117814841
230.64695291605403 0.004249296292422043
231.0766475935601 0.004363098027840174
231.50634227106613 0.004389861217151119
231.93603694857217 0.00439079211069208
232.36573162607823 0.004362632581069548
232.79542630358426 0.004480390614037415
233.22512098109033 0.004416158959691441
233.65481565859636 0.004428027852342382
234.0845103361024 0.00442360610802115
234.51420501360846 0.004525538950788351
234.9438996911145 0.004514600951678362
235.37359436862056 0.004535080609586167
235.8032890461266 0.004598148647005875
236.23298372363263 0.004597683200234946
236.6626784011387 0.00461304294366588
237.09237307864473 0.004650976855471522
237.5220677561508 0.0046714565133793365
237.95176243365682 0.004666103875517147
238.38145711116286 0.004721957487991853
238.81115178866892 0.004708459531644036
239.24084646617496 0.004773156632760617
239.67054114368102 0.00476757127151343
240.10023582118706 0.0048122541614934455
240.5299304986931 0.004812719608263752
240.95962517619915 0.004885096581096282
241.3893198537052 0.004917445131654405
241.81901453121125 0.004964687978873182
242.2487092087173 0.00491395428087504
242.67840388622332 0.004954215426533789
243.10809856372938 0.005037297675090706
243.53779324123542 0.005048468397585376
243.96748791874148 0.005061268183777901
244.39718259624752 0.005073602523199468
244.82687727375355 0.005114561839014143
245.25657195125962 0.005159710175765121
245.68626662876565 0.005152030304049465
246.1159613062717 0.005268391996706093
246.54565598377775 0.005272813741027033
246.97535066128378 0.005245119658174489
247.40504533878985 0.005370324839473002
247.83474001629588 0.005339139905840764
248.26443469380195 0.005418265856847393
248.69412937130798 0.005421523984241769
249.12382404881401 0.005509726147274871
249.55351872632008 0.0054538725348002165
249.9832134038261 0.005516940572219925
250.41290808133215 0.005542772867989254
250.8426027588382 0.005616546181133707
251.27229743634425 0.005646567497838656
251.7019921138503 0.005685665026571543
252.13168679135634 0.00569986115307561
252.56138146886238 0.005694043068442419
252.99107614636844 0.005861138459097225
253.42077082387448 0.005743613149513994
253.85046550138054 0.005818084632814398
254.28016017888658 0.005912570327251304
254.7098548563926 0.0059616749615518634
255.13954953389867 0.0059837836831569515
255.5692442114047 0.006008685085385
255.99893888891077 0.006041964529485096
256.4286335664168 0.006075476696969706
256.85832824392287 0.006029862913449241
257.2880229214289 0.0061376138408481586
257.71771759893494 0.0061862530283784845
258.147412276441 0.006207430856441927
258.57710695394707 0.006235124939294946
259.0068016314531 0.00628772042437476
259.43649630895914 0.006300287487181639
259.8661909864652 0.00640966747827939
260.2958856639712 0.006448299560240427
260.72558034147727 0.006491353386523251
261.15527501898333 0.006608413249336343
261.58496969648934 0.0066000352074642174
262.0146643739954 0.006607715079179531
262.44435905150146 0.006711044262258308
262.8740537290075 0.0067075534114795065
263.30374840651353 0.006741996472504879
263.7334430840196 0.006856961824849283
264.16313776152566 0.006762941577183904
264.59283243903167 0.0069519129660568085
265.02252711653773 0.00693120058476399
265.4522217940438 0.006979839772295239
265.8819164715498 0.0070256862792008904
266.31161114905586 0.007085961635996844
266.7413058265619 0.0071029504431246605
267.171000504068 0.007200228818186263
267.600695181574 0.007183705457828119
268.03038985908006 0.007277260258723768
268.4600845365861 0.007318685021310372
268.88977921409213 0.007368487825766291
269.3194738915982 0.007397112802159737
269.74916856910426 0.007431090416416354
270.17886324661026 0.0073989745892422375
270.6085579241163 0.007540935854282899
271.0382526016224 0.007598185807069788
271.46794727912845 0.00762843984716143
271.89764195663446 0.007681733502396998
272.3273366341405 0.007801353322447654
272.7570313116466 0.007814618555411504
273.1867259891526 0.00788815914516924
273.61642066665866 0.007920274972342373
274.0461153441647 0.007966819649405939
274.4758100216707 0.007981015775908951
274.9055046991768 0.008062003513997723
275.33519937668285 0.008145551209324932
275.7648940541889 0.008110177254758495
276.1945887316949 0.008233986095743705
276.624283409201 0.008299381367016535
277.05397808670705 0.008277505368798248
277.48367276421305 0.008368267489069051
277.9133674417191 0.008406899571030937
278.3430621192252 0.008459262332727382
278.7727567967312 0.008452047907781573
279.20245147423725 0.008584234790639108
279.6321461517433 0.008659171720710897
280.0618408292493 0.008666618869039754
280.4915355067554 0.00858795836480411
280.92123018426145 0.008580278493088794
281.3509248617675 0.008756682819156874
281.7806195392735 0.008836506940317923
282.2103142167796 0.008871648171500119
282.64000889428564 0.00885791749176785
283.06970357179165 0.008812303708245418
283.4993982492977 0.008926570890433885
283.9290929268038 0.008937043442774132
284.3587876043098 0.00890166948820544
284.78848228181585 0.008960315781304205
285.2181769593219 0.009001973267275155
285.647871636828 0.009040372625852921
286.077566314334 0.009010118585761093
286.50726099184004 0.009030598243668598
286.9369556693461 0.008955195866828514
287.3666503468521 0.00897986454567046
287.7963450243582 0.008992664331862653
288.22603970186424 0.008900738594665367
288.65573437937024 0.00890609123252638
289.0854290568763 0.008928665400901698
289.51512373438237 0.008928432677516385
289.94481841188843 0.008882586170610985
290.37451308939444 0.008842790471721361
290.8042077669005 0.00891982191225982
291.23390244440657 0.008769249881963754
291.6635971219126 0.00877995515768697
292.09329179941864 0.008704320057460389
292.5229864769247 0.008574693131842427
292.9526811544307 0.008701760100221952
293.38237583193677 0.008549559006227538
293.81207050944283 0.008526519391081592
294.2417651869489 0.008613325213804318
294.6714598644549 0.008474156629386267
295.10115454196097 0.008375016467243116
295.53084921946703 0.00841411399597674
295.96054389697304 0.008205593842735573
296.3902385744791 0.008211179203983072
296.81993325198516 0.008119253466785686
297.24962792949117 0.008104126446739296
297.67932260699723 0.008143689422242431
298.1090172845033 0.00797100867034051
298.53871196200936 0.007837192723786825
298.96840663951536 0.007834865489932664
299.3981013170214 0.007702911330460441
299.8277959945275 0.007694766011975519
300.2574906720335 0.007633094314866673
300.68718534953956 0.007546986662301025
301.1168800270456 0.007408516248041032
301.54657470455163 0.007354058975876913
301.9762693820577 0.00725468609034845
302.40596405956376 0.007198367031102809
302.8356587370698 0.007122033760721232
303.2653534145758 0.00708200533844653
303.6950480920819 0.006975418027973378
304.12474276958795 0.006840205741107683
304.55443744709396 0.006782257618163951
304.9841321246 0.006701735326845806
305.4138268021061 0.006649838011921984
305.8435214796121 0.006665197755351734
306.27321615711816 0.0064906552163673135
306.7029108346242 0.0063884896502150994
307.1326055121303 0.006255139150431829
307.5623001896363 0.006253277363348501
307.99199486714235 0.0061755477526541066
308.4216895446484 0.006029862913449241
308.8513842221544 0.0059665621526434265
309.2810788996605 0.005858113055087774
309.71077357716655 0.005765023700963512
310.14046825467256 0.005677985154855851
310.5701629321786 0.00564144758336178
310.9998576096847 0.005539980187365504
311.42955228719075 0.005428505685801505
311.85924696469675 0.0053898736038389015
312.2889416422028 0.005226501787349484
312.7186363197089 0.005174139025654843
313.1483309972149 0.005047304780658813
313.57802567472095 0.005068482608722256
314.007720352227 0.004896732750362234
314.437415029733 0.004794334460824059
314.8671097072391 0.004815745012272815
315.29680438474514 0.0046419006434443326
315.7264990622512 0.004633522601573693
316.1561937397572 0.004515531845219612
316.5858884172633 0.004430587809580527
317.01558309476934 0.004380552281738907
317.44527777227535 0.0042299802514411
317.8749724497814 0.004161094129388582
318.3046671272875 0.0042288166345150965
318.7343618047935 0.004059626733392306
319.16405648229954 0.003976079038065097
319.5937511598056 0.0038841533008666354
320.02344583731167 0.003805725520016806
320.4531405148177 0.0037377702915050346
320.88283519232374 0.0037049562941759637
321.3125298698298 0.003628390300408611
321.7422245473358 0.003523897500402792
322.1719192248419 0.0034854981418262192
322.60161390234794 0.0033707655128675726
323.03130857985394 0.003303973901282422
323.46100325736 0.0032050664625245836
323.89069793486607 0.0031108134914729964
324.32039261237213 0.0030905665569512125
324.75008728987814 0.003047280007282668
325.1797819673842 0.0029451144411304538
325.60947664489026 0.002895078913288636
326.03917132239627 0.0028306145355566736
326.46886599990233 0.002789655219741663
326.8985606774084 0.0026518829756369783
327.3282553549144 0.00265304659256319
327.75795003242047 0.0025832295769694217
328.18764470992653 0.002494329243780024
328.6173393874326 0.002420090483865637
329.0470340649386 0.002434984780525321
329.47672874244466 0.002363305977849052
329.9064234199507 0.00223623900946869
330.33611809745673 0.0022003996081302597
330.7658127749628 0.0021326771030043047
331.19550745246886 0.0020616964704842466
331.62520212997487 0.0020516893649155338
332.05489680748093 0.001983035966248328
332.484591484987 0.0019176406949757525
332.914286162493 0.0018808704000961142
333.34398083999906 0.0018226895537679741
333.7736755175051 0.0017812647911823385
334.2033701950112 0.0017191276473041122
334.6330648725172 0.0016849173096629383
335.06275955002326 0.0016639722049848079
335.4924542275293 0.001608816762665944
335.92214890503533 0.0015445851083194643
336.3518435825414 0.0015287599181182101
336.78153826004745 0.0014847751982943326
337.21123293755346 0.0014326451599841227
337.6409276150595 0.001382144185371297
338.0706222925656 0.0013290832535200333
338.50031697007165 0.0012669461096417472
338.93001164757766 0.0012681097265681424
339.3597063250837 0.0012187723688818794
339.7894010025898 0.001195732753736094
340.2190956800958 0.0011445336089671728
340.64879035760185 0.0011377846307931085
341.0784850351079 0.001077974720767923
341.5081797126139 0.0010409717025030832
341.93787439012 0.0010051323011649488
342.36756906762605 0.0009709219635240026
342.7972637451321 0.000948115071763497
343.2269584226381 0.0009064575857924232
343.6566531001442 0.0008878397149674185
344.08634777765025 0.0008736435884634679
344.51604245515625 0.0008159281889058372
344.9457371326623 0.0007772961069439522
345.3754318101684 0.0007703144053846772
345.8051264876744 0.000728656919413627
346.23482116518045 0.0006897921140664294
346.6645158426865 0.0007293550895695648
347.0942105201926 0.0006441783305452528
347.5239051976986 0.0006472037345542309
347.95359987520465 0.0005946082494735921
348.3832945527107 0.0006243968427936824
348.8129892302167 0.0005722668044835864
349.2426839077228 0.0005596997416767081
349.67237858522884 0.0005441072748608385
350.10207326273485 0.0005105951073757578
350.5317679402409 0.0005108278307610703
350.961462617747 0.0005010534485779428
351.39115729525304 0.000473824812496436
351.82085197275904 0.00045613783521261864
352.2505466502651 0.0004179712000213587
352.68024132777117 0.0004182039234067266
353.1099360052772 0.0004033096267466674
353.53963068278324 0.00038748443654541327
353.9693253602893 0.0003677029487938943
354.3990200377953 0.00036351392785821955
354.8287147153014 0.0003430342699507142
355.25840939280744 0.000332561717611649
355.6881040703135 0.0003248818458963775
356.1177987478195 0.0002969550396588272
356.54749342532557 0.0002941623590350765
356.97718810283163 0.00029439508242042804
357.40688278033764 0.0002608829149353804
357.8365774578437 0.00026856278665069486
358.26627213534977 0.00025041036259634825
358.6959668128558 0.00024505772473412625
359.12566149036184 0.0002406359804131876
359.5553561678679 0.000222949003129433
359.98505084537396 0.00022504351359727579
360.41474552287997 0.0002122437274050552
360.84444020038603 0.00019362585658005036
361.2741348778921 0.0001929276864241382
361.7038295553981 0.00017942973007598417
362.13352423290416 0.0001780333897641088
362.5632189104102 0.0001608118592510006
362.99291358791623 0.00014824479644410106
363.4226082654223 0.00015173564722378947
363.85230294292836 0.00014219398842597446
364.2819976204344 0.00013521228686661554
364.71169229794043 0.0001391685844169112
365.1413869754465 0.00013195415947222182
365.57108165295256 0.0001263687982247371
366.00077633045856 0.00011496535234440491
366.4304710079646 0.00010821637417034065
366.8601656854707 0.00011961982005067193
367.2898603629767 0.00010007105568440103
367.71955504048276 9.634748151940005e-05
368.1492497179888 9.518386459283725e-05
368.5789443954949 7.77296106944055e-05
369.0086390730009 7.95913977768957e-05
369.43833375050696 7.726416392377009e-05
369.868028428013 7.633327038252995e-05
370.297723105519 6.562799465814208e-05
370.7274177830251 6.935156882314304e-05
371.15711246053115 6.911884543783962e-05
371.58680713803716 6.609344142876719e-05
372.0165018155432 5.724995278688989e-05
372.4461964930493 5.5388165704389404e-05
372.87589117055535 5.259548508064564e-05
373.30558584806136 5.050097461282564e-05
373.7352805255674 4.840646414501259e-05
374.1649752030735 4.4682889980017535e-05
374.5946698805795 3.979569888844785e-05
375.02436455808555 3.723574165000969e-05
375.4540592355916 3.374489087032574e-05
375.8837539130976 3.6770294879384564e-05
376.3134485906037 3.351216748500872e-05
376.74314326810975 3.630484810875945e-05
377.1728379456158 3.165038040251242e-05
377.6025326231218 3.281399732907104e-05
378.0322273006279 2.9323146549382625e-05
378.46192197813394 2.7461359466885772e-05
378.89161665563995 2.187599821938069e-05
379.321311333146 2.3039615145943492e-05
379.7510060106521 2.094510467813322e-05
380.1807006881581 2.187599821938069e-05
380.61039536566415 2.1177828063443007e-05
381.0400900431702 1.791970066906716e-05
381.4697847206763 1.9316040980945077e-05
381.8994793981823 1.9083317595629964e-05
382.32917407568834 1.9781487751567643e-05
382.7588687531944 1.0937999109691791e-05
383.1885634307004 1.4894296660003874e-05
383.6182581082065 1.0239828953752664e-05
384.04795278571254 1.0937999109691791e-05
384.47764746321855 1.0705275724377785e-05
384.9073421407246 1.1636169265628027e-05
385.3370368182307 1.0239828953754018e-05
385.7667314957367 1.1403445880315467e-05
386.19642617324274 1.1170722495002907e-05
386.6261208507488 9.308935412502422e-06
387.05581552825487 6.748978174065148e-06
387.4855102057609 6.981701559376816e-06
387.91520488326694 8.8434886418773e-06
388.344899560773 6.050808018127374e-06
388.774594238279 7.447148330001937e-06
389.20428891578507 5.352637862188892e-06
389.63398359329113 7.21442494469033e-06
390.06367827079714 5.585361247501453e-06
390.4933729483032 6.050808018126574e-06
390.92306762580927 6.283531403439135e-06
391.35276230331533 3.723574165001461e-06
391.78245698082134 2.7926806237507267e-06
392.2121516583274 5.585361247501453e-06
392.64184633583346 3.258127394376278e-06
393.07154101333947 5.352637862188892e-06
393.50123569084553 3.7235741650009686e-06
393.9309303683516 3.025404009063687e-06
394.3606250458576 1.6290636971879237e-06
394.79031972336367 2.559957238438166e-06
395.22001440086973 1.1636169265628027e-06
395.6497090783758 2.327233853125913e-06
396.0794037558818 2.559957238438166e-06
396.50909843338786 1.1636169265628027e-06
396.9387931108939 2.094510467813322e-06
397.36848778839993 1.3963403118753633e-06
397.798182465906 2.3272338531256055e-06
398.22787714341206 1.1636169265629565e-06
398.65757182091806 1.3963403118753633e-06
399.0872664984241 9.308935412502421e-07
399.5169611759302 9.308935412502421e-07
399.94665585343625 9.308935412503653e-07
400.37635053094226 1.6290636971879237e-06
400.8060452084483 1.6290636971879237e-06
401.2357398859544 4.6544677062518264e-07
401.6654345634604 1.3963403118753633e-06
402.09512924096646 9.308935412502421e-07
402.5248239184725 9.308935412503653e-07
402.9545185959785 6.981701559376817e-07
403.3842132734846 6.981701559376817e-07
403.81390795099065 4.6544677062512107e-07
404.2436026284967 1.396340311875548e-06
404.6732973060027 6.981701559376817e-07
405.1029919835088 6.981701559376817e-07
405.53268666101485 4.6544677062518264e-07
405.96238133852086 9.308935412502421e-07
406.3920760160269 1.1636169265628027e-06
406.821770693533 2.3272338531259132e-07
407.251465371039 4.6544677062512107e-07
407.68116004854505 0.0
408.1108547260511 2.3272338531256054e-07
408.5405494035572 2.3272338531259132e-07
408.9702440810632 9.308935412502421e-07
409.39993875856925 2.3272338531256054e-07
409.8296334360753 4.6544677062518264e-07
410.2593281135813 2.3272338531256054e-07
410.6890227910874 2.3272338531256054e-07
411.11871746859345 0.0
411.54841214609945 2.3272338531256054e-07
411.9781068236055 0.0
412.4078015011116 0.0
412.83749617861764 0.0
413.26719085612365 0.0
413.6968855336297 0.0
414.1265802111358 2.3272338531259132e-07
414.5562748886418 0.0
414.98596956614784 0.0
415.4156642436539 0.0
415.8453589211599 0.0
416.275053598666 0.0
416.70474827617204 0.0
417.1344429536781 0.0
417.5641376311841 0.0
417.9938323086902 0.0
418.42352698619624 0.0
418.85322166370224 0.0
419.2829163412083 0.0
419.71261101871437 0.0
420.1423056962204 0.0
420.57200037372644 0.0
421.0016950512325 0.0
421.43138972873857 0.0
421.8610844062446 2.3272338531256054e-07
422.29077908375064 0.0
422.7204737612567 0.0
423.1501684387627 0.0
423.57986311626877 0.0
424.00955779377483 0.0
424.43925247128084 2.3272338531256054e-07
424.8689471487869 0.0
425.29864182629296 0.0
425.728336503799 0.0
426.15803118130503 0.0
426.5877258588111 0.0
427.01742053631716 0.0
427.44711521382317 0.0
427.87680989132923 0.0
428.3065045688353 0.0
428.7361992463413 0.0
429.16589392384736 0.0
429.5955886013534 0.0
430.0252832788595 0.0
430.4549779563655 2.3272338531256054e-07
