0.7395306286748238 7.064870128081562e-07
1.164166884630266 4.709913418721044e-07
1.588803140585708 0.0
2.01343939654115 0.0
2.4380756524965923 0.0
2.8627119084520345 2.3549567093605211e-07
3.2873481644074767 7.064870128081562e-07
3.711984420362919 4.7099134187210423e-07
4.136620676318361 4.7099134187210423e-07
4.561256932273803 0.0
4.9858931882292445 7.064870128081562e-07
5.410529444184687 2.3549567093605211e-07
5.835165700140129 2.3549567093605211e-07
6.259801956095571 2.3549567093605211e-07
6.684438212051013 0.0
7.1090744680064555 0.0
7.533710723961898 0.0
7.95834697991734 0.0
8.382983235872782 0.0
8.807619491828225 2.354956709360526e-07
9.232255747783666 4.709913418721031e-07
9.65689200373911 2.354956709360526e-07
10.08152825969455 2.3549567093605156e-07
10.506164515649994 0.0
10.930800771605435 0.0
11.355437027560878 0.0
11.78007328351632 0.0
12.204709539471763 2.354956709360526e-07
12.629345795427204 0.0
13.053982051382647 2.354956709360526e-07
13.478618307338088 4.709913418721031e-07
13.903254563293531 0.0
14.327890819248973 2.354956709360526e-07
14.752527075204414 2.3549567093605156e-07
15.177163331159857 0.0
15.601799587115298 2.354956709360526e-07
16.02643584307074 2.354956709360526e-07
16.45107209902618 0.0
16.875708354981626 0.0
17.300344610937067 0.0
17.72498086689251 4.709913418721012e-07
18.149617122847953 4.709913418721052e-07
18.574253378803395 7.064870128081578e-07
18.998889634758836 0.0
19.423525890714277 0.0
19.848162146669722 0.0
20.272798402625163 0.0
20.697434658580605 4.709913418721052e-07
21.122070914536046 7.064870128081578e-07
21.546707170491487 9.419826837442024e-07
21.971343426446932 4.709913418721052e-07
22.395979682402373 2.354956709360526e-07
22.820615938357815 1.177478354680263e-06
23.245252194313256 2.1194610384244555e-06
23.6698884502687 7.064870128081578e-07
24.094524706224142 9.419826837442104e-07
24.519160962179583 1.4129740256163155e-06
24.943797218135025 7.064870128081517e-07
25.36843347409047 1.8839653674884207e-06
25.79306973004591 3.2969393931047363e-06
26.217705986001352 3.2969393931047363e-06
26.642342241956793 2.1194610384244555e-06
27.06697849791224 2.1194610384244733e-06
27.49161475386768 4.003426405912894e-06
27.91625100982312 4.709913418721052e-06
28.340887265778562 7.300365799017629e-06
28.765523521734004 7.771357140889669e-06
29.19015977768945 8.006852811825787e-06
29.61479603364489 9.890818179314208e-06
30.03943228960033 1.0832800863058418e-05
30.464068545555772 1.3423253243354884e-05
30.888704801511217 9.890818179314208e-06
31.31334105746666 1.3894244585227102e-05
31.7379773134221 1.2716766230546839e-05
32.16261356937754 1.4600731598035258e-05
32.58724982533298 1.648469696552368e-05
33.011886081288424 1.3187757572418945e-05
33.436522337243865 1.554271428177947e-05
33.861158593199306 1.4129740256163154e-05
34.28579484915475 1.5778209952715522e-05
34.71043110511019 1.931064501675631e-05
35.13506736106563 2.048812337143623e-05
35.55970361702108 2.1665601726116837e-05
35.98433987297652 1.719118397833184e-05
36.40897612893196 2.0488123371436576e-05
36.8336123848874 2.260758440986105e-05
37.258248640842844 2.1901097397052892e-05
37.682884896798285 2.3785062764541313e-05
38.107521152753726 2.0488123371436576e-05
38.53215740870917 2.755299349951769e-05
38.956793664664616 2.449154977734947e-05
39.38142992062006 2.4962541119221574e-05
39.8060661765755 2.990795020887868e-05
40.23070243253094 2.566902813202973e-05
40.65533868848638 2.637551514483789e-05
41.07997494444182 2.0723619042372628e-05
41.504611200397264 2.2136593067988944e-05
41.929247456352705 2.449154977734947e-05
42.353883712308146 2.402055843547696e-05
42.778519968263595 2.472704544828552e-05
43.203156224219036 2.637551514483789e-05
43.62779248017448 2.3078575751733153e-05
44.05242873612992 3.108542856355894e-05
44.47706499208536 2.8023984841390255e-05
44.9017012480408 2.4962541119221574e-05
45.32633750399624 2.260758440986105e-05
45.750973759951684 2.5433532461093255e-05
46.17561001590713 2.7082002157646047e-05
46.600246271862574 3.249840258917525e-05
47.024882527818015 3.4146872285727625e-05
47.449518783773456 3.22629069182392e-05
47.8741550397289 2.7082002157646047e-05
48.29879129568434 3.367588094385552e-05
48.72342755163978 2.5433532461093678e-05
49.14806380759522 2.73174978285821e-05
49.57270006355066 2.8494976183261882e-05
49.99733631950611 3.320488960198341e-05
50.42197257546155 2.8730471854198412e-05
50.846608831416994 3.2733898260111305e-05
51.271245087372435 3.17919155763671e-05
51.695881343327876 3.344038527291947e-05
52.12051759928332 3.909228137538473e-05
52.54515385523876 3.296939393104736e-05
52.9697901111942 3.5324350640407296e-05
53.39442636714965 3.367588094385552e-05
53.81906262310509 4.309570778129762e-05
54.24369887906053 3.461786362759973e-05
54.66833513501597 4.215372509755341e-05
55.092971390971414 3.6737324666024206e-05
55.517607646926855 4.474417747784999e-05
55.942243902882296 4.52151688197221e-05
56.36688015883774 3.744381167883236e-05
56.79151641479318 4.286021211036085e-05
57.21615267074863 4.0269759730064995e-05
57.64078892670407 5.110256059312341e-05
58.06542518265951 4.097624674287315e-05
58.49006143861495 5.133805626405946e-05
58.91469769457039 4.7099134187210515e-05
59.339333950525834 4.780562120001868e-05
59.763970206481275 5.157355193499551e-05
60.18860646243672 5.510598699903538e-05
60.613242718392165 5.3222021631547885e-05
61.037878974347606 4.8747603883762887e-05
61.46251523030305 4.2389220768489465e-05
61.88715148625849 5.345751730248394e-05
62.31178774221393 5.722544803746077e-05
62.73642399816937 5.4399499986228145e-05
63.16106025412481 5.981590041775736e-05
63.585696510080254 5.863842206307611e-05
64.0103327660357 5.7696439379331913e-05
64.43496902199115 6.28773441399271e-05
64.85960527794659 5.392850864435513e-05
65.28424153390203 5.746094370839779e-05
65.70887778985747 5.18090476059307e-05
66.13351404581292 5.91094134049482e-05
66.55815030176836 6.429031816554343e-05
66.9827865577238 6.00513960886924e-05
67.40742281367925 6.429031816554343e-05
67.83205906963468 5.816743072120402e-05
68.25669532559013 6.0286891759630466e-05
68.68133158154556 5.887391773401216e-05
69.10596783750101 5.981590041775836e-05
69.53060409345645 6.00513960886924e-05
69.9552403494119 6.0757883101500544e-05
70.37987660536734 6.28773441399271e-05
70.80451286132278 6.405482249460523e-05
71.22914911727823 6.452581383647949e-05
71.65378537323366 7.159068396455879e-05
72.07842162918911 6.640977920396793e-05
72.50305788514454 6.452581383647732e-05
72.92769414109999 6.0993378772436596e-05
73.35233039705544 6.593878786209581e-05
73.77696665301087 7.323915366111113e-05
74.20160290896632 7.276816231924147e-05
74.62623916492176 6.994221426800644e-05
75.0508754208772 6.405482249460737e-05
75.47551167683264 6.994221426800644e-05
75.90014793278809 8.101051080200345e-05
76.32478418874352 6.805824890051807e-05
76.74942044469897 7.159068396455879e-05
77.17405670065442 7.465212768672993e-05
77.59869295660985 7.700708439608791e-05
78.0233292125653 7.606510171234625e-05
78.44796546852074 6.92357272551983e-05
78.87260172447618 7.371014500298569e-05
79.29723798043162 7.347464933204716e-05
79.72187423638707 7.300365799017753e-05
80.1465104923425 7.041320560987853e-05
80.57114674829795 8.312997184042517e-05
80.9957830042534 7.58296060414102e-05
81.42041926020883 7.983303244732049e-05
81.84505551616428 8.548492854978852e-05
82.26969177211971 8.242348482761701e-05
82.69432802807516 8.572042422072456e-05
83.1189642840306 8.831087660101824e-05
83.54360053998604 8.265898049855584e-05
83.96823679594148 8.242348482761701e-05
84.39287305189693 8.854637227195429e-05
84.81750930785238 8.336546751136401e-05
85.24214556380781 8.336546751136122e-05
85.66678181976326 7.794906707983471e-05
86.09141807571869 8.242348482761701e-05
86.51605433167414 8.595591989166063e-05
86.94069058762958 9.773070343846018e-05
87.36532684358502 8.713339824633799e-05
87.78996309954047 0.0001007921471606322
88.2145993554959 9.678872075471598e-05
88.63923561145135 8.736889391727696e-05
89.06387186740679 9.867268612220437e-05
89.48850812336224 8.854637227195725e-05
89.91314437931767 9.820169478033227e-05
90.33778063527312 0.00010149863417344036
90.76241689122855 8.47784415369775e-05
91.187053147184 9.349178136161131e-05
91.61168940313945 9.066583331038176e-05
92.03632565909489 9.58467380709718e-05
92.46096191505033 0.00010267611252812064
92.88559817100577 9.867268612220437e-05
93.31023442696122 0.00010550206057935331
93.73487068291665 0.00010926999131432655
94.1595069388721 0.0001024406168571846
94.58414319482753 0.00010667953893403003
95.00877945078298 9.631772941284389e-05
95.43341570673843 9.443376404535866e-05
95.85805196269386 0.00011256693070743124
96.28268821864931 0.00010456007789560909
96.70732447460475 0.00010620854759215792
97.1319607305602 0.00010196962551531248
97.55659698651563 0.00010385359088279745
97.98123324247108 0.00010903449564339417
98.40586949842651 0.00011374440906211148
98.83050575438196 0.00012551919260891394
99.25514201033741 0.00011774783546802825
99.67977826629284 0.00012198675754487319
100.10441452224829 0.0001266966709635984
100.52905077820373 0.00012504820126704182
100.95368703415917 0.00012175126187394121
101.37832329011461 0.00013729397615571635
101.80295954607006 0.0001316420800532512
102.2275958020255 0.00012646117529266235
102.65223205798094 0.00013352604542073957
103.07686831393639 0.00013117108871138348
103.50150456989182 0.00013423253243354772
103.92614082584727 0.00014435884628380264
104.3507770818027 0.00013705848048478031
104.77541333775815 0.0001382359588394652
105.20004959371359 0.00014318136792911758
105.62468584966904 0.00014341686360005363
106.04932210562448 0.00014176839390350602
106.47395836157992 0.00015095272507000717
106.89859461753537 0.00014553632463848294
107.3232308734908 0.0001681439090483387
107.74786712944625 0.00015990156056558237
108.17250338540168 0.00016767291770646665
108.59713964135713 0.0001695568830739607
109.02177589731257 0.00016861490039021083
109.44641215326801 0.00016249201294587357
109.87104840922346 0.00018133166662076352
110.2956846651789 0.00016673093502272244
110.72032092113434 0.00016673093502272802
111.14495717708978 0.0001975808679153448
111.56959343304523 0.00020017132029564804
111.99422968900066 0.00020299726834687392
112.41886594495611 0.0001982873549281596
112.84350220091154 0.00021029763414589142
113.26813845686699 0.00020582321639810652
113.69277471282244 0.0002133590778680672
114.11741096877788 0.000208178173107467
114.54204722473332 0.0002070006947527937
114.96668348068876 0.00021877547829958916
115.3913197366442 0.00022607584409861425
115.81595599259964 0.0002211304350089497
116.24059224855509 0.00023714414063260892
116.66522850451052 0.00024303153240600218
117.08986476046597 0.00025292235058531625
117.51450101642142 0.00025198036790158047
117.93913727237685 0.00025245135924344413
118.3637735283323 0.0002769429090208025
118.78840978428774 0.00028871769256759563
119.21304604024319 0.00026681659517055207
119.63768229619862 0.00026611010815773495
120.06231855215407 0.00028212381378138625
120.48695480810952 0.00028730471854198893
120.91159106406495 0.00029672454537942126
121.3362273200204 0.0003136802336868273
121.76086357597583 0.0003101477986227761
122.18549983193128 0.00032145159082771715
122.61013608788672 0.00033887827047697397
123.03477234384216 0.0003346393484001363
123.4594085997976 0.0003393492618188461
123.88404485575305 0.0003596018895193463
124.3086811117085 0.0003525370193912766
124.73331736766393 0.00038715488301886393
125.15795362361938 0.00039940065790755185
125.58258987957481 0.00039186479643758495
126.00722613553026 0.00039445524881789466
126.4318623914857 0.00041329490249276534
126.85649864744114 0.0004344895128770243
127.28113490339658 0.00045639061027406223
127.70577115935203 0.0004714623332139694
128.13040741530747 0.0004914794652435664
128.5550436712629 0.0004858275691410683
128.97967992721834 0.0005218584067942837
129.4043161831738 0.0005527083396869062
129.82895243912924 0.0005223293981361559
130.2535886950847 0.0005748449327549332
130.6782249510401 0.0005974525171647554
131.10286120699556 0.0005976880128356915
131.527497462951 0.0006662172530780816
131.95213371890645 0.0006452581383647733
132.3767699748619 0.0006789340193086737
132.80140623081732 0.0007170843180002681
133.22604248677277 0.0007488762335766347
133.65067874272822 0.0007832586015332978
134.07531499868367 0.000833890170784604
134.4999512546391 0.0008294157530367633
134.92458751059453 0.0009116037421934443
135.34922376654998 0.0008885251664417116
135.77386002250543 0.001016634811430922
136.19849627846088 0.0011120105581600961
136.6231325344163 0.0011600516750309756
137.04776879037175 0.001307236469366006
137.4724050463272 0.0013971958156635766
137.89704130228264 0.0014643120818804483
138.32167755823806 0.0017410194952302074
138.7463138141935 0.0017892961077720974
139.17095007014896 0.0019962968025248845
139.5955863261044 0.002358960135766399
140.02022258205986 0.002368850953945872
140.44485883801528 0.002797453075049322
140.86949509397073 0.0030037472827893004
141.29413134992618 0.003103832942937121
141.71876760588162 0.003614387557526474
142.14340386183707 0.003710469791268631
142.5680401177925 0.0039087571461965355
142.99267637374794 0.004203597726208467
143.4173126297034 0.0042744819231602185
143.84194888565884 0.004407536977239381
144.26658514161426 0.004498673801891337
144.6912213975697 0.004659281849469722
145.11585765352515 0.004708735940366292
145.5404939094806 0.00472851757672492
145.96513016543605 0.004859688665436625
146.38976642139147 0.004871463448983102
146.81440267734692 0.004922095018234353
147.23903893330237 0.004832135671936782
147.66367518925782 0.0048408490117617395
148.08831144521324 0.004884651206555521
148.51294770116868 0.004846736403534817
148.93758395712413 0.004828838732543677
149.36222021307958 0.0048154154793003225
149.78685646903503 0.00480434718276665
150.21149272499045 0.004856627221714131
150.6361289809459 0.004750889665463846
151.06076523690135 0.004754657596198822
151.4854014928568 0.00468942529534985
151.91003774881221 0.004700022600541659
152.33467400476766 0.004703084044263827
152.7593102607231 0.00474759272607074
153.18394651667856 0.00463738075207267
153.608582772634 0.004659517345140971
154.03321902858943 0.004613595689308129
154.45785528454488 0.004628196420906164
154.88249154050033 0.004630551377615524
155.30712779645577 0.004534940135215792
155.7317640524112 0.004491137940421383
156.15640030836664 0.004477479191507093
156.5810365643221 0.004394584715337604
157.00567282027754 0.004391994262957308
157.430309076233 0.004340420711022603
157.8549453321884 0.004266004079006521
158.27958158814386 0.004306509334407522
158.7042178440993 0.004110812431859665
159.12885410005475 0.004132478033586058
159.55349035601017 0.0041456657911581995
159.97812661196562 0.00405688392321531
160.40276286792107 0.004052174009796588
160.82739912387652 0.004031214895083281
161.25203537983197 0.0039292452695682345
161.6766716357874 0.004011197763053717
162.10130789174283 0.003950439879952216
162.52594414769828 0.003913702555286193
162.95058040365373 0.003911583094248029
163.37521665960915 0.003875316760923617
163.7998529155646 0.003879555683000465
164.22448917152005 0.003805610042326546
164.6491254274755 0.003830572583445767
165.07376168343094 0.003825627174356366
165.49839793938636 0.003713060243648679
165.9230341953418 0.003728838453601394
166.34767045129726 0.0037253060185373534
166.7723067072527 0.003645472986090277
167.19694296320813 0.0036958690596703477
167.62157921916358 0.0036567767782949632
168.04621547511903 0.0036221589146673643
168.47085173107448 0.0035979028605609515
168.89548798702992 0.003478742051067543
169.32012424298534 0.0035135954103658455
169.7447604989408 0.0034599023973924266
170.16939675489624 0.003381482338970722
170.5940330108517 0.00338736973074435
171.0186692668071 0.003407151367102752
171.44330552276256 0.003288932540292855
171.867941778718 0.003316485533792373
172.29257803467345 0.0032707993736307795
172.7172142906289 0.003225584204811274
173.14185054658432 0.0032034476117430693
173.56648680253977 0.003171184704824831
173.99112305849522 0.0031702427221410867
174.41575931445067 0.003123143587953877
174.84039557040612 0.003119375657219109
175.26503182636154 0.0030984165425055918
175.68966808231698 0.003092764646403127
176.11430433827243 0.0030484914602671494
176.53894059422788 0.003130208458082168
176.9635768501833 0.003063798678877993
177.38821310613875 0.0030082217005370855
177.8128493620942 0.003028945319579458
178.23748561804965 0.002962535540375492
178.6621218740051 0.002983730150759936
179.08675812996051 0.002955941661589282
179.51139438591596 0.002988675559849393
179.9360306418714 0.0029578256269567707
180.36066689782686 0.0030013923260801406
180.78530315378228 0.002977371767644463
181.20993940973773 0.002934747051205038
181.63457566569318 0.0028494976183261887
182.05921192164863 0.002895654769829654
182.48384817760407 0.0028871769256761494
182.9084844335595 0.002838193826121258
183.33312068951494 0.002857975462479886
183.7577569454704 0.002794156135656217
184.18239320142584 0.0027976885707204453
184.60702945738126 0.0027696645858788682
185.0316657133367 0.0027861492828443915
185.45630196929216 0.002771077559904484
185.8809382252476 0.0027508249322039844
186.30557448120305 0.002736224200606132
186.73021073715847 0.00276895809886606
187.15484699311392 0.002774139003626653
187.57948324906937 0.0027715485512463567
188.00411950502482 0.0027228009473627764
188.42875576098024 0.0027147940945507687
188.8533920169357 0.0027244494170591466
189.27802827289113 0.002722329956020722
189.70266452884658 0.002703254806674902
190.12730078480203 0.00271361661619627
190.55193704075745 0.0027105551724739196
190.9765732967129 0.0027105551724739196
191.40120955266835 0.0027432890707340305
191.8258458086238 0.0026469713413213637
192.25048206457922 0.0027152650858926408
192.67511832053466 0.0027303368088325477
193.0997545764901 0.002770842064233548
193.52439083244556 0.0027812038737547343
193.949027088401 0.002807814884570696
194.37366334435643 0.0027246849127300827
194.79829960031188 0.0027859137871734554
195.22293585626733 0.0027861492828443915
195.64757211222278 0.0027920366746179794
196.0722083681782 0.002799808031758682
196.49684462413364 0.002745644027443391
196.9214808800891 0.0028372518434375137
197.34611713604454 0.002831364451664113
197.770753392 0.002809227858596312
198.1953896479554 0.002826419042574456
198.62002590391086 0.0028608014105311187
199.0446621598663 0.00289471278714591
199.46929841582175 0.0028648048369372234
199.89393467177717 0.0029743103239222943
200.31857092773262 0.002962771036046428
200.74320718368807 0.002963948514401108
201.16784343964352 0.0029465218347518407
201.59247969559897 0.0030223514407934503
202.0171159515544 0.003040955598797196
202.44175220750984 0.0030628566961942486
202.86638846346528 0.003074395984070115
203.29102471942073 0.0030991230295184
203.71566097537618 0.0031113688044072827
204.1402972313316 0.0031207886312445165
204.56493348728705 0.0031506965814533947
204.9895697432425 0.0031690652437864064
205.41420599919795 0.003249840258917689
205.83884225515337 0.0032043895944268135
206.26347851110881 0.0032441883628150057
206.68811476706426 0.0033141305770830127
207.1127510230197 0.0033056527329293145
207.53738727897516 0.0033671171030438493
207.96202353493058 0.0033518098844327803
208.38665979088603 0.003355342319496821
208.81129604684148 0.003406444880089944
209.23593230279693 0.0034151582199148057
209.66056855875235 0.0034916943129687933
210.0852048147078 0.003490045843272241
210.50984107066324 0.003506530540237764
210.9344773266187 0.003500172157122491
211.35911358257414 0.0035762372588350735
211.78374983852956 0.0036047322350180964
212.208386094485 0.003561872022907736
212.63302235044046 0.003635582167910719
213.0576586063959 0.003624749367047903
213.48229486235132 0.0036409985683422477
213.90693111830677 0.003705995373520597
214.33156737426222 0.0037149442090161668
214.75620363021767 0.0037203606094476965
215.18083988617312 0.0037450876548962317
215.60547614212854 0.0037785280401689
216.030112398084 0.0038044325639718657
216.45474865403943 0.0037752311007757957
216.87938490999488 0.003801135624579016
217.3040211659503 0.0037634563172289936
217.72865742190575 0.0038762587436073606
218.1532936778612 0.0038894465011797795
218.57792993381665 0.003805610042326546
219.0025661897721 0.003894391910269697
219.42720244572752 0.003913702555286193
219.85183870168296 0.0038529446721846912
220.2764749576384 0.003927361304200483
220.70111121359386 0.003932306713290403
221.12574746954928 0.003961272680815274
221.55038372550473 0.0039829382825413906
221.97501998146018 0.004035218321489193
222.39965623741563 0.00397940584747735
222.82429249337108 0.004042047695946609
223.2489287493265 0.004035453817160129
223.67356500528194 0.004030508408070472
224.0982012612374 0.00403898625222417
224.52283751719284 0.0040710136634717455
224.94747377314826 0.004060887349621223
225.3721100291037 0.0041739252716705266
225.79674628505916 0.004114580362594642
226.2213825410146 0.004143781825790711
226.64601879697005 0.004116935319304278
227.07065505292547 0.004220317918844928
227.49529130888092 0.004176515724050822
227.91992756483637 0.004248577399357253
228.34456382079182 0.004248341903686602
228.76920007674724 0.004269301018399626
229.1938363327027 0.004265768583335585
229.61847258865814 0.0042360961287976435
230.04310884461358 0.004245986946976957
230.46774510056903 0.004359260364697488
230.89238135652445 0.004241983520571044
231.3170176124799 0.004264355609309969
231.74165386843535 0.0044030625594913015
232.1662901243908 0.004390110297590112
232.59092638034622 0.004460288007528761
233.01556263630167 0.004430615552990819
233.44019889225711 0.004457933050819401
233.86483514821256 0.0044103629252903185
234.289471404168 0.004500086775917254
234.71410766012343 0.0045662610594499825
235.13874391607888 0.004606295323509111
235.56338017203433 0.00457238394689432
235.98801642798978 0.0045309367088095754
236.41265268394523 0.004595698018317296
236.83728893990065 0.004639029221769222
237.2619251958561 0.004628902907918972
237.68656145181154 0.0046906027737042165
238.111197707767 0.0046948416957813795
238.5358339637224 0.004720039732571223
238.96047021967786 0.004764077423036263
239.3851064756333 0.004769729319138729
239.80974273158876 0.004841555498774224
240.2343789875442 0.004820125392719366
240.65901524349962 0.004847442890547625
241.08365149945507 0.004890538598328922
241.50828775541052 0.004903726355901341
241.93292401136597 0.004878057327769638
242.3575602673214 0.0049668391957122015
242.78219652327684 0.005003105529036354
243.2068327792323 0.00505868250737726
243.63146903518773 0.005066689360189086
244.05610529114318 0.005025242122104678
244.4807415470986 0.005078699639406825
244.90537780305405 0.005074696213000912
245.3300140590095 0.005134983104760541
245.75465031496495 0.005225884433742205
246.17928657092037 0.005184908186998983
246.60392282687582 0.005246843548455163
247.02855908283126 0.005259089323343838
247.4531953387867 0.005303833500821688
247.87783159474216 0.00533444793804373
248.30246785069758 0.005386727976991176
248.72710410665303 0.005405332134995124
249.15174036260848 0.0054649125397419444
249.57637661856393 0.0055546363903689515
250.00101287451935 0.005470328940173474
250.4256491304748 0.00554921998993705
250.85028538643024 0.005573240548372527
251.2749216423857 0.005561936756167596
251.69955789834114 0.0056636708860123485
252.12419415429656 0.005698053253968632
252.548830410252 0.005713831463921348
252.97346666620746 0.005755278702006092
253.3981029221629 0.005844767056962182
253.82273917811833 0.005817685054804145
254.24737543407377 0.005909999357811077
254.67201169002922 0.005847357509342088
255.09664794598467 0.006000900686792391
255.52128420194012 0.006010320513630236
255.94592045789554 0.005994306808006182
256.370556713851 0.006074846327466717
256.7951929698064 0.006054593699766215
257.2198292257618 0.006152088907532923
257.6444654817173 0.0061739900049308
258.0691017376727 0.006268188273304387
258.4937379936282 0.006237573836083538
258.9183742495836 0.006294799284121001
259.34301050553904 0.006405953240801966
259.7676467614945 0.00639417845725602
260.19228301744994 0.006359089602286547
260.61691927340536 0.006498503039479827
261.04155552936083 0.0064528168793191
261.46619178531625 0.006489554203984258
261.89082804127173 0.006556199478860032
262.31546429722715 0.006627083675811787
262.7401005531826 0.006673240827314363
263.16473680913805 0.006748834937685734
263.58937306509347 0.0067714425220946894
264.01400932104895 0.006837852301299566
264.43864557700437 0.006842797710389223
264.8632818329598 0.006902849106476996
265.28791808891526 0.006921453264481868
265.7125543448707 0.007030723255795261
266.13719060082616 0.0070490919181292145
266.5618268567816 0.007072641485222822
266.986463112737 0.007121389089105635
267.4110993686925 0.007182382467879027
267.8357356246479 0.007255386125869208
268.2603718806033 0.0073062531907904195
268.6850081365588 0.007324621853124411
269.1096443925142 0.007409871286002274
269.5342806484697 0.007460031863912648
269.9589169044251 0.007490646301134336
270.38355316038053 0.007503598563034815
270.808189416336 0.007624172346555085
271.2328256722914 0.007583196099811194
271.6574619282469 0.007712012231814237
272.0820981842023 0.007801029595428069
272.50673444015774 0.007820811231785652
272.9313706961132 0.007841534850829073
273.35600695206864 0.007878036679823107
273.7806432080241 0.007911477065097084
274.20527946397954 0.008012269212257719
274.62991571993496 0.008040999684110843
275.05455197589043 0.008090689270679428
275.47918823184585 0.008126484612661711
275.9038244878013 0.008118006768506925
276.32846074375675 0.008171699781481434
276.75309699971217 0.008363393257622271
277.17773325566765 0.008306403305256864
277.60236951162307 0.00837422605848645
278.0270057675785 0.008487734971876496
278.45164202353396 0.008407430948088435
278.8762782794894 0.008515287965376013
279.30091453544486 0.008563093586577173
279.7255507914003 0.008600537398256008
280.1501870473557 0.008691203231565229
280.5748233033112 0.008682254396070822
280.9994595592666 0.00869944558004799
281.4240958152221 0.008803770162273832
281.8487320711775 0.008798353761842303
282.2733683271329 0.008816251432832262
282.6980045830884 0.008729824521599908
283.1226408390438 0.008918456554018501
283.5472770949993 0.008999702560492637
283.9719133509547 0.008904091318092593
284.3965496069101 0.008962965235825411
284.8211858628656 0.008940593147087686
285.245822118821 0.008948599999899512
285.67045837477644 0.008949070991240185
286.0950946307319 0.008998760577808892
286.51973088668734 0.008868531471780062
286.9443671426428 0.008975446506386223
287.36900339859824 0.00898580831590741
287.79363965455366 0.009114859943579152
288.21827591050913 0.008966262175219716
288.64291216646455 0.00895472288734265
289.06754842242003 0.008819783867897482
289.49218467837545 0.008887371125456135
289.9168209343309 0.00889891041333081
290.34145719028635 0.008828026216380246
290.76609344624177 0.008791288891713043
291.19072970219725 0.008818606389542802
291.61536595815267 0.008733592452334885
292.0400022141081 0.008723466138483467
292.46463847006356 0.008681312413387078
292.889274726019 0.00870815891987379
293.3139109819744 0.008595120997823329
293.7385472379299 0.008545195915586033
294.1631834938853 0.008525649774897198
294.5878197498408 0.008442284307386971
295.0124560057962 0.00839989508661848
295.4370922617516 0.008374461554156266
295.8617285177071 0.008312761688372137
296.2863647736625 0.008252003805269527
296.711001029618 0.008090453775008492
297.1356372855734 0.00806360726852178
297.56027354152883 0.008068788173281294
297.9849097974843 0.008047593562898128
298.4095460534397 0.007956456738244806
298.8341823093952 0.007828818084598524
299.2588185653506 0.00784648025991873
299.68345482130604 0.007694350056493001
300.1080910772615 0.007562472480769837
300.53272733321694 0.007587670517559994
300.95736358917236 0.00754787174917079
301.38199984512784 0.00744496014097274
301.80663610108326 0.007324150861781559
302.23127235703873 0.007305075712436717
302.65590861299415 0.00718167598086622
303.0805448689496 0.0071195051237381455
303.50518112490505 0.007048385431116407
303.92981738086047 0.006993750435458304
304.35445363681595 0.006874825121636528
304.77908989277137 0.006722459422540895
305.2037261487268 0.006686193089215846
305.62836240468226 0.006617192857632473
306.0529986606377 0.006466711123903462
306.47763491659316 0.006423144424781157
306.9022711725486 0.006369451411807734
307.326907428504 0.006309400015718193
307.7515436844595 0.006220147156434269
308.1761799404149 0.00603575404609133
308.6008161963703 0.006044938377257027
309.0254524523258 0.005911647827508025
309.4500887082812 0.0058249854206027735
309.8747249642367 0.0057807122344675724
310.2993612201921 0.005653544572162098
310.72399747614753 0.005582660375209595
311.148633732103 0.005539093676087171
311.5732699880584 0.005424171788669645
311.9979062440139 0.005283580873121541
312.4225424999693 0.0052098707281185526
312.84717875592474 0.005166304028994689
313.2718150118802 0.005141576983547095
313.69645126783564 0.005052088628590713
314.1210875237911 0.004914088165422856
314.54572377974654 0.004916207626461281
314.97036003570196 0.004730872533433964
315.39499629165743 0.00469837413084542
315.81963254761285 0.004558018710966916
316.24426880356833 0.00449796731487883
316.66890505952375 0.004508093628729081
317.0935413154792 0.004326526466436796
317.51817757143465 0.004369151182876803
317.94281382739007 0.004163092470807746
318.3674500833455 0.0041035120660603734
318.79208633930097 0.004092443769526927
319.2167225952564 0.003944081496836679
319.64135885121186 0.003892507944902209
320.0659951071673 0.0038230367219760693
320.4906313631227 0.0037302514276267604
320.9152676190782 0.003640763072671556
321.3399038750336 0.0036023772783084947
321.7645401309891 0.0034759161030163107
322.1891763869445 0.0034445951787818135
322.6138126428999 0.0032955264190788437
323.0384488988554 0.0032870485749255866
323.4630851548108 0.0032430108844601086
323.8877214107663 0.0032152223952900873
324.3123576667217 0.0030402491117845916
324.73699392267713 0.003002569804434419
325.1616301786326 0.002940163451636764
325.586266434588 0.0028716342113943695
326.01090269054345 0.0028179411984205695
326.4355389464989 0.0027602447590416106
326.86017520245434 0.0027051387720422094
327.2848114584098 0.002622479791544013
327.70944771436524 0.002607879059945977
328.13408397032066 0.0024628137266490316
328.55872022627614 0.00246352021366217
328.98335648223156 0.0023742673543770835
329.40799273818703 0.002372854380351785
329.83262899414245 0.0022744171899005097
330.2572652500979 0.0022525160925031544
330.68190150605335 0.0021795124345132763
331.10653776200877 0.0020728328955789614
331.53117401796425 0.002081310739732937
331.95581027391967 0.002029737187797939
332.3804465298751 0.0019532010947434565
332.80508278583056 0.0018870268112106841
333.229719041786 0.0018451085817840645
333.6543552977414 0.0017874121424044894
334.0789915536969 0.001740548503888452
334.5036278096523 0.001697688291777861
334.9282640656078 0.0016748452116972902
335.3529003215632 0.0016416403220953048
335.7775365775186 0.001589360283147286
336.2021728334741 0.0015243634779691449
336.6268090894295 0.0014880971446447917
337.051445345385 0.0014256907918469338
337.4760816013404 0.0014165064606804273
337.90071785729583 0.0013649329087452465
338.3253541132513 0.0013004070949089474
338.7499903692067 0.001259901839507776
339.1746266251622 0.0012073863048892022
339.5992628811176 0.0011989084607355038
340.02389913707304 0.0011560482486249854
340.4485353930285 0.0011190754282881781
340.87317164898394 0.0010879899997246175
341.29780790493936 0.0010698568330623974
341.72244416089484 0.0010288805863196654
342.14708041685026 0.0010123958893540053
342.57171667280574 0.0009605868417482067
342.99635292876115 0.0009495185452142118
343.4209891847166 0.0009264399694623533
343.84562544067205 0.0008470779283570236
344.2702616966275 0.0008484909023825265
344.69489795258295 0.000797152846118578
345.11953420853837 0.0007915009500161124
345.5441704644938 0.000745108302841608
345.96880672044927 0.0007156713439746997
346.3934429764047 0.0007187327876967723
346.81807923236016 0.000698480159996367
347.2427154883156 0.0006414902076298394
347.667351744271 0.0006403127292750734
348.0919880002265 0.0006195891102327854
348.5166242561819 0.0006002784652159478
348.9412605121374 0.0005821452985539513
349.3658967680928 0.0005677800626268513
349.7905330240482 0.0005326912076573063
350.2151692800037 0.0005004283007391369
350.6398055359591 0.0004957183873204156
351.06444179191453 0.0004686363851627054
351.48907804787 0.0004622780020474944
351.91371430382543 0.0004502677228296949
352.3383505597809 0.00043990591330856835
352.7629868157363 0.0004156498592021537
353.18762307169175 0.0003909228137538146
353.6122593276472 0.0003753800994720867
354.03689558360264 0.0003459431406050323
354.4615318395581 0.0003579534198228179
354.88616809551354 0.0003212160951567918
355.31080435146896 0.0003414687228572477
355.73544060742444 0.00030261193715284273
356.16007686337986 0.00029648904970846536
356.58471311933533 0.00030261193715284273
357.00934937529075 0.0002760009263370675
357.4339856312462 0.0002781203873754548
357.85862188720165 0.0002578677596749905
358.28325814315707 0.00024303153240601847
358.7078943991125 0.00023172774020105636
359.13253065506797 0.0002409120713675939
359.5571669110234 0.0002213659306798709
359.98180316697886 0.0002175979999449235
360.4064394229343 0.00018863203241978758
360.8310756788897 0.00019663888523158742
361.2557119348452 0.00018557058869761876
361.6803481908006 0.0001768572488729607
362.1049844467561 0.00018038968393702532
362.5296207027115 0.00016649543935179752
362.9542569586669 0.0001453008289675323
363.3788932146224 0.00015330768177937792
363.8035294705778 0.00013517451511728287
364.2281657265333 0.0001401199242069583
364.6528019824887 0.00013258406273700425
365.07743823844413 0.0001245772099251614
365.5020744943996 0.00011068296533995026
365.926710750355 0.00010950548698526996
366.35134700631045 0.00011162494802367958
366.7759832622659 0.00010573755625029292
367.20061951822134 9.678872075470952e-05
367.6252557741768 9.65532250837864e-05
368.04989203013224 8.99593462975766e-05
368.47452828608766 7.747807573795481e-05
368.89916454204314 8.00685281182619e-05
369.32380079799856 7.347464933204226e-05
369.74843705395404 7.771357140890125e-05
370.17307330990946 7.842005842170944e-05
370.5977095658649 6.452581383647301e-05
371.02234582182035 6.193536145618494e-05
371.4469820777758 6.217085712711268e-05
371.87161833373125 6.405482249460951e-05
372.29625458968667 5.3693012973422686e-05
372.7208908456421 5.110256059311913e-05
373.14552710159757 5.1102560593125976e-05
373.570163357553 5.557697834090376e-05
373.99479961350846 4.2860212110363724e-05
374.4194358694639 4.427318613598011e-05
374.8440721254193 4.1211742413805755e-05
375.2687083813748 3.885678570445063e-05
375.6933446373302 4.4744177477852236e-05
376.1179808932856 3.697282033695716e-05
376.5426171492411 3.956327271725882e-05
376.9672534051965 3.132092423449237e-05
377.391889661152 3.2498402589176886e-05
377.8165259171074 3.10854285635605e-05
378.24116217306283 2.5904523802963614e-05
378.6657984290183 3.0143445879816243e-05
379.09043468497373 2.637551514483568e-05
379.5150709409292 2.1901097397053987e-05
379.9397071968846 2.1665601726117924e-05
380.36434345284005 2.0723619042370893e-05
380.7889797087955 1.9075149345821218e-05
381.21361596475094 2.0252627700498826e-05
381.6382522207064 1.7426679649268765e-05
382.06288847666184 1.436523592709993e-05
382.48752473261726 1.71911839783304e-05
382.91216098857274 1.5307218610844187e-05
383.33679724452816 1.4600731598035992e-05
383.7614335004836 1.5071722939906104e-05
384.18606975643905 1.2481270559611412e-05
384.6107060123945 1.1539287875865611e-05
385.03534226834995 1.1539287875867156e-05
385.45997852430537 8.242348482762254e-06
385.8846147802608 1.1774783546801643e-05
386.30925103621627 1.3423253243355671e-05
386.7338872921717 1.0597305192121478e-05
387.15852354812716 7.771357140890125e-06
387.5831598040826 7.064870128081933e-06
388.007796060038 6.829374457144954e-06
388.4324323159935 7.064870128081933e-06
388.8570685719489 6.3583831152728876e-06
389.2817048279044 4.709913418721288e-06
389.7063410838598 6.593878786209803e-06
390.1309773398152 7.30036579901702e-06
390.5556135957707 4.474417747785223e-06
390.9802498517261 3.5324350640409663e-06
391.40488610768153 4.474417747784624e-06
391.829522363637 4.003426405913094e-06
392.25415861959243 3.767930734976526e-06
392.6787948755479 3.7679307349770303e-06
393.1034311315033 1.8839653674885152e-06
393.52806738745875 2.5904523802963617e-06
393.9527036434142 2.354956709360644e-06
394.37733989936964 3.532435064040493e-06
394.8019761553251 2.5904523802967085e-06
395.22661241128054 2.354956709360644e-06
395.65124866723596 2.8259480512323943e-06
396.07588492319144 1.8839653674885152e-06
396.50052117914686 1.1774783546801643e-06
396.92515743510234 4.709913418721288e-07
397.34979369105776 2.1194610384245796e-06
397.7744299470132 1.64846969655223e-06
398.19906620296865 1.8839653674885152e-06
398.6237024589241 7.064870128081931e-07
399.0483387148795 2.119461038424296e-06
399.47297497083497 1.8839653674885152e-06
399.8976112267904 9.419826837441315e-07
400.32224748274587 7.064870128081931e-07
400.7468837387013 7.064870128081931e-07
401.1715199946567 4.7099134187206574e-07
401.5961562506122 9.419826837442576e-07
402.0207925065676 7.064870128080986e-07
402.4454287625231 7.064870128081931e-07
402.8700650184785 7.064870128081931e-07
403.2947012744339 1.4129740256161972e-06
403.7193375303894 2.354956709360644e-07
404.1439737863448 4.7099134187206574e-07
404.5686100423003 4.709913418721288e-07
404.9932462982557 1.4129740256163863e-06
405.41788255421113 7.064870128080986e-07
405.8425188101666 0.0
406.26715506612203 0.0
406.6917913220775 2.354956709360644e-07
407.1164275780329 2.354956709360644e-07
407.54106383398835 2.3549567093603287e-07
407.9657000899438 4.709913418721288e-07
408.39033634589924 4.709913418721288e-07
408.81497260185466 0.0
409.23960885781014 4.709913418721288e-07
409.66424511376556 4.7099134187206574e-07
410.08888136972104 7.064870128081931e-07
410.51351762567646 7.064870128081931e-07
410.9381538816319 2.3549567093603287e-07
411.36279013758735 2.354956709360644e-07
411.7874263935428 2.3549567093603287e-07
412.21206264949825 2.354956709360644e-07
412.63669890545367 2.354956709360644e-07
413.0613351614091 0.0
413.48597141736457 4.709913418721288e-07
413.91060767332 0.0
414.33524392927546 4.709913418721288e-07
414.7598801852309 0.0
415.1845164411863 0.0
415.6091526971418 0.0
416.0337889530972 0.0
416.4584252090526 0.0
416.8830614650081 0.0
417.3076977209635 0.0
417.732333976919 0.0
418.1569702328744 0.0
418.58160648882983 0.0
419.0062427447853 2.354956709360644e-07
419.43087900074073 0.0
419.8555152566962 0.0
420.2801515126516 0.0
420.70478776860705 0.0
421.1294240245625 0.0
421.55406028051794 0.0
421.9786965364734 0.0
422.40333279242884 0.0
422.82796904838426 0.0
423.25260530433974 0.0
423.67724156029516 0.0
424.1018778162506 0.0
424.52651407220606 0.0
424.9511503281615 0.0
425.37578658411695 2.354956709360644e-07
