0.5535339178091019 2.0278479364149607e-06
0.9480408162969257 7.604429761556103e-07
1.3425477147847495 7.604429761556105e-07
1.7370546132725733 0.0
2.131561511760397 0.0
2.526068410248221 2.534809920518703e-07
2.9205753087360447 1.2674049602593502e-06
3.3150822072238686 1.0139239682074801e-06
3.7095891057116925 2.5348099205187004e-07
4.1040960041995165 2.0278479364149624e-06
4.49860290268734 1.267404960259349e-06
4.893109801175164 0.0
5.287616699662987 2.534809920518697e-07
5.682123598150811 2.534809920518697e-07
6.076630496638636 0.0
6.47113739512646 0.0
6.865644293614283 0.0
7.260151192102107 2.534809920518697e-07
7.6546580905899315 7.604429761556128e-07
8.049164989077754 7.604429761556093e-07
8.443671887565579 1.5208859523112255e-06
8.838178786053401 5.069619841037394e-07
9.232685684541226 0.0
9.62719258302905 0.0
10.021699481516873 0.0
10.416206380004697 0.0
10.810713278492521 0.0
11.205220176980346 2.534809920518709e-07
11.599727075468168 2.534809920518697e-07
11.994233973955993 1.0139239682074789e-06
12.388740872443817 7.604429761556128e-07
12.78324777093164 1.5208859523112185e-06
13.177754669419464 0.0
13.572261567907288 0.0
13.966768466395111 7.604429761556093e-07
14.361275364882935 5.069619841037394e-07
14.75578226337076 2.534809920518709e-07
15.150289161858582 2.534809920518697e-07
15.544796060346407 0.0
15.939302958834231 0.0
16.333809857322056 5.069619841037418e-07
16.728316755809878 2.534809920518709e-07
17.1228236542977 5.069619841037372e-07
17.517330552785527 7.604429761556128e-07
17.91183745127335 2.534809920518709e-07
18.306344349761172 5.069619841037372e-07
18.700851248249 2.534809920518709e-07
19.09535814673682 0.0
19.489865045224644 1.7743669443630803e-06
19.88437194371247 2.534809920518709e-06
20.278878842200292 1.2674049602593432e-06
20.67338574068812 7.604429761556128e-07
21.06789263917594 2.534809920518709e-06
21.462399537663764 2.027847936414949e-06
21.85690643615159 3.041771904622451e-06
22.251413334639413 3.041771904622451e-06
22.645920233127235 3.5487338887261606e-06
23.04042713161506 3.041771904622451e-06
23.434934030102884 3.8022148807780633e-06
23.829440928590707 5.830062817192978e-06
24.223947827078533 6.843986785400514e-06
24.618454725566355 8.618353729763611e-06
25.012961624054178 7.097467777452321e-06
25.407468522542004 5.5765818251411595e-06
25.801975421029827 1.672974547542348e-05
26.19648231951765 2.2306327300564438e-05
26.590989218005475 1.8504112419786575e-05
26.985496116493298 2.7122466149550182e-05
27.38000301498112 2.712246614954994e-05
27.774509913468947 2.7629428133653925e-05
28.16901681195677 3.143164301443199e-05
28.563523710444592 2.7375947141601806e-05
28.958030608932418 3.345949095084696e-05
29.35253750742024 3.4473414919054444e-05
29.747044405908063 3.447341491905413e-05
30.14155130439589 3.9543034760091856e-05
30.536058202883712 4.233132567266244e-05
30.930565101371535 3.928955376803963e-05
31.32507199985936 4.081043972035121e-05
31.719578898347184 4.2584806664713546e-05
32.11408579683501 5.297752733884149e-05
32.50859269532283 4.892183146601065e-05
32.90309959381066 4.892183146601065e-05
33.297606492298485 4.6640502537544666e-05
33.692113390786304 5.094967940242559e-05
34.08662028927413 5.2977527338840534e-05
34.481127187761956 5.6526261227567715e-05
34.875634086249775 5.196360337063306e-05
35.2701409847376 5.7286704203722306e-05
35.66464788322543 6.463765297322766e-05
36.05915478171325 6.108891908450033e-05
36.45366168020107 6.590505793348584e-05
36.8481685786889 5.880759015603458e-05
37.24267547717672 5.9061071148085384e-05
37.637182375664544 5.57658182514111e-05
38.03168927415237 5.9314552140138326e-05
38.42619617264019 5.0442717418321855e-05
38.820703071128015 6.108891908450033e-05
39.21520996961584 6.007499511629286e-05
39.60971686810367 5.373797031499711e-05
40.00422376659149 5.475189428320361e-05
40.39873066507931 6.108891908450033e-05
40.79323756356714 5.9061071148086455e-05
41.18774446205496 6.894682983810826e-05
41.582251360542784 5.855410916398165e-05
41.97675825903061 6.793290586990201e-05
42.37126515751843 6.159588106860407e-05
42.765772056006256 7.604429761556058e-05
43.16027895449408 6.641201991759077e-05
43.5547858529819 7.731170257581993e-05
43.94929275146973 6.843986785400452e-05
44.34379964995755 7.224208273478386e-05
44.73830654844537 7.097467777452321e-05
45.1328134469332 6.742594388579705e-05
45.527320345421025 6.818638686195389e-05
45.921827243908844 6.996075380631574e-05
46.31633414239667 6.666550090964144e-05
46.710841040884496 6.159588106860518e-05
47.105347939372315 8.415568936122038e-05
47.49985483786014 7.959303150428674e-05
47.89436173634797 8.466265134532564e-05
48.28886863483579 8.288828440096104e-05
48.68337553332361 8.643701828968719e-05
49.07788243181144 8.567657531353314e-05
49.47238933029926 8.821138523405027e-05
49.866896228787084 8.97322711863615e-05
50.26140312727491 9.099967614662247e-05
50.65591002576273 9.78436629320213e-05
51.050416924250555 9.556233400355446e-05
51.44492382273838 9.73367009479193e-05
51.8394307212262 0.00010240632078895492
52.23393761971403 9.556233400355446e-05
52.62844451820185 8.998575217841497e-05
53.02295141668967 9.125315713867271e-05
53.4174583151775 0.00010925030757435536
53.811965213665324 0.00011609429435975791
54.20647211215314 0.0001097572695584591
54.60097901064097 0.0001115316365028222
54.995485909128796 0.00011355948443923919
55.389992807616615 9.708321995586567e-05
55.78449970610444 0.0001226848001531044
56.17900660459227 0.00011558733237565416
56.573513503080086 0.00010316676376511052
56.96802040156791 0.00011127815551077033
57.36252730005574 0.0001125455604710317
57.75703419854356 0.0001249661290815712
58.151541097031384 0.00012293828114515626
58.54604799551921 0.00013738669769211527
58.94055489400703 0.0001363727737239053
59.335061792494855 0.00013738669769211277
59.72956869098268 0.00012952878693850718
60.1240755894705 0.00013282403983517916
60.51858248795833 0.00013028922991466048
60.91308938644615 0.00012116391420079538
61.30759628493397 0.0001242056861054156
61.7021031834218 0.00012319176213720814
62.096610081909624 0.00012699397701798845
62.49111698039744 0.00012319176213720814
62.88562387888527 0.0001503142282867581
63.280130777373095 0.000148539861342395
63.67463767586092 0.0001361192927318559
64.06914457434874 0.00013434492578749278
64.46365147283656 0.0001345984067795398
64.8581583713244 0.00013333100181928527
65.25266526981221 0.00011913606626438038
65.64717216830003 0.00014144239356494014
66.04167906678786 0.0001427097985252046
66.43618596527568 0.00014245631753315272
66.8306928637635 0.00013535884975569542
67.22519976225134 0.00013459840677954466
67.61970666073915 0.00012293828114515849
68.01421355922697 0.00014473764646161436
68.40872045771481 0.00014777941836624208
68.80322735620263 0.000141949355549049
69.19773425469045 0.0001401749886046808
69.59224115317828 0.0001434702415013602
69.9867480516661 0.0001503142282867608
70.38125495015392 0.00014980726630265165
70.77576184864175 0.00015462340515164265
71.17026874712957 0.00015893258201652447
71.56477564561739 0.0001634952398734523
71.95928254410522 0.00015994650598473198
72.35378944259304 0.0001569047340801095
72.74829634108086 0.00014853986134239232
73.14280323956869 0.0001493003043185533
73.53731013805651 0.00015487688614369453
73.93181703654433 0.0001574116960642076
74.32632393503216 0.0001614673919370432
74.72083083351998 0.0001614673919370432
75.1153377320078 0.00016552308780986723
75.50984463049564 0.00017718321344425937
75.90435152898345 0.00018022498534888182
76.29885842747127 0.0001650161258257635
76.6933653259591 0.00017819713741246685
77.08787222444693 0.00017743669443630485
77.48237912293476 0.00017616928947605185
77.87688602142258 0.00016197435392114695
78.2713929199104 0.00017591580848399366
78.66589981839823 0.00016628353078602882
79.06040671688605 0.00016780441673834004
79.45491361537387 0.00016856485971448957
79.8494205138617 0.000173887960547585
80.24392741234952 0.00016704397376218443
80.63843431083734 0.00017236707459526756
81.03294120932517 0.00018858985808659364
81.42744810781299 0.00018174587130119306
81.82195500630081 0.00018225283328529023
82.21646190478864 0.00018985726304685303
82.61096880327646 0.00018402720022965994
83.00547570176428 0.00018225283328529023
83.39998260025212 0.00017743669443631122
83.79448949873994 0.00017312751757142937
84.18899639722775 0.00017921106138066788
84.58350329571559 0.0001749018845157925
84.9780101942034 0.00017616928947605185
85.37251709269123 0.00018428068122170518
85.76702399117906 0.0001890968200706974
86.16153088966688 0.00019670124983225357
86.5560377881547 0.0001954338448719872
86.95054468664253 0.000209882261418951
87.34505158513035 0.00019441992090378672
87.73955848361817 0.00021140314737125459
88.134065382106 0.00020278479364149854
88.52857228059382 0.00020075694570508357
88.92307917908164 0.00020988226141894343
89.31758607756947 0.00022179586804538904
89.71209297605729 0.00022128890606128528
90.10659987454511 0.0002152053622520326
90.50110677303294 0.0002032917556256023
90.89561367152076 0.0002032917556256023
91.29012057000858 0.0002248376399500034
91.68462746849642 0.0002486648532028876
92.07913436698423 0.0002494252961790432
92.47364126547205 0.0002489183341949305
92.86814816395989 0.0002466370052664726
93.2626550624477 0.000263873712726
93.65716196093553 0.00024714396725056747
94.05166885942336 0.0002481578912187838
94.44617575791118 0.0002494252961790432
94.840682656399 0.00026362023173393857
95.23518955488683 0.00025069270113930255
95.62969645337465 0.00026691548463062247
96.02420335186247 0.00026083194082136813
96.4187102503503 0.00025652276395649563
96.81321714883812 0.0002816173821696311
97.20772404732594 0.0002821243441537247
97.60223094581377 0.00028592655903451295
97.99673784430159 0.0003072189623668703
98.39124474278941 0.00029631927970862905
98.78575164127724 0.0002904892168914467
99.18025853976506 0.00030316326649404033
99.57476543825288 0.000309500291295326
99.96927233674072 0.00032648351776281263
100.36377923522853 0.0003150768731204784
100.75828613371635 0.0003051911144304443
101.15279303220419 0.0003305392136356426
101.547299930692 0.0003295252896674351
101.94180682917982 0.0003439737062143795
102.33631372766766 0.00035335250292031116
102.73082062615548 0.0003419458582779769
103.1253275246433 0.0003799680070857442
103.51983442313113 0.0003819958550221729
103.91434132161895 0.00039390946164861095
104.30884822010677 0.00038731895585524824
104.7033551185946 0.0004007534484340115
105.09786201708242 0.00040404870133068586
105.49236891557024 0.0004205249658140425
105.88687581405807 0.00042153888978226507
106.28138271254589 0.0004375081922815331
106.67588961103371 0.0004420708501384509
107.07039650952154 0.00043471990136896246
107.46490340800936 0.0004745164171211066
107.85941030649718 0.00045854711462182203
108.25391720498502 0.0005054410981514351
108.64842410347283 0.0004998645163262938
109.04293100196065 0.0005155803378334915
109.43743790044849 0.0005503072337446166
109.8319447989363 0.0005241986915632738
110.22645169742412 0.0005457445758876633
110.62095859591196 0.0005639952073154178
111.01546549439978 0.0005409284370386974
111.4099723928876 0.00059289204040931
111.80447929137543 0.0006146914057257925
112.19898618986325 0.0006352233660819942
112.59349308835107 0.0006499252636209794
112.9879999868389 0.0006661480471123227
113.38250688532672 0.0006565157694143516
113.77701378381454 0.0007115211446895824
114.17152068230237 0.0007300252571093947
114.56602758079019 0.0007018888669916368
114.96053447927801 0.0007107607017134268
115.35504137776584 0.0007140559546101267
115.74954827625366 0.0008184901233354984
116.14405517474148 0.0007994790489315792
116.53856207322931 0.0008220388572242247
116.93306897171713 0.0008544844242068644
117.32757587020495 0.0008719746126584123
117.72208276869279 0.0009158268242834178
118.1165896671806 0.0009809714392407492
118.51109656566842 0.0009642416937652908
118.90560346415626 0.0010679154195145416
119.30011036264408 0.0010821103550694466
119.6946172611319 0.001116583769988461
120.08912415961973 0.0012032742692702418
120.48363105810755 0.0012141739519284725
120.87813795659537 0.0012630957833944386
121.2726448550832 0.001345223624819291
121.66715175357102 0.0013447166628351873
122.06165865205884 0.0014884403853285457
122.45616555054667 0.0015145489275099422
122.85067244903449 0.001558654620126968
123.24517934752231 0.0016717071425820435
123.63968624601014 0.001643317271472294
124.03419314449796 0.001782478336108772
124.42870004298578 0.0018978121874923062
124.82320694147361 0.0019046561742777752
125.21771383996143 0.002127465966291372
125.61222073844925 0.0022052846308512172
126.00672763693709 0.0022714431697768355
126.4012345354249 0.002726188069517798
126.79574143391274 0.0027168092728119767
127.19024833240056 0.003049883296368138
127.58475523088838 0.003423260797660424
127.97926212937621 0.0034772522489675962
128.37376902786403 0.004287377499565538
128.76827592635183 0.0046513762041517056
129.16278282483967 0.004741361956330459
129.55728972332747 0.006029298876945638
129.9517966218153 0.006218649178008381
130.34630352030314 0.006779349132427592
130.74081041879094 0.007830534806466184
131.13531731727878 0.007877935751979882
131.5298242157666 0.009025951164983425
131.92433111425441 0.00955014985654603
132.31883801274225 0.009660414088088591
132.71334491123008 0.010792967160577097
133.10785180971789 0.010888276013587819
133.50235870820572 0.01102946492616071
133.89686560669355 0.011302717435593431
134.29137250518136 0.01153972216316111
134.6858794036692 0.011720961072478194
135.08038630215702 0.011886230679296865
135.47489320064483 0.0118852167553278
135.86940009913266 0.011832999670965117
136.2639069976205 0.011761011069223235
136.6584138961083 0.011651507280655983
137.05292079459613 0.011564816781374245
137.44742769308397 0.011558479756573781
137.84193459157177 0.01155442406070012
138.2364414900596 0.011371917746422777
138.63094838854744 0.01138585920098645
139.02545528703524 0.011365073759637375
139.41996218552308 0.011234531048730666
139.8144690840109 0.011120971564292233
140.2089759824987 0.010664705778598075
140.60348288098655 0.010612488694235391
140.99798977947438 0.010543795345390097
141.39249667796219 0.010405648204721072
141.78700357645002 0.010492845665986912
142.18151047493785 0.010162306452352013
142.57601737342566 0.01004646563898358
142.9705242719135 0.009935694445456915
143.36503117040132 0.009799068190741665
143.75953806888913 0.009889307423911423
144.15404496737696 0.0096277150401139
144.5485518658648 0.009429746385322074
144.9430587643526 0.009455601446510684
145.33756566284043 0.009264983740487683
145.73207256132827 0.009132413181645215
146.12657945981607 0.009178293241205945
146.5210863583039 0.008846486622610054
146.91559325679174 0.008844205293682225
147.31010015527954 0.008720253088568226
147.70460705376738 0.00851113127012544
148.0991139522552 0.008422919884891997
148.493620850743 0.008180338575497758
148.88812774923085 0.008106575606810664
149.28263464771868 0.008096436367129173
149.67714154620649 0.007945108214873627
150.07164844469432 0.00792254840658101
150.46615534318215 0.007755757913811443
150.86066224166996 0.007551705715209134
151.2551691401578 0.007653098112029879
151.64967603864562 0.007384154779463384
152.04418293713343 0.007279467129745432
152.43868983562126 0.007311152253751915
152.8331967341091 0.007066289615429814
153.22770363259693 0.007101523473325534
153.62221053108473 0.006994047532695033
154.01671742957257 0.006769463373737081
154.4112243280604 0.006863758302780869
154.8057312265482 0.006694179519097677
155.20023812503604 0.006581380477634598
155.59474502352387 0.0065720016809291525
155.98925192201168 0.006321055498797334
156.3837588204995 0.006379609607961314
156.77826571898734 0.006292665627687978
157.17277261747515 0.006153758044043103
157.56727951596298 0.0060835438092447375
157.9617864144508 0.005954521984290768
158.35629331293862 0.005811305223781035
158.75080021142645 0.005866057118064238
159.14530710991428 0.005741597950967186
159.5398140084021 0.005637670744225508
159.93432090688992 0.005602943848314402
160.32882780537776 0.005410044813363324
160.72333470386556 0.005455924872924322
161.1178416023534 0.005293697038011128
161.51234850084123 0.005239959067696511
161.90685539932903 0.005248830902417949
162.30136229781687 0.005012079655841508
162.6958691963047 0.004947188521876587
163.0903760947925 0.004904857196203569
163.48488299328034 0.004857963212673975
163.87938989176817 0.00473477145053711
164.27389679025598 0.004663796772762247
164.6684036887438 0.004558348680068671
165.06291058723164 0.004469123370866737
165.45741748571945 0.004382939833568781
165.85192438420728 0.004367984455037721
166.2464312826951 0.004416399324519945
166.64093818118292 0.004270901235081857
167.03544507967075 0.004299798068175769
167.42995197815858 0.004254931932582896
167.8244588766464 0.004126417069612295
168.21896577513422 0.004141879410127458
168.61347267362206 0.003976356322317878
169.00797957210986 0.004032375621561053
169.4024864705977 0.0039411224644223825
169.79699336908553 0.003904114239583091
170.19150026757333 0.003850883231251919
170.58600716606117 0.003777373743556878
170.980514064549 0.003710961723639557
171.3750209630368 0.003716791786456483
171.76952786152464 0.0036427753367773382
172.16403476001247 0.003605260149953922
172.55854165850027 0.0036716721698712507
172.9530485569881 0.0035456921168214744
173.34755545547594 0.0034813079448405516
173.74206235396375 0.003428583898493513
174.13656925245158 0.00333707726036279
174.5310761509394 0.003360904473615908
174.92558304942722 0.0032526680900095196
175.32008994791505 0.003266609544572372
175.71459684640288 0.0032762418222705785
176.1091037448907 0.0031147744303333053
176.50361064337852 0.003122885822078965
176.89811754186636 0.0031246601890235533
177.29262444035416 0.003083596268310926
177.687131338842 0.0030658525988672956
178.08163823732983 0.00302859089303589
178.47614513581763 0.0030270700070833606
178.87065203430546 0.0029895548202596846
179.2651589327933 0.0029837247574427067
179.6596658312811 0.0030128750715284563
180.05417272976894 0.0030075519706953668
180.44867962825677 0.00294240735573825
180.84318652674457 0.00289373900526408
181.2376934252324 0.0029358168499446892
181.63220032372024 0.002905906092882779
182.02670722220805 0.0028605329953052855
182.42121412069588 0.0027827143307453638
182.8157210191837 0.002788797874554809
183.21022791767152 0.0028141459737597947
183.60473481615935 0.0028032462911015644
183.99924171464718 0.0027931070514196914
184.393748613135 0.002766998509238148
184.78825551162282 0.002768519395190459
185.18276241011066 0.002809836796895115
185.57726930859846 0.002815666859712106
185.9717762070863 0.002802739329117461
186.36628310557413 0.002819976036577191
186.76079000406193 0.0028242852134418694
187.15529690254976 0.0027715611670950813
187.5498038010376 0.0028392405919731335
187.9443106995254 0.00277004028114277
188.33881759801324 0.002849126350662952
188.73332449650107 0.0028443102118141713
189.12783139498887 0.002815159897728002
189.5223382934767 0.0028346779341159958
189.91684519196454 0.0028602795143134402
190.31135209045235 0.0029074269788348806
190.70585898894018 0.0028962738151845986
191.100365887428 0.002929733306135656
191.49487278591582 0.0029003295110574282
191.88937968440365 0.00298347127645044
192.28388658289148 0.002971557669824216
192.6783934813793 0.002992850073156359
193.07290037986712 0.002984992162402751
193.46740727835495 0.0030483624104159367
193.86191417684276 0.0030361953227972275
194.2564210753306 0.0030585016500977915
194.65092797381843 0.0030785266484701108
195.04543487230623 0.0031266880369597433
195.43994177079406 0.0031325180997769358
195.8344486692819 0.003156091832037987
196.2289555677697 0.0031725680965211302
196.62346246625754 0.0032914506817934546
197.01796936474537 0.003325163653736592
197.41247626323317 0.0032846066950080544
197.806983161721 0.0032747209363180314
198.20149006020884 0.003314263971078361
198.59599695869665 0.0033606509926236133
198.99050385718448 0.003348737385997176
199.3850107556723 0.0033963918125031714
199.77951765416012 0.0034483554158735584
200.17402455264795 0.003407038014169104
200.56853145113578 0.003439737062144043
200.9630383496236 0.003499051614283931
201.35754524811142 0.003487898450633649
201.75205214659925 0.003535806358131706
202.14655904508706 0.0035408759779724888
202.5410659435749 0.003620975971460878
202.93557284206273 0.0035796585697566823
203.33007974055053 0.0035794050887643725
203.72458663903836 0.003542650344916852
204.1190935375262 0.0036759813467363974
204.513600436014 0.0036316221731270562
204.90810733450184 0.0036775022326884436
205.30261423298967 0.0036899228012992505
205.69712113147747 0.003736309822844476
206.0916280299653 0.003684092738481792
206.48613492845314 0.0037053851418144155
206.88064182694094 0.0037821898824058633
207.27514872542878 0.0037555743782404175
207.6696556239166 0.003816156335341088
208.06416252240442 0.0037783876675250854
208.45866942089225 0.0037989196278812865
208.85317631938008 0.003796384817961041
209.2476832178679 0.003814888930380554
209.64219011635572 0.0038169167783169687
210.03669701484355 0.0038663455717673607
210.43120391333136 0.0038460670924029333
210.8257108118192 0.003871161710616068
211.22021771030703 0.003984974676047642
211.61472460879483 0.003929715819780048
212.00923150728266 0.0039581056908898574
212.4037384057705 0.003919323099106204
212.7982453042583 0.0038757243684730013
213.19275220274614 0.003954049995017027
213.58725910123397 0.003912479112320804
213.98176599972177 0.003991311700848652
214.3762728982096 0.004057470239774188
214.77077979669744 0.003983707271087382
215.16528669518524 0.004065835112511899
215.55979359367308 0.004048344924060321
215.9543004921609 0.004064567707551933
216.34880739064872 0.0040488518860444245
216.74331428913655 0.004135035423342059
217.13782118762438 0.004125149664652332
217.5323280861122 0.004111208210089183
217.92683498460002 0.0040975202365183825
218.32134188308785 0.004130726246477474
218.71584878157566 0.004140105043183096
219.1103556800635 0.004144414220047977
219.50486257855133 0.004118559158858983
219.89936947703913 0.00412438922167588
220.29387637552696 0.004236681301154855
220.6883832740148 0.0042044892151645715
221.0828901725026 0.004222993327584055
221.47739707099043 0.004255692375558746
221.87190396947827 0.004318302180595867
222.26641086796607 0.004239216111075374
222.6609177664539 0.0042987841442075625
223.05542466494174 0.0043160208516674
223.44993156342954 0.004341622431864327
223.84443846191738 0.004341875912856379
224.2389453604052 0.004396374326147847
224.63345225889302 0.004443775271661229
225.02795915738085 0.00441411799559116
225.42246605586868 0.004492697103127562
225.8169729543565 0.004408034451781916
226.21147985284432 0.004471658180786933
226.60598675133215 0.00445340754935952
227.00049364981996 0.0045550534271719964
227.3950005483078 0.004587245513162584
227.78950744679562 0.004549223364355132
228.18401434528343 0.004664050253754298
228.57852124377126 0.004604989182606214
228.9730281422591 0.004619184118161451
229.3675350407469 0.00468204740418998
229.76204193923473 0.004742629361290376
230.15654883772257 0.004704607212482935
230.55105573621037 0.0046749499364125285
230.9455626346982 0.004724125248870591
231.34006953318604 0.004767470498511802
231.73457643167384 0.0048366708093416175
232.12908333016168 0.00483971258124624
232.5235902286495 0.00478191891505876
232.91809712713732 0.0048417404291826545
233.31260402562515 0.004957074280566254
233.70711092411298 0.004913729030925738
234.1016178226008 0.00498521067068401
234.49612472108862 0.004933754029297481
234.89063161957645 0.004976338835962553
235.28513851806426 0.005001433454175329
235.6796454165521 0.0050853356625444966
236.07415231503992 0.005089898320401797
236.46865921352773 0.00511702078655098
236.86316611201556 0.005162140403136212
237.2576730105034 0.005170505275874295
237.6521799089912 0.00521765274039557
238.04668680747903 0.005232354637934577
238.44119370596687 0.005208527424682078
238.83570060445467 0.005258716661107971
239.2302075029425 0.0052353964098392
239.62471440143034 0.0053187916562246465
240.01922129991814 0.005375571398443881
240.41372819840598 0.005392047662927252
240.8082350968938 0.005370755259595282
241.20274199538161 0.005427535001814513
241.59724889386945 0.005455924872924322
241.99175579235728 0.005441983418361862
242.3862626908451 0.005495974869668517
242.78076958933292 0.005521576449865754
243.17527648782075 0.005553768535856741
243.56978338630856 0.005579370116053579
243.9642902847964 0.005624743213630864
244.35879718328422 0.0056939435244614325
244.75330408177203 0.0057177707377138965
245.14781098025986 0.005639952073153975
245.5423178787477 0.00568557865172372
245.9368247772355 0.00581612136263002
246.33133167572333 0.005788491934496367
246.72583857421117 0.005842990347787939
247.12034547269897 0.005910416291673314
247.5148523711868 0.005893940027189943
247.90935926967464 0.0059086419247293765
248.30386616816244 0.005907374519768692
248.69837306665028 0.006050084318293891
249.0928799651381 0.006001922929804469
249.48738686362591 0.006117510262179686
249.88189376211375 0.006118017224163791
250.27640066060158 0.00617302259943949
250.6709075590894 0.006244504239197671
251.06541445757722 0.006248559935070501
251.45992135606505 0.006243743796221965
251.85442825455286 0.0062637687945936125
252.2489351530407 0.006365921634390513
252.64344205152852 0.006315225435980141
253.03794895001636 0.006442979855974745
253.43245584850416 0.00647821371386949
253.826962746992 0.006422194414626028
254.22146964547983 0.006502294408114884
254.61597654396763 0.006527642507319603
255.01048344245547 0.006488352953551564
255.4049903409433 0.006545132695771653
255.7994972394311 0.006605461171879049
256.19400413791897 0.00666325483806783
256.58851103640677 0.006700263062907405
256.9830179348946 0.0067174997703669335
257.3775248333824 0.0067187671753262245
257.77203173187024 0.006757042805127027
258.16653863035805 0.0067697168547296216
258.56104552884585 0.006796078877902037
258.9555524273337 0.006862744378812662
259.3500593258215 0.006835368431671058
259.7445662243093 0.00685285862012165
260.1390731227972 0.006870095327582167
260.533580021285 0.006905836147461481
260.9280869197728 0.007045250693089001
261.32259381826066 0.0069643902566254665
261.71710071674846 0.007032069681503319
262.11160761523627 0.0070221839228122845
262.5061145137241 0.007107860498126832
262.90062141221193 0.007134729483284331
263.29512831069974 0.007003426329400447
263.6896352091876 0.00715475448165643
264.0841421076754 0.007083779803881903
264.4786490061632 0.007098228220427838
264.87315590465107 0.0071752864420126326
265.2676628031389 0.007109127903087091
265.6621697016267 0.0070776962600716375
266.05667660011454 0.007169709860187491
266.45118349860235 0.007142333913045887
266.84569039709015 0.007103044359276822
267.240197295578 0.007156782329592845
267.6347041940658 0.007014326012059687
268.0292110925536 0.006951462726029819
268.4237179910415 0.006969206395474451
268.8182248895293 0.0069763038632519045
269.2127317880171 0.007040688035232069
269.60723868650496 0.007020916517853035
270.00174558499276 0.006848802924249809
270.39625248348057 0.006934226018570294
270.7907593819684 0.006868827922621906
271.18526628045623 0.006806725079569195
271.57977317894404 0.006814836471313874
271.9742800774319 0.0067910092580619795
272.3687869759197 0.00669139122818559
272.7632938744075 0.006729920338976505
273.15780077289537 0.006647285535568562
273.5523076713832 0.006666296609972452
273.946814569871 0.006628274461163716
274.34132146835884 0.006547160543708068
274.73582836684665 0.006458442196489909
275.13033526533445 0.006391523214587291
275.5248421638223 0.006408252960063637
275.9193490623101 0.006386200113755122
276.3138559607979 0.00629241214669502
276.7083628592858 0.006202172913525456
277.1028697577736 0.006184175763089773
277.4973766562614 0.006165925131661149
277.89188355474926 0.006113454566307298
278.28639045323706 0.00603436849678711
278.68089735172487 0.0059965998289705155
279.0754042502127 0.005861747941199778
279.46991114870053 0.005863015346160037
279.86441804718834 0.00578164794771055
280.2589249456762 0.005736274850134097
280.653431844164 0.005701547954222988
281.0479387426518 0.005600662519385532
281.44244564113967 0.005508902400263558
281.8369525396275 0.0054896378448676154
282.2314594381153 0.005397877725744056
282.62596633660314 0.005347435008326509
283.02047323509095 0.005269109381782477
283.41498013357875 0.00520472520980055
283.8094870320666 0.0051294413551618906
284.2039939305544 0.005073422055918425
284.5985008290422 0.00497963408885851
284.9930077275301 0.004992561619453873
285.3875146260179 0.004916263840846258
285.7820215245057 0.004863539794498765
286.17652842299356 0.004718041705061685
286.57103532148136 0.004649601837207677
286.96554221996917 0.004651629685143422
287.360049118457 0.004550490769315391
287.75455601694483 0.004450872739439001
288.14906291543264 0.004405246160869027
288.5435698139205 0.0043231183194448524
288.9380767124083 0.004251890160678274
289.3325836108961 0.0041568347886582185
289.72709050938397 0.004152779092785988
290.1215974078718 0.004111715172073583
290.5161043063596 0.004009562332276096
290.91061120484744 0.003951768666088845
291.30511810333525 0.003901832910654624
291.69962500182305 0.0038255351320464564
292.0941319003109 0.0037550674162565847
292.4886387987987 0.003762164884034037
292.8831456972865 0.00364607058967375
293.2776525957744 0.0035502547746786637
293.6721594942622 0.0035170487647198673
294.06666639275 0.0034222468736919698
294.46117329123786 0.0033806759909959547
294.85568018972566 0.0032894228338572764
295.25018708821347 0.0032549494189377517
295.6446939867013 0.00319563486679808
296.03920088518913 0.0031431643014433403
296.43370778367694 0.0031350529096972283
296.8282146821648 0.0030463345624795217
297.2227215806526 0.0029157918515728023
297.6172284791404 0.002934042483000115
298.01173537762827 0.0028541959705041947
298.4062422761161 0.0027855026216581347
298.8007491746039 0.0027005864893203647
299.19525607309174 0.002634174469403161
299.58976297157955 0.002620486495832359
299.98426987006735 0.002535823844486665
300.3787767685552 0.0025102222642897905
300.773283667043 0.0023850026542161606
301.1677905655308 0.002377905186438365
301.5622974640187 0.002312760571481374
301.9568043625065 0.0022536995003332857
302.3513112609943 0.00228107544747456
302.74581815948216 0.002232660577992979
303.14032505796996 0.0021383656489496793
303.53483195645777 0.002083106792682069
303.9293388549456 0.0020864020455790434
304.32384575343343 0.001993374521495715
304.7183526519213 0.00195535237268822
305.1128595504091 0.0019084583891586218
305.5073664488969 0.001821260927892512
305.90187334738476 0.0018101077642424916
306.29638024587257 0.001725445112897163
306.6908871443604 0.0017008574566678854
307.08539404284824 0.0017061805575012197
307.47990094133604 0.001627854930957188
307.87440783982385 0.001648133410321101
308.2689147383117 0.001513788484533841
308.6634216367995 0.0015366017738185106
309.0579285352873 0.0014666410200119798
309.4524354337752 0.0014405324778308472
309.846942332263 0.0013756413438655653
310.2414492307508 0.001323170778510635
310.63595612923865 0.0013429422958908725
311.03046302772646 0.0012714606561322417
311.42496992621426 0.0012501682527997035
311.8194768247021 0.0012121461039921013
312.2139837231899 0.0011784331320492008
312.60849062167773 0.0011363552873684245
313.0029975201656 0.0011170907319726453
313.3975044186534 0.001066141052570217
313.7920113171412 0.0010369907384841011
314.18651821562906 0.0010042916905095578
314.58102511411687 0.0009784366293202657
314.9755320126047 0.000984520173129369
315.37003891109254 0.0009376261895999127
315.76454580958034 0.0008833812573008099
316.15905270806815 0.000864623663888846
316.553559606556 0.0008195040473037356
316.9480665050438 0.0007977046819872736
317.3425734035316 0.000797197720003055
317.7370803020195 0.0007685543679013071
318.1315872005073 0.0007394040538153407
318.5260940989951 0.0007044236769120795
318.92060099748295 0.0007077189298088554
319.31510789597075 0.0007011284240155064
319.70961479445856 0.0006598110223109546
320.1041216929464 0.0006281258983045644
320.4986285914342 0.0006060730519960506
320.89313548992203 0.0005878224205682303
321.2876423884099 0.0005520816006889997
321.6821492868977 0.0005503072337446365
322.0766561853855 0.0005394075510863278
322.47116308387336 0.000532056602316901
322.86566998236117 0.0004993575543422082
323.260176880849 0.000502906288230862
323.65468377933684 0.00046817939231982663
324.04919067782464 0.0004514496468444024
324.44369757631245 0.0004210319277981159
324.8382044748003 0.0004098787641478937
325.2327113732881 0.0004154553459730351
325.6272182717759 0.0003931490186724128
326.0217251702638 0.0003629847806182955
326.4162320687516 0.0003822493360142385
326.8107389672394 0.0003267369987548292
327.20524586572725 0.0003193860499853717
327.59975276421505 0.00032775092272308384
327.99425966270286 0.00031456991113634064
328.3887665611907 0.00029201010284376843
328.7832734596785 0.0002844056730822119
329.17778035816633 0.0002828847871298599
329.5722872566542 0.00026894333256704715
329.966794155142 0.00025018573915520784
330.3613010536298 0.0002537344730438976
330.75580795211766 0.0002461300432823777
331.15031485060547 0.00023852561352082126
331.5448217490933 0.00021267055233149863
331.93932864758114 0.0002273724498705384
332.33383554606894 0.0002091218184428029
332.72834244455674 0.00020278479364147664
333.1228493430446 0.00019695473082431255
333.5173562415324 0.00017109966963502055
333.9118631400202 0.00015943954400061099
334.3063700385081 0.00016324175888141222
334.7008769369959 0.00015893258201653021
335.0953838354837 0.00015690473408009256
335.48989073397155 0.00014575157042983234
335.88439763245935 0.00013586581173980893
336.27890453094716 0.00013206359685901165
336.673411429435 0.00012978226793056375
337.0679183279228 0.00011584081336771021
337.46242522641063 0.00011584081336769353
337.8569321248985 0.00011634777535181396
338.2514390233863 0.00011001075055051692
338.6459459218741 0.00011254556047101953
339.04045282036196 9.784366293202658e-05
339.43495971884977 9.530885301150775e-05
339.8294666173376 9.63227769797014e-05
340.22397351582543 8.770442324995128e-05
340.61848041431324 8.415568936122493e-05
341.01298731280104 7.274904471887974e-05
341.4074942112889 7.300252571094211e-05
341.8020011097767 6.818638686195634e-05
342.1965080082645 6.818638686194652e-05
342.5910149067524 6.43841719811781e-05
342.9855218052402 6.083543809245175e-05
343.380028703728 6.032847610833929e-05
343.77453560221585 6.083543809245175e-05
344.16904250070365 5.956803313219234e-05
344.56354939919146 5.576581825140608e-05
344.9580562976793 5.3484489322947163e-05
345.3525631961671 4.207784468061247e-05
345.74707009465493 4.8668350473954385e-05
346.1415769931428 4.258480666471623e-05
346.5360838916306 4.8161388489857636e-05
346.9305907901184 3.776866781572502e-05
347.32509768860626 3.599430087136729e-05
347.71960458709407 3.269904797469282e-05
348.1141114855819 3.0164238054169646e-05
348.50861838406973 3.1431643014433404e-05
348.90312528255754 2.5348099205188232e-05
349.29763218104534 2.9657276070065955e-05
349.6921390795332 2.4334175236980703e-05
350.086645978021 2.737594714160329e-05
350.4811528765088 2.5094618213132732e-05
350.8756597749967 2.1038922340306233e-05
351.2701666734845 2.991075706212211e-05
351.6646735719723 2.027847936414766e-05
352.05918047046015 2.2052846308513763e-05
352.45368736894795 2.00249983720987e-05
352.84819426743576 1.7236707459525514e-05
353.2427011659236 1.5208859523112937e-05
353.6372080644114 1.749018845157988e-05
354.03171496289923 1.2927530594644134e-05
354.4262218613871 1.4955378531061054e-05
354.8207287598749 1.1660125634386585e-05
355.2152356583627 1.267404960259229e-05
355.60974255685056 1.1913606626438468e-05
356.00424945533837 1.2167087618490351e-05
356.3987563538262 1.140664464233306e-05
356.79326325231403 1.1660125634386585e-05
357.18777015080184 7.350948769504586e-06
357.58227704928964 7.85791075360722e-06
357.9767839477775 1.0646201666179057e-05
358.3712908462653 6.59050579334894e-06
358.7657977447531 8.364872737710911e-06
359.160304643241 5.8300628171932925e-06
359.5548115417288 5.323100833089529e-06
359.9493184402166 4.562657856933224e-06
360.34382533870445 4.816138848985763e-06
360.73833223719225 5.069619841037646e-06
361.13283913568006 5.576581825140607e-06
361.5273460341679 4.562657856933882e-06
361.9218529326557 4.816138848985763e-06
362.31635983114353 4.055695872829533e-06
362.7108667296314 4.055695872830117e-06
363.1053736281192 2.7882909125707055e-06
363.499880526607 5.069619841036915e-06
363.89438742509486 2.281328928466941e-06
364.28889432358267 2.7882909125707055e-06
364.6834012220705 4.3091768648813785e-06
365.07790812055833 2.0278479364150586e-06
365.47241501904614 4.055695872830117e-06
365.86692191753394 4.3091768648813785e-06
366.2614288160218 3.5487338887263525e-06
366.6559357145096 2.281328928466941e-06
367.0504426129974 1.2674049602592288e-06
367.4449495114853 1.2674049602594116e-06
367.8394564099731 1.0139239682075293e-06
368.2339633084609 1.7743669443629204e-06
368.62847020694875 1.0139239682075293e-06
369.02297710543655 1.520885952311294e-06
369.41748400392436 7.604429761555373e-07
369.8119909024122 1.520885952311294e-06
370.2064978009 1.0139239682075293e-06
370.60100469938783 2.5348099205184577e-06
370.9955115978757 5.069619841037646e-07
371.3900184963635 1.0139239682075293e-06
371.7845253948513 5.069619841036916e-07
372.17903229333916 2.534809920518823e-07
372.57353919182697 1.0139239682075293e-06
372.9680460903148 7.604429761555373e-07
373.36255298880263 2.534809920518823e-07
373.75705988729044 5.069619841037646e-07
374.15156678577824 1.0139239682073832e-06
374.5460736842661 5.069619841037646e-07
374.9405805827539 2.534809920518823e-07
375.3350874812417 0.0
375.7295943797296 0.0
376.1241012782174 5.069619841037646e-07
376.5186081767052 7.604429761555373e-07
376.91311507519305 2.534809920518823e-07
377.30762197368085 5.069619841037646e-07
377.70212887216866 0.0
378.0966357706565 0.0
378.4911426691443 2.534809920518823e-07
378.88564956763213 2.534809920518458e-07
379.28015646612 2.534809920518823e-07
379.6746633646078 2.534809920518823e-07
380.0691702630956 7.604429761555373e-07
380.46367716158346 2.534809920518823e-07
380.85818406007127 0.0
381.25269095855907 2.534809920518458e-07
381.64719785704693 2.534809920518823e-07
382.04170475553474 2.534809920518823e-07
382.43621165402254 2.534809920518458e-07
382.8307185525104 0.0
383.2252254509982 0.0
383.619732349486 0.0
384.0142392479739 0.0
384.4087461464617 0.0
384.8032530449495 5.069619841036916e-07
385.19775994343735 0.0
385.59226684192515 0.0
385.98677374041296 0.0
386.3812806389008 0.0
386.7757875373886 0.0
387.17029443587643 0.0
387.5648013343643 0.0
387.9593082328521 0.0
388.3538151313399 2.534809920518458e-07
388.74832202982776 0.0
389.14282892831557 0.0
389.53733582680337 0.0
389.93184272529123 0.0
390.32634962377904 0.0
390.72085652226684 0.0
391.1153634207547 0.0
391.5098703192425 0.0
391.9043772177303 0.0
392.2988841162182 0.0
392.693391014706 0.0
393.0878979131938 0.0
393.48240481168165 0.0
393.87691171016945 0.0
394.27141860865726 0.0
394.6659255071451 0.0
395.0604324056329 2.534809920518823e-07
