0.5097800440009205 3.069858372153878e-06
0.868102763373872 2.511702304489536e-06
1.2264254827468237 1.953546236825197e-06
1.584748202119775 0.0
1.9430709214927266 2.7907803383217064e-07
2.3013936408656783 2.232624270657368e-06
2.6597163602386296 3.3489364059860476e-06
3.0180390796115812 3.0698583721538773e-06
3.376361798984533 1.1163121353286825e-06
3.7346845183574846 1.9535462368251943e-06
4.093007237730436 2.7907803383217066e-06
4.451329957103388 2.790780338321714e-07
4.809652676476339 1.3953901691608533e-06
5.16797539584929 0.0
5.526298115222242 0.0
5.884620834595194 0.0
6.2429435539681455 0.0
6.601266273341097 0.0
6.959588992714049 8.372341014965119e-07
7.3179117120870005 2.7907803383217066e-06
7.676234431459952 1.674468202993028e-06
8.034557150832903 5.581560676643413e-07
8.392879870205855 5.581560676643385e-07
8.751202589578808 0.0
9.109525308951758 0.0
9.46784802832471 0.0
9.826170747697661 0.0
10.184493467070613 8.372341014965119e-07
10.542816186443565 8.372341014965119e-07
10.901138905816516 1.3953901691608533e-06
11.259461625189468 1.9535462368251943e-06
11.61778434456242 8.372341014965119e-07
11.976107063935371 0.0
12.334429783308323 0.0
12.692752502681275 5.581560676643413e-07
13.051075222054227 8.372341014965119e-07
13.409397941427178 5.581560676643413e-07
13.76772066080013 2.7907803383217064e-07
14.126043380173082 2.7907803383217064e-07
14.484366099546033 2.7907803383217064e-07
14.842688818918985 5.58156067664344e-07
15.201011538291935 1.3953901691608533e-06
15.559334257664887 8.372341014965119e-07
15.917656977037838 2.7907803383217064e-07
16.27597969641079 1.674468202993032e-06
16.63430241578374 0.0
16.992625135156693 0.0
17.350947854529643 5.58156067664344e-07
17.709270573902593 8.372341014965079e-07
18.067593293275547 3.348936405986064e-06
18.425916012648496 2.7907803383216926e-06
18.78423873202145 2.79078033832172e-06
19.1425614513944 2.7907803383216926e-06
19.500884170767353 7.814184947300816e-06
19.859206890140303 6.418794778139893e-06
20.217529609513257 7.256028879636473e-06
20.575852328886207 7.53510691346857e-06
20.93417504825916 3.6280144398182366e-06
21.29249776763211 1.2837589556279786e-05
21.650820487005063 1.89773063005877e-05
22.009143206378013 1.3395745623944126e-05
22.367465925750967 1.1442199387119054e-05
22.725788645123917 9.767731184125924e-06
23.08411136449687 1.6744682029930322e-05
23.44243408386982 2.8465959450881546e-05
23.80075680324277 3.600106636434983e-05
24.159079522615723 5.162943625895183e-05
24.517402241988673 4.9117733954461786e-05
24.875724961361627 4.828049985296576e-05
25.234047680734577 5.2745748394279997e-05
25.59237040010753 5.497837266493789e-05
25.95069311948048 5.4699294631105184e-05
26.309015838853433 6.362979171373522e-05
26.667338558226383 6.195532351074158e-05
27.025661277599337 6.725780615355347e-05
27.383983996972287 6.44670258152311e-05
27.74230671634524 7.842092750684033e-05
28.10062943571819 7.256028879636402e-05
28.458952155091144 7.897908357450469e-05
28.817274874464093 8.53978783526438e-05
29.175597593837047 9.321206329994546e-05
29.533920313209997 8.846773672479854e-05
29.892243032582947 7.981631767600041e-05
30.2505657519559 7.618830323618297e-05
30.60888847132885 9.237482919844803e-05
30.967211190701804 8.87468147586307e-05
31.325533910074753 9.851454594275575e-05
31.683856629447707 0.00010186348234874178
32.04217934882066 0.00010409610661940017
32.40050206819361 0.00010297979448407147
32.75882478756656 9.404929740144198e-05
33.11714750693951 0.00010018901414574778
33.47547022631247 9.990993611191759e-05
33.83379294568542 8.623511245414115e-05
34.19211566505837 9.432837543527416e-05
34.55043838443132 9.851454594275673e-05
34.90876110380427 9.349114133377578e-05
35.267083823177224 9.87936239765889e-05
35.625406542550174 9.181667313078461e-05
35.98372926192312 9.963085807808541e-05
36.34205198129607 9.48865315029366e-05
36.70037470066903 9.097943902928809e-05
37.05869742004198 0.0001057705748223932
37.41702013941493 0.00010102624824724628
37.77534285878788 0.00010270071645023727
38.13366557816084 0.0001208407886493305
38.49198829753379 0.0001278177394951348
38.85031101690674 0.00011553830600651923
39.20863373627969 0.00011246844763436311
39.566956455652644 0.0001057705748223932
39.925279175025594 0.0001077241210592184
40.283601894398544 0.00011051490139754013
40.641924613771494 0.00012698050539363827
41.00024733314444 0.00011498014993885261
41.3585700525174 0.0001077241210592184
41.71689277189035 0.00010856135516071493
42.0752154912633 0.0001278177394951348
42.43353821063625 0.00012195710078465677
42.79186093000921 0.0001328411441041139
43.15018364938216 0.00014205071922057558
43.50850636875511 0.0001367482365777643
43.86682908812806 0.00014316703135590142
44.225151807501014 0.00012921312966429567
44.583474526873964 0.00012642234932597394
44.941797246246914 0.0001437251874235686
45.300119965619864 0.00015042306023553773
45.65844268499282 0.0001515393723708694
46.01676540436577 0.0001666095861978067
46.37508812373872 0.00017721455148342924
46.73341084311167 0.0001537719966415268
47.09173356248462 0.0001417716411867406
47.45005628185758 0.0001426088752882399
47.80837900123053 0.0001526556845061981
48.16670172060348 0.00017805178558492576
48.52502443997643 0.00015907447928433492
48.883347159349384 0.00018335426822773703
49.241669878722334 0.00018279611216007267
49.599992598095284 0.00017386561507744318
49.958315317468234 0.00019842448205467037
50.31663803684119 0.0001855868924983944
50.67496075621414 0.00018195887805857617
51.03328347558709 0.0001668886642316389
51.39160619496004 0.00018391242429539772
51.749928914333 0.00020428512076514993
52.10825163370595 0.00019898263812233866
52.4665743530789 0.0001984244820546743
52.82489707245185 0.00021516916408460465
53.1832197918248 0.00022409966116722973
53.541542511197754 0.00021042483750945772
53.899865230570704 0.00021656455425376548
54.258187949943654 0.00021014575947562552
54.616510669316604 0.00020428512076514586
54.97483338868956 0.00020735497913730382
55.33315610806251 0.00020902944734029684
55.69147882743546 0.00020902944734029684
56.04980154680841 0.0002182390224567542
56.40812426618137 0.00022382058313340198
56.76644698555432 0.0002402861871295001
57.12476970492727 0.00022326242706573762
57.48309242430022 0.00020707590110346754
57.841415143673174 0.000199540794190003
58.199737863046124 0.0002123783837462829
58.558060582419074 0.00020902944734029684
58.916383301792024 0.00021600639818610115
59.274706021164974 0.00022382058313339753
59.63302874053793 0.00023358831431752802
59.99135145991088 0.00022800675364088456
60.34967417928383 0.00021098299357712207
60.70799689865678 0.00020763405717113187
61.06631961802974 0.00022409966116723412
61.42464233740269 0.00024363512353548617
61.78296505677564 0.00023916987499417142
62.14128777614859 0.00022800675364088
62.499610495521544 0.00023023937791154193
62.857933214894494 0.0002444723576369827
63.216255934267444 0.00024084434319716447
63.574578653640394 0.00024921668421212963
63.932901373013344 0.00024196065533248833
64.2912240923863 0.00025591455702410175
64.64954681175925 0.0002366581726896819
65.0078695311322 0.00023051845594537407
65.36619225050515 0.00024670498190764004
65.7245149698781 0.0002386117189265071
66.08283768925105 0.00023749540679116898
66.44116040862401 0.00023219292414836714
66.79948312799696 0.0002503329963474583
67.15780584736991 0.00025591455702410175
67.51612856674286 0.0002534028547196122
67.87445128611581 0.00025451916685494087
68.23277400548876 0.00025675179112559824
68.59109672486171 0.00027042661478337475
68.94941944423466 0.0002899620771516267
69.30774216360761 0.0003125673978920203
69.66606488298058 0.00026931030264804604
70.02438760235353 0.0002754500193923538
70.38271032172648 0.0002581471812947591
70.74103304109943 0.0002654032101743956
71.09935576047238 0.00027293831708786423
71.45767847984533 0.00026205427376840954
71.81600119921828 0.00027210108298636774
72.17432391859123 0.00025284469865193785
72.53264663796419 0.00029303193552378064
72.89096935733714 0.00030921846148604664
73.24929207671009 0.00028772945288096935
73.60761479608304 0.0002776826436630112
73.96593751545599 0.0002843805164749833
74.32426023482894 0.000277403565629179
74.68258295420189 0.0002762872534938503
75.04090567357484 0.00028493867254264765
75.39922839294779 0.00026903122461420314
75.75755111232075 0.000267635834445053
76.1158738316937 0.0002656822882082278
76.47419655106665 0.0002846595945088155
76.8325192704396 0.00029163654535461976
77.19084198981255 0.00028689221877947285
77.5491647091855 0.00030921846148604664
77.90748742855845 0.00030977661755371096
78.2658101479314 0.00031480002216267757
78.62413286730437 0.000295264559794438
78.98245558667732 0.0003036369008094032
79.34077830605027 0.00030196243260641013
79.69910102542322 0.00032317236317765526
80.05742374479617 0.0003170326464333474
80.41574646416912 0.00034187059144441073
80.77406918354207 0.0003362890307677673
81.13239190291502 0.0003223351290761587
81.49071462228797 0.0003323819382941037
81.84903734166093 0.0003346145625647743
82.20736006103388 0.00037089470696295663
82.56568278040683 0.0003653131462863132
82.92400549977978 0.0003831741404515722
83.28232821915273 0.0004043840710228173
83.64065093852568 0.0003873603109590548
83.99897365789863 0.0003923837155680339
84.35729637727158 0.0003773135017410816
84.71561909664455 0.0003873603109590548
85.0739418160175 0.0003940581837710269
85.43226453539044 0.0003968489641093486
85.7905872547634 0.00039182555950036953
86.14890997413634 0.00039991882248150253
86.5072326935093 0.00040326775888748856
86.86555541288224 0.0004342454206428597
87.2238781322552 0.0004308964842368736
87.58220085162814 0.00045071102463893994
87.94052357100111 0.0004507110246389579
88.29884629037406 0.00043871066918417447
88.65716900974701 0.00045740889745093
89.01549172911996 0.0004615950679584125
89.37381444849291 0.00044708301019913963
89.73213716786586 0.0004925727297137836
90.09045988723881 0.0004685720188042168
90.44878260661176 0.0004998287585934002
90.80710532598472 0.0005333181226532808
91.16542804535767 0.0005162943625895182
91.52375076473062 0.0005447603220403998
91.88207348410357 0.0005391787613637563
92.24039620347652 0.0005313645764164556
92.59871892284947 0.0006005759288068343
92.95704164222242 0.000585505714979897
93.31536436159537 0.0005994596166715055
93.67368708096832 0.0006522053650657602
94.03200980034129 0.0006273674200547227
94.39033251971424 0.0006647638765882338
94.74865523908719 0.0006675546569265556
95.10697795846013 0.0006441121020846531
95.46530067783308 0.0006932298360391154
95.82362339720603 0.000673136217603199
96.18194611657898 0.0006976950845804301
96.54026883595193 0.0007297890584711009
96.8985915553249 0.0007258819659974794
97.25691427469785 0.0007819766507977461
97.6152369940708 0.0008073727518764737
97.97355971344375 0.000802907503335159
98.3318824328167 0.0008442110523423204
98.69020515218965 0.0008444901303761526
99.0485278715626 0.0008704443875225446
99.40685059093555 0.0008631883586429081
99.7651733103085 0.0008849564452817824
100.12349602968146 0.0009904479420703785
100.48181874905441 0.0009692380114991334
100.84014146842736 0.001017239433318267
101.19846418780031 0.0010328678032128689
101.55678690717326 0.0010295188668068827
101.91510962654621 0.001077520288626016
102.27343234591916 0.0010811483030658345
102.63175506529211 0.0010766830545244769
102.99007778466508 0.0011704532738921294
103.34840050403803 0.0011562202941666887
103.70672322341098 0.0012098032766624657
104.06504594278393 0.0013233880364321598
104.42336866215688 0.0012940848428797816
104.78169138152982 0.0013750174726911116
105.14001410090277 0.0013814362674692516
105.49833682027572 0.0014059951344464828
105.85665953964867 0.001550278477937654
106.21498225902164 0.0015790235154224295
106.57330497839459 0.0016130710355499542
106.93162769776754 0.001760145159379509
107.28995041714049 0.0017196788444738442
107.64827313651344 0.0018754043873521961
108.00659585588639 0.001915870702257861
108.36491857525934 0.001947964676148561
108.72324129463229 0.002140807597526507
109.08156401400525 0.0021664827766391514
109.4398867333782 0.002250206186788803
109.79820945275115 0.002473747691888373
110.1565321721241 0.0024765384722266947
110.51485489149705 0.002624449830157746
110.87317761087 0.0027076150842397333
111.23150033024295 0.002798594523269021
111.5898230496159 0.0030542300022592906
111.94814576898885 0.0030746026987289172
112.30646848836182 0.00331237718355405
112.66479120773477 0.00356801266254432
113.02311392710772 0.003595362309859872
113.38143664648067 0.004325430446364835
113.73975936585362 0.004500691451611439
114.09808208522657 0.004722558488508015
114.45640480459952 0.005674772739943386
114.81472752397246 0.005750681965145508
115.17305024334543 0.006745316077723599
115.53137296271838 0.00769390231471915
115.88969568209133 0.007848790623496006
116.24801840146428 0.009861222325459799
116.60634112083723 0.010315840442572407
116.96466384021018 0.011011581980916013
117.32298655958313 0.013096015815608505
117.68130927895608 0.013237229300727585
118.03963199832903 0.014741180825048574
118.39795471770199 0.01621610823385219
118.75627743707494 0.01619601461541627
119.11460015644789 0.017860436009191346
119.47292287582084 0.018312821502033297
119.83124559519379 0.018488640663347565
120.18956831456674 0.018888001329761404
120.54789103393969 0.019207824756533074
120.90621375331264 0.019306897458543495
121.26453647268559 0.01987007693081603
121.62285919205856 0.01985249501468539
121.9811819114315 0.01958513825827417
122.33950463080446 0.01947992583951944
122.6978273501774 0.019470437186369146
123.05615006955036 0.019051820135620887
123.4144727889233 0.01894270062439251
123.77279550829626 0.018749857703014478
124.1311182276692 0.01862399350975543
124.48944094704217 0.018622319041553176
124.84776366641512 0.018426406261802992
125.20608638578807 0.018277657669770443
125.56440910516102 0.017947787433780817
125.92273182453397 0.01715436858359595
126.28105454390692 0.017312047672711127
126.63937726327987 0.016954548711372114
126.99769998265282 0.017030457936574466
127.35602270202577 0.01683677778109427
127.71434542139873 0.016128477731228247
128.0726681407717 0.01600317169403824
128.43099086014465 0.015813956787100028
128.7893135795176 0.015569484429463046
129.14763629889055 0.015563065634684905
129.5059590182635 0.01520919468778571
129.86428173763645 0.01494686133598347
130.2226044570094 0.014893557431521525
130.58092717638235 0.01447940562931458
130.9392498957553 0.014558384712889087
131.29757261512825 0.014133627945396519
131.6558953345012 0.013979576870720054
132.01421805387417 0.01390366764551881
132.37254077324712 0.013474445629484931
132.73086349262007 0.01318783248873929
133.08918621199302 0.013156575748950086
133.44750893136597 0.012687724652112037
133.80583165073892 0.012783448417716472
134.16415437011187 0.012597303369150414
134.52247708948482 0.0123204579595889
134.88079980885777 0.012305108667728128
135.23912252823072 0.011814210406217338
135.59744524760367 0.011810861469811352
135.95576796697662 0.01172434727932338
136.31409068634957 0.011136329862038993
136.67241340572252 0.011093351844828838
137.03073612509547 0.010954370983980418
137.38905884446842 0.01072078266966289
137.74738156384137 0.010740039053997308
138.10570428321432 0.010306351789421296
138.4640270025873 0.010145044685867117
138.82234972196025 0.01009508971781116
139.1806724413332 0.009948294672015436
139.53899516070615 0.009711915577359587
139.8973178800791 0.009500932583782465
140.25564059945205 0.009325392500502029
140.613963318825 0.009380649951200798
140.97228603819795 0.008868820837152595
141.3306087575709 0.008968730773264513
141.68893147694385 0.00884258750197237
142.0472541963168 0.008721188557255375
142.40557691568975 0.008629930040192257
142.7638996350627 0.00841336548593849
143.12222235443565 0.008339967963040628
143.4805450738086 0.008247872211876013
143.83886779318155 0.00795567751045373
144.1971905125545 0.007942002686795322
144.55551323192748 0.007769253383853838
144.91383595130043 0.00750496648581477
145.27215867067338 0.007541525708246785
145.63048139004633 0.0071896083075844155
145.98880410941928 0.0071156526286188905
146.34712682879223 0.007071279221239575
146.70544954816518 0.006921972473139362
147.06377226753813 0.006847737716140005
147.42209498691108 0.006704291606750269
147.78041770628403 0.006435539460169887
148.13874042565698 0.006378049385200459
148.49706314502993 0.006071621704052735
148.85538586440288 0.006009945458575825
149.21370858377583 0.005980642265023447
149.57203130314878 0.005706866713834086
149.93035402252173 0.005767426647175667
150.28867674189468 0.005655516355608518
150.64699946126765 0.005532722020722811
151.0053221806406 0.005440626269558194
151.36364490001355 0.005232434056319394
151.7219676193865 0.005162943625895183
152.08029033875945 0.005164897172132008
152.4386130581324 0.004962007441536019
152.79693577750535 0.004917913112190535
153.1552584968783 0.004806281898657667
153.51358121625125 0.004711116289120896
153.8719039356242 0.0047125116792900565
154.23022665499715 0.004571856350238642
154.5885493743701 0.004555669824276376
154.94687209374305 0.0045738098964754675
155.305194813116 0.0042966854088801205
155.66351753248895 0.004361989668796849
156.0218402518619 0.004218543559407113
156.38016297123485 0.0040510967391074884
156.73848569060783 0.004018723687183277
157.09680840998078 0.0038568584275606175
157.45513112935373 0.003957884675807864
157.81345384872668 0.0038627190662710933
158.17177656809963 0.003683550968550839
158.53009928747258 0.003614618694194292
158.88842200684553 0.003623549191276922
159.24674472621848 0.0036093162115514808
159.60506744559143 0.003553500604785047
159.96339016496438 0.003379076833639939
160.32171288433733 0.0034039147786510023
160.68003560371028 0.0033349825042944562
161.03835832308323 0.003285864770339993
161.39668104245618 0.003301493140234595
161.75500376182913 0.0031022314240784243
162.11332648120208 0.0031262321349879913
162.47164920057503 0.00309469631716471
162.829971919948 0.00301041475094764
163.18829463932096 0.0029972980833575277
163.5466173586939 0.002954599144181205
163.90494007806686 0.0028786899189788546
164.2632627974398 0.0028396189942423507
164.62158551681276 0.0028184090636711053
164.9799082361857 0.002823990624347749
165.33823095555866 0.002802780693776504
165.6965536749316 0.002753383881788209
166.05487639430456 0.002731894873183132
166.4131991136775 0.0027006381333939287
166.77152183305046 0.0027073360062059007
167.1298445524234 0.0027207317518298454
167.48816727179636 0.0026414735902215085
167.8464899911693 0.0026138448648721233
168.20481271054226 0.0026590555063529353
168.5631354299152 0.0025627735846806324
168.92145814928818 0.002591797700199382
169.27978086866113 0.0025820299690152556
169.63810358803408 0.0025549593997335348
169.99642630740703 0.00257226223783113
170.35474902677998 0.0025948675585715356
170.71307174615293 0.0025714250037296334
171.07139446552588 0.0025814718129475913
171.42971718489883 0.0025585874141733534
171.78803990427178 0.002575611174237116
172.14636262364473 0.002565006208951493
172.50468534301768 0.0026007281972820115
172.86300806239063 0.002613007630770627
173.22133078176358 0.002520353723538346
173.57965350113653 0.0026305895469020536
173.93797622050948 0.0025993328071128503
174.29629893988243 0.0026548693358454524
174.65462165925538 0.002664357988995535
175.01294437862836 0.002686963309736152
175.3712670980013 0.0026699395496723897
175.72958981737426 0.0027084523183412298
176.0879125367472 0.002668544159503229
176.44623525612016 0.002755058349991202
176.8045579754931 0.002791338494389385
177.16288069486606 0.0027960828209645317
177.521203414239 0.002841851618513008
177.87952613361196 0.002784082465509748
178.2378488529849 0.0028686431097608963
178.59617157235786 0.002879527153080351
178.9544942917308 0.0029015743177530926
179.31281701110376 0.0029230633263581697
179.6711397304767 0.002950971129741387
180.02946244984966 0.0029956236151545343
180.3877851692226 0.0029629714851961706
180.74610788859556 0.0030249268087066726
181.10443060796854 0.003049764753717976
181.4627533273415 0.0030718119183907175
181.82107604671444 0.0030916264587928016
182.1793987660874 0.003165023981690663
182.53772148546034 0.0031256739789203266
182.8960442048333 0.003150232845897558
183.25436692420624 0.003195722565412202
183.6126896435792 0.0032548871085846223
183.97101236295214 0.003284190302137
184.3293350823251 0.0032914463310166372
184.68765780169804 0.0032777715073588603
185.045980521071 0.003309028247148064
185.40430324044394 0.003270794556513056
185.7626259598169 0.0033827048480797573
186.12094867918984 0.0033997286081435193
186.4792713985628 0.0033894027208917293
186.83759411793574 0.0034390786109135835
187.19591683730872 0.0034223339288839256
187.55423955668167 0.0034720098189060526
187.91256227605462 0.003504661948864417
188.27088499542756 0.003459451307383605
188.62920771480051 0.0034904289691389755
188.98753043417346 0.0034946151396464584
189.34585315354641 0.003545686419837746
189.70417587291936 0.003599269402333523
190.06249859229231 0.003577501315694613
190.42082131166526 0.003574989613390124
190.77914403103821 0.003665131818317915
191.13746675041116 0.003617967630600278
191.4957894697841 0.0036229910352092573
191.85411218915706 0.003677132173772699
192.21243490853 0.003607362665314656
192.57075762790296 0.003672946003265216
192.9290803472759 0.003702807352884965
193.2874030666489 0.003667364442588573
193.64572578602184 0.0036863417488891604
194.0040485053948 0.0037661580665651613
194.36237122476774 0.0037237382054226714
194.7206939441407 0.0037388084192496083
195.07901666351364 0.0037385293412157765
195.4373393828866 0.003770344237072644
195.79566210225954 0.0037949031040498756
196.1539848216325 0.0038180665808579457
196.51230754100544 0.0038320204825495544
196.8706302603784 0.003902627225109094
197.22895297975134 0.0038147176444519597
197.5872756991243 0.0038484860865456525
197.94559841849724 0.0038479279304779877
198.3039211378702 0.003902627225109094
198.66224385724314 0.0039054180054474154
199.0205665766161 0.003886440699146519
199.37888929598907 0.0038334158727187156
199.73721201536202 0.0039056970834812476
200.09553473473497 0.0038856034650453317
200.45385745410792 0.003914348502530045
200.81218017348087 0.003941139993777934
201.17050289285382 0.003938628291473444
201.52882561222677 0.003937232901304283
201.88714833159972 0.003939186447541108
202.24547105097267 0.0039140694244962125
202.60379377034562 0.0039564892856387025
202.96211648971857 0.003998909146781193
203.32043920909152 0.003928302404221653
203.67876192846447 0.003957326519740199
204.03708464783742 0.004008676877965319
204.39540736721037 0.004003374395322508
204.75373008658332 0.004074818371983544
205.11205280595627 0.004043840710227852
205.47037552532925 0.004107191423908076
205.8286982447022 0.004114447452787712
206.18702096407515 0.00411026128228023
206.5453436834481 0.004086260571370663
206.90366640282105 0.004107470501941908
207.261989122194 0.00415016944111823
207.62031184156695 0.004086260571370663
207.9786345609399 0.004208496750189155
208.33695728031284 0.004171658449723307
208.6952799996858 0.004154355611625713
209.05360271905874 0.004161611640505349
209.4119254384317 0.004259009874312778
209.77024815780464 0.004227474056489743
210.1285708771776 0.004255660937906792
210.48689359655054 0.00417584462023079
210.8452163159235 0.0043257095243986665
211.20353903529644 0.004296406330845947
211.56186175466942 0.004335756333616624
211.92018447404237 0.0043139882469777156
212.27850719341532 0.004308406686301071
212.63682991278827 0.004387664847909409
212.99515263216122 0.004374269102285465
213.35347535153417 0.004376501726556122
213.71179807090712 0.00431343009091005
214.07012079028007 0.004407758466345325
214.42844350965302 0.004457713434401284
214.78676622902597 0.00440831662241299
215.14508894839892 0.004473620882329718
215.50341166777187 0.004507110246389578
215.86173438714482 0.004517994289709033
216.22005710651777 0.004568228335798824
216.57837982589072 0.004525250318588669
216.93670254526367 0.004612322665144307
217.29502526463662 0.004563204931189483
217.6533479840096 0.004555948902310208
218.01167070338255 0.00458943826637007
218.3699934227555 0.004679859549331693
218.72831614212845 0.004622648552396098
219.0866388615014 0.0046382769222907
219.44496158087435 0.004717256005865204
219.8032843002473 0.004740419482673274
220.16160701962025 0.004738745014470281
220.5199297389932 0.004758280476838533
220.87825245836615 0.0047125116792900565
221.2365751777391 0.004785909202187918
221.59489789711205 0.004839771262717527
221.953220616485 0.004819398566247779
222.31154333585795 0.004829724453499569
222.6698660552309 0.004871307080540563
223.02818877460385 0.00482470104889059
223.3865114939768 0.004924890063035949
223.74483421334978 0.004975124109126131
224.10315693272273 0.0049564258808593754
224.46147965209568 0.004990194322953069
224.81980237146863 0.00500331099054318
225.17812509084158 0.00502898616965574
225.53644781021453 0.004968147158280326
225.89477052958748 0.004997171273798872
226.25309324896043 0.005119407452617364
226.61141596833338 0.00513559397857963
226.96973868770633 0.005154571284880218
227.32806140707928 0.005092336883335644
227.68638412645223 0.00514843156813591
228.04470684582517 0.005161548235726022
228.40302956519812 0.0051746649033161335
228.76135228457107 0.005270946824988233
229.11967500394402 0.005246667036044834
229.47799772331697 0.005256434767228543
229.83632044268995 0.005228806041879575
230.1946431620629 0.005308343281521744
230.55296588143585 0.005311413139893899
230.9112886008088 0.00533094860226215
231.26961132018175 0.005342948957716934
231.6279340395547 0.005427230523934249
231.98625675892765 0.005403229813024682
232.3445794783006 0.005384810662791759
232.70290219767355 0.005398206408415703
233.0612249170465 0.005444812440065677
233.41954763641945 0.005500907124865942
233.7778703557924 0.005532163864655147
234.13619307516535 0.005424160665562096
234.4945157945383 0.005481929818565355
234.85283851391125 0.0055863050032185875
235.2111612332842 0.005536350035162629
235.56948395265715 0.005545280532245259
235.9278066720301 0.005543606064041825
236.28612939140308 0.005520442587234195
236.64445211077603 0.0055530947171925586
237.00277483014898 0.005619794367278448
237.36109754952193 0.005627050396158085
237.71942026889488 0.005598305358673371
238.07774298826783 0.005630120254530239
238.43606570764078 0.005608910323958994
238.79438842701373 0.005596072734402714
239.15271114638668 0.0056957035924807995
239.51103386575963 0.005581002520575777
239.86935658513258 0.005642399688018854
240.22767930450553 0.005545001454211426
240.58600202387848 0.005672819193706561
240.94432474325143 0.005597189046538042
241.30264746262438 0.005529652162350657
241.66097018199733 0.0055265823039785025
242.01929290137028 0.005534675566959197
242.37761562074326 0.00550816315374558
242.7359383401162 0.005404346125160012
243.09426105948916 0.005475231945753383
243.4525837788621 0.005466022370636921
243.81090649823506 0.005393183003806724
244.169229217608 0.005342111723615438
244.52755193698096 0.005307226969386416
244.8858746563539 0.0053197854809088636
245.24419737572686 0.0052949475358978005
245.6025200950998 0.005257830157398121
245.96084281447276 0.00525252767475531
246.3191655338457 0.005140059227120945
246.67748825321866 0.005099871990249112
247.0358109725916 0.005090383337098818
247.39413369196456 0.005038474822806034
247.7524564113375 0.005088708868895825
248.11077913071045 0.00497958935766705
248.46910185008343 0.004930471623712984
248.82742456945638 0.00485679502278129
249.18574728882933 0.004864330129694759
249.54407000820228 0.004890842542908815
249.90239272757523 0.0047638620375151765
250.26071544694818 0.004799304947811863
250.61903816632113 0.004708325508782574
250.97736088569408 0.004701069479902938
251.33568360506703 0.004565995711528166
251.69400632443998 0.004482830457446179
252.05232904381293 0.004445713078946501
252.41065176318588 0.004447108469115661
252.76897448255883 0.004397153501059702
253.12729720193178 0.004327104914567828
253.48561992130473 0.004237799943741532
253.84394264067768 0.004221613417779267
254.20226536005063 0.004146820504711915
254.5605880794236 0.004095191068453292
254.91891079879656 0.004037980071517697
255.2772335181695 0.0040044907074578365
255.63555623754246 0.003909325097921066
255.9938789569154 0.003907929707751905
256.35220167628836 0.0038856034650453317
256.7105243956613 0.0038256016877714146
257.06884711503426 0.0037167612545768672
257.4271698344072 0.0037008538066484334
257.78549255378016 0.003678248485908027
258.1438152731531 0.003582524720303593
258.50213799252606 0.003536197766687452
258.860460711899 0.003495452373747955
259.21878343127196 0.0034340552063048765
259.5771061506449 0.003384100238248918
259.93542887001786 0.0033079119350127354
260.2937515893908 0.0033213076806366793
260.65207430876376 0.0032663293079717415
261.0103970281367 0.003156372562641866
261.36871974750966 0.003184559444058915
261.7270424668826 0.0030232523405039195
262.08536518625556 0.0030472530514134865
262.4436879056285 0.0030151590775227867
262.80201062500146 0.0029467849592339046
263.1603333443744 0.0028692012658281057
263.5186560637474 0.0028253860145169094
263.87697878312036 0.0027634306910061675
264.2353015024933 0.0027076150842397333
264.59362422186626 0.002685288841533159
264.9519469412392 0.0026096586943646404
265.31026966061216 0.002558029258105689
265.6685923799851 0.0025530058534967096
266.02691509935806 0.0024913296080198
266.385237818731 0.002447793434741981
266.74356053810396 0.002378023926283938
267.1018832574769 0.0023607210881863433
267.46020597684986 0.0023121615102995453
267.8185286962228 0.002232345192623544
268.17685141559576 0.002217274978796607
268.5351741349687 0.0021352260368499485
268.89349685434166 0.002123225681395165
269.2518195737146 0.0021168068866170247
269.61014229308756 0.0020364324128733595
269.9684650124605 0.0019700118408213026
270.32678773183346 0.0019404295692350922
270.6851104512064 0.0018673111243710631
271.04343317057936 0.001851403676442629
271.4017558899523 0.0018366125406495241
271.76007860932526 0.0017643313298869915
272.1184013286982 0.001759587003311845
272.47672404807116 0.00166777033018106
272.8350467674441 0.0016764217492298576
273.19336948681706 0.0016088848650424718
273.55169220619 0.0015793025934562617
273.91001492556296 0.0015271150011296453
274.2683376449359 0.0014763227989721902
274.62666036430886 0.00144032173260784
274.9849830836818 0.0014562291805362737
275.34330580305476 0.001388413218315056
275.7016285224277 0.0013928784668561496
276.0599512418007 0.0013616217270671675
276.41827396117367 0.0012471997331959769
276.7765966805466 0.0012684096637672218
277.13491939991957 0.0012558511522447742
277.4932421192925 0.0012276642708277249
277.85156483866547 0.0011696160397906329
278.2098875580384 0.0011671043374861434
278.56821027741137 0.001117707525497849
278.9265329967843 0.0010953812827912753
279.28485571615727 0.001072217805983205
279.6431784355302 0.0010253326962994
280.00150115490317 0.0009770521964464342
280.3598238742761 0.0009717497138036229
280.71814659364907 0.0009410511300820841
281.076469313022 0.0009089571561913843
281.43479203239497 0.0008952823325336079
281.7931147517679 0.0008665372950488942
282.15143747114087 0.0008188149512635928
282.5097601905138 0.0008280245263800546
282.86808290988677 0.0007811394166962496
283.2264056292597 0.0007504408329747106
283.58472834863267 0.0007323007607756194
283.9430510680056 0.0007574177838205149
284.30137378737857 0.0007239284197606543
284.6596965067515 0.0006647638765882338
285.01801922612447 0.0006284837321900514
285.3763419454974 0.0006332280587651983
285.73466466487037 0.0005980642265023447
286.0929873842433 0.0005785287641340926
286.45131010361627 0.00057434259362661
286.8096328229892 0.0005274574839428052
287.16795554236217 0.0005372252151269313
287.5262782617351 0.0005291319521457981
287.88460098110806 0.0004914564175783771
288.2429237004811 0.0004780606719545107
288.601246419854 0.00047443265751469243
288.95956913922697 0.0004334081865413632
289.3178918585999 0.00042671031372939106
289.67621457797287 0.0004052213051243138
290.0345372973458 0.00040382591495515295
290.39286001671877 0.00038847662309438345
290.7511827360917 0.00037145286303062096
291.10950545546467 0.0003574989613390124
291.4678281748376 0.0003555454151021872
291.82615089421057 0.0003175908025010118
292.1844736135835 0.00032010250480550133
292.54279633295647 0.0003170326464333474
292.9011190523294 0.0003027996667079067
293.25944177170237 0.00027879895579833986
293.6177644910753 0.000277403565629179
293.97608721044827 0.0002651241321405634
294.3344099298212 0.0002648450541067313
294.69273264919417 0.00024586774780614354
295.0510553685671 0.00025396101078727654
295.40937808794007 0.0002358209385881854
295.767700807313 0.00021098299357712207
296.12602352668597 0.00023219292414836714
296.4843462460589 0.00020707590110347163
296.84266896543187 0.0002017734184606604
297.2009916848048 0.00019172660924270219
297.55931440417777 0.0001797262537879188
297.9176371235507 0.00018809859480288396
298.27595984292367 0.00017219114687445013
298.6342825622966 0.0001666095861978067
298.99260528166957 0.0001596326353520024
299.3509280010425 0.00015321384057386244
299.70925072041547 0.0001445624215250651
300.0675734397884 0.00014428334349121004
300.4258961591614 0.0001325620660702817
300.7842188785344 0.00013395745623944258
301.1425415979073 0.00012614327129214175
301.5008643172803 0.00011749185224334442
301.8591870366532 0.00012558511522447742
302.2175097560262 0.0001127475256681975
302.5758324753991 0.00010911951122837927
302.9341551947721 9.963085807808541e-05
303.292477914145 9.76773118412602e-05
303.650800633518 9.516560953677065e-05
304.0091233528909 8.623511245414115e-05
304.3674460722639 8.5956034420309e-05
304.7257687916368 7.953723964216903e-05
305.0840915110098 7.228121076253256e-05
305.4424142303827 6.781596222121781e-05
305.8007369497557 6.251347957840653e-05
306.1590596691286 6.753688418738563e-05
306.5173823885016 6.307163564607087e-05
306.8757051078745 5.469929463110571e-05
307.2340278272475 5.330390446194486e-05
307.5923505466204 5.88854651385883e-05
307.9506732659934 5.1908514292784004e-05
308.3089959853663 5.051312412362314e-05
308.6673187047393 4.5489719514644043e-05
309.0256414241122 4.214078310865798e-05
309.3839641434852 4.381525131165101e-05
309.7422868628581 4.9675890022126624e-05
310.1006095822311 4.018723687183277e-05
310.458932301604 3.5442910296685846e-05
310.817255020977 3.3489364059860645e-05
311.1755777403499 3.572198833051802e-05
311.5339004597229 3.321028602602847e-05
311.8922231790958 3.069858372153893e-05
312.2505458984688 2.7907803383212775e-05
312.6088686178418 2.6791491247888513e-05
312.96719133721473 2.1768086638909418e-05
313.3255140565877 2.5954257146392002e-05
313.68383677596063 2.4837945011063312e-05
314.0421594953336 1.9814540402084213e-05
314.4004822147065 1.89773063005877e-05
314.7588049340795 2.2884398774238108e-05
315.1171276534524 1.9535462368252042e-05
315.4754503728254 1.8419150232923355e-05
315.8337730921983 1.8419150232923355e-05
316.1920958115713 2.232624270657376e-05
316.5504185309442 1.5070213826937291e-05
316.9087412503172 1.3674823657776428e-05
317.2670639696901 1.4512057759272946e-05
317.6253866890631 1.0325887251790366e-05
317.983709408436 1.4232979725440773e-05
318.342032127809 1.3953901691608601e-05
318.7003548471819 1.3116667590112087e-05
319.0586775665549 1.116312135328688e-05
319.4170002859278 1.1721277420951225e-05
319.7753230053008 1.1442199387119054e-05
320.1336457246737 1.1721277420951225e-05
320.4919684440467 7.535106913468646e-06
320.8502911634196 8.09326298113299e-06
321.2086138827926 7.814184947300816e-06
321.5669366021655 7.256028879636473e-06
321.9252593215385 5.860638710475613e-06
322.2835820409114 3.348936405986064e-06
322.6419047602844 4.744326575146925e-06
323.0002274796573 6.697872811972128e-06
323.3585501990303 5.58156067664344e-06
323.7168729184032 4.186170507482581e-06
324.0751956377762 5.302482642811269e-06
324.4335183571491 5.3024826428104276e-06
324.79184107652213 4.186170507482581e-06
325.1501637958951 3.6280144398182366e-06
325.50848651526803 5.023404608979096e-06
325.866809234641 3.0698583721538926e-06
326.22513195401393 2.79078033832172e-06
326.5834546733869 3.348936405986064e-06
326.94177739275983 2.79078033832172e-06
327.3001001121328 2.79078033832172e-06
327.65842283150573 2.79078033832172e-06
328.0167455508787 2.511702304489548e-06
328.37506827025163 1.39539016916086e-06
328.7333909896246 1.953546236825204e-06
329.09171370899753 1.116312135328688e-06
329.4500364283705 1.39539016916086e-06
329.80835914774343 5.58156067664344e-07
330.1666818671164 2.79078033832172e-07
330.52500458648933 1.39539016916086e-06
330.8833273058623 1.953546236825204e-06
331.24165002523523 1.953546236825204e-06
331.5999727446082 1.116312135328688e-06
331.95829546398113 8.37234101496516e-07
332.3166181833541 8.37234101496516e-07
332.67494090272703 2.79078033832172e-07
333.0332636221 8.37234101496516e-07
333.39158634147293 5.58156067664344e-07
333.7499090608459 2.79078033832172e-07
334.10823178021883 1.39539016916086e-06
334.4665544995918 2.79078033832172e-07
334.82487721896473 2.79078033832172e-07
335.1831999383377 1.116312135328688e-06
335.54152265771063 1.39539016916086e-06
335.8998453770836 5.58156067664344e-07
336.25816809645653 2.79078033832172e-07
336.6164908158295 2.7907803383212775e-07
336.9748135352025 5.58156067664344e-07
337.33313625457544 1.116312135328688e-06
337.6914589739484 2.79078033832172e-07
338.04978169332134 2.79078033832172e-07
338.4081044126943 2.79078033832172e-07
338.76642713206724 2.79078033832172e-07
339.1247498514402 5.58156067664344e-07
339.48307257081314 2.79078033832172e-07
339.8413952901861 0.0
340.19971800955904 2.79078033832172e-07
340.558040728932 0.0
340.91636344830493 2.79078033832172e-07
341.2746861676779 2.79078033832172e-07
341.63300888705083 0.0
341.9913316064238 0.0
342.34965432579673 2.79078033832172e-07
342.7079770451697 0.0
343.06629976454263 0.0
343.4246224839156 0.0
343.78294520328853 5.58156067664344e-07
344.1412679226615 0.0
344.49959064203443 0.0
344.8579133614074 2.79078033832172e-07
345.21623608078033 0.0
345.5745588001533 0.0
345.93288151952623 0.0
346.2912042388992 0.0
346.64952695827213 0.0
347.0078496776451 0.0
347.36617239701803 0.0
347.724495116391 0.0
348.08281783576393 0.0
348.4411405551369 0.0
348.79946327450983 0.0
349.15778599388284 0.0
349.5161087132558 0.0
349.87443143262874 0.0
350.2327541520017 0.0
350.59107687137464 0.0
350.9493995907476 0.0
351.30772231012054 0.0
351.6660450294935 0.0
352.02436774886644 0.0
352.3826904682394 0.0
352.74101318761234 0.0
353.0993359069853 0.0
353.45765862635824 0.0
353.8159813457312 0.0
354.17430406510414 0.0
354.5326267844771 0.0
354.89094950385004 0.0
355.249272223223 0.0
355.60759494259594 0.0
355.9659176619689 0.0
356.32424038134184 0.0
356.6825631007148 0.0
357.04088582008774 0.0
357.3992085394607 0.0
357.75753125883364 0.0
358.1158539782066 0.0
358.47417669757954 0.0
358.8324994169525 2.79078033832172e-07
