0.5698103201747281 11.0
0.7959656039104068 15.0
1.0221208876460854 14.0
1.248276171381764 16.0
1.474431455117443 20.0
1.7005867388531217 4.0
1.9267420225888001 4.0
2.152897306324479 5.0
2.379052590060158 5.0
2.605207873795836 8.0
2.831363157531515 4.0
3.057518441267194 4.0
3.2836737250028722 4.0
3.509829008738551 4.0
3.73598429247423 5.0
3.9621395762099083 13.0
4.188294859945588 11.0
4.414450143681266 16.0
4.640605427416944 9.0
4.866760711152623 15.0
5.092915994888302 13.0
5.319071278623981 3.0
5.54522656235966 9.0
5.771381846095338 9.0
5.9975371298310165 9.0
6.223692413566695 3.0
6.449847697302374 1.0
6.676002981038053 1.0
6.902158264773732 2.0
7.12831354850941 4.0
7.354468832245089 1.0
7.5806241159807675 0.0
7.806779399716446 0.0
8.032934683452126 0.0
8.259089967187805 0.0
8.485245250923484 0.0
8.71140053465916 7.0
8.93755581839484 2.0
9.163711102130518 3.0
9.389866385866197 2.0
9.616021669601876 4.0
9.842176953337555 6.0
10.068332237073234 3.0
10.294487520808913 4.0
10.520642804544591 2.0
10.746798088280269 1.0
10.972953372015947 0.0
11.199108655751626 0.0
11.425263939487305 0.0
11.651419223222984 0.0
11.877574506958663 1.0
12.103729790694342 3.0
12.32988507443002 2.0
12.5560403581657 1.0
12.782195641901378 0.0
13.008350925637057 5.0
13.234506209372736 2.0
13.460661493108415 2.0
13.686816776844092 4.0
13.91297206057977 5.0
14.13912734431545 4.0
14.365282628051128 4.0
14.591437911786807 2.0
14.817593195522486 4.0
15.043748479258165 4.0
15.269903762993843 4.0
15.496059046729522 2.0
15.722214330465201 3.0
15.94836961420088 0.0
16.17452489793656 3.0
16.40068018167224 0.0
16.626835465407915 2.0
16.852990749143594 5.0
17.079146032879272 3.0
17.30530131661495 2.0
17.53145660035063 3.0
17.75761188408631 2.0
17.983767167821988 0.0
18.209922451557667 2.0
18.436077735293345 0.0
18.662233019029024 3.0
18.888388302764703 2.0
19.114543586500382 3.0
19.34069887023606 5.0
19.56685415397174 7.0
19.79300943770742 4.0
20.019164721443097 3.0
20.245320005178776 1.0
20.471475288914455 2.0
20.697630572650134 5.0
20.92378585638581 7.0
21.149941140121488 3.0
21.376096423857167 5.0
21.602251707592846 6.0
21.828406991328524 6.0
22.054562275064203 7.0
22.280717558799882 12.0
22.50687284253556 6.0
22.73302812627124 9.0
22.95918341000692 6.0
23.185338693742597 14.0
23.411493977478276 25.0
23.637649261213955 23.0
23.863804544949634 20.0
24.089959828685313 20.0
24.31611511242099 18.0
24.54227039615667 28.0
24.76842567989235 30.0
24.994580963628028 25.0
25.220736247363707 20.0
25.446891531099386 38.0
25.673046814835065 42.0
25.899202098570743 50.0
26.125357382306422 46.0
26.3515126660421 47.0
26.57766794977778 34.0
26.803823233513455 56.0
27.029978517249134 39.0
27.256133800984813 71.0
27.48228908472049 49.0
27.70844436845617 58.0
27.93459965219185 90.0
28.160754935927528 100.0
28.386910219663207 81.0
28.613065503398886 107.0
28.839220787134565 93.0
29.065376070870244 139.0
29.291531354605922 194.0
29.5176866383416 172.0
29.74384192207728 175.0
29.96999720581296 186.0
30.196152489548638 195.0
30.422307773284317 197.0
30.648463057019995 197.0
30.874618340755674 207.0
31.100773624491353 217.0
31.326928908227032 242.0
31.55308419196271 234.0
31.77923947569839 232.0
32.00539475943407 197.0
32.23155004316975 273.0
32.457705326905426 254.0
32.683860610641105 269.0
32.910015894376784 261.0
33.13617117811246 267.0
33.36232646184814 257.0
33.58848174558382 248.0
33.8146370293195 296.0
34.04079231305518 272.0
34.26694759679086 270.0
34.493102880526536 319.0
34.719258164262214 297.0
34.94541344799789 304.0
35.17156873173357 341.0
35.39772401546925 313.0
35.62387929920493 323.0
35.85003458294061 303.0
36.07618986667629 345.0
36.302345150411966 332.0
36.528500434147645 330.0
36.754655717883324 329.0
36.980811001619 328.0
37.20696628535468 340.0
37.43312156909036 346.0
37.65927685282604 353.0
37.88543213656172 327.0
38.1115874202974 407.0
38.337742704033076 391.0
38.563897987768755 397.0
38.79005327150443 396.0
39.01620855524011 361.0
39.24236383897579 415.0
39.46851912271147 388.0
39.69467440644715 414.0
39.92082969018283 408.0
40.14698497391851 387.0
40.373140257654185 346.0
40.599295541389864 361.0
40.82545082512554 362.0
41.05160610886122 373.0
41.277761392596894 374.0
41.50391667633257 358.0
41.73007196006825 341.0
41.95622724380393 325.0
42.18238252753961 343.0
42.40853781127529 348.0
42.63469309501097 358.0
42.860848378746645 366.0
43.087003662482324 362.0
43.313158946218 366.0
43.53931422995368 362.0
43.76546951368936 352.0
43.99162479742504 377.0
44.21778008116072 391.0
44.4439353648964 351.0
44.670090648632076 384.0
44.896245932367755 395.0
45.122401216103434 428.0
45.34855649983911 399.0
45.57471178357479 367.0
45.80086706731047 376.0
46.02702235104615 394.0
46.25317763478183 462.0
46.47933291851751 455.0
46.705488202253186 423.0
46.931643485988864 403.0
47.15779876972454 439.0
47.38395405346022 445.0
47.6101093371959 462.0
47.83626462093158 436.0
48.06241990466726 461.0
48.28857518840294 414.0
48.514730472138616 427.0
48.740885755874295 410.0
48.967041039609974 431.0
49.19319632334565 433.0
49.41935160708133 454.0
49.64550689081701 449.0
49.87166217455269 458.0
50.09781745828837 430.0
50.32397274202405 392.0
50.550128025759726 424.0
50.776283309495405 459.0
51.00243859323108 449.0
51.22859387696676 444.0
51.45474916070244 401.0
51.68090444443812 468.0
51.9070597281738 492.0
52.13321501190948 479.0
52.35937029564516 553.0
52.585525579380835 516.0
52.81168086311651 524.0
53.037836146852186 558.0
53.263991430587865 540.0
53.490146714323544 505.0
53.71630199805922 532.0
53.9424572817949 512.0
54.16861256553058 522.0
54.39476784926626 554.0
54.62092313300194 509.0
54.84707841673762 532.0
55.073233700473295 597.0
55.299388984208974 613.0
55.52554426794465 597.0
55.75169955168033 602.0
55.97785483541601 616.0
56.20401011915169 630.0
56.43016540288737 609.0
56.65632068662305 585.0
56.882475970358726 565.0
57.108631254094405 603.0
57.334786537830084 585.0
57.56094182156576 540.0
57.78709710530144 571.0
58.01325238903712 612.0
58.2394076727728 607.0
58.46556295650848 658.0
58.69171824024416 632.0
58.917873523979836 657.0
59.144028807715515 647.0
59.37018409145119 703.0
59.59633937518687 693.0
59.82249465892255 672.0
60.04864994265823 663.0
60.27480522639391 647.0
60.50096051012959 699.0
60.727115793865266 681.0
60.953271077600945 719.0
61.179426361336624 636.0
61.4055816450723 722.0
61.63173692880798 639.0
61.85789221254366 705.0
62.08404749627934 720.0
62.31020278001502 715.0
62.5363580637507 728.0
62.762513347486376 678.0
62.988668631222055 756.0
63.214823914957734 830.0
63.44097919869341 763.0
63.66713448242909 822.0
63.89328976616477 799.0
64.11944504990045 777.0
64.34560033363611 812.0
64.57175561737179 758.0
64.79791090110747 753.0
65.02406618484315 785.0
65.25022146857883 765.0
65.47637675231451 744.0
65.70253203605019 780.0
65.92868731978587 750.0
66.15484260352154 748.0
66.38099788725722 694.0
66.6071531709929 784.0
66.83330845472858 738.0
67.05946373846426 729.0
67.28561902219994 720.0
67.51177430593562 812.0
67.7379295896713 832.0
67.96408487340697 821.0
68.19024015714265 798.0
68.41639544087833 777.0
68.64255072461401 786.0
68.86870600834969 782.0
69.09486129208537 789.0
69.32101657582105 719.0
69.54717185955673 786.0
69.7733271432924 772.0
69.99948242702808 774.0
70.22563771076376 768.0
70.45179299449944 748.0
70.67794827823512 759.0
70.9041035619708 770.0
71.13025884570648 726.0
71.35641412944216 790.0
71.58256941317784 828.0
71.80872469691352 761.0
72.0348799806492 766.0
72.26103526438487 810.0
72.48719054812055 796.0
72.71334583185623 765.0
72.93950111559191 746.0
73.16565639932759 721.0
73.39181168306327 820.0
73.61796696679895 792.0
73.84412225053462 841.0
74.0702775342703 794.0
74.29643281800598 812.0
74.52258810174166 869.0
74.74874338547734 831.0
74.97489866921302 806.0
75.2010539529487 885.0
75.42720923668438 838.0
75.65336452042006 847.0
75.87951980415573 791.0
76.10567508789141 890.0
76.33183037162709 838.0
76.55798565536277 877.0
76.78414093909845 942.0
77.01029622283413 856.0
77.23645150656981 915.0
77.46260679030549 889.0
77.68876207404116 915.0
77.91491735777684 883.0
78.14107264151252 944.0
78.3672279252482 920.0
78.59338320898388 885.0
78.81953849271956 932.0
79.04569377645524 831.0
79.27184906019092 836.0
79.4980043439266 824.0
79.72415962766227 863.0
79.95031491139795 876.0
80.17647019513363 892.0
80.40262547886931 811.0
80.62878076260499 887.0
80.85493604634067 839.0
81.08109133007635 901.0
81.30724661381203 882.0
81.5334018975477 890.0
81.75955718128337 861.0
81.98571246501905 915.0
82.21186774875473 925.0
82.4380230324904 984.0
82.66417831622609 972.0
82.89033359996176 966.0
83.11648888369744 977.0
83.34264416743312 979.0
83.5687994511688 1043.0
83.79495473490448 990.0
84.02111001864016 997.0
84.24726530237584 1021.0
84.47342058611152 978.0
84.6995758698472 907.0
84.92573115358287 965.0
85.15188643731855 917.0
85.37804172105423 897.0
85.60419700478991 947.0
85.83035228852559 878.0
86.05650757226127 891.0
86.28266285599695 899.0
86.50881813973263 910.0
86.7349734234683 1000.0
86.96112870720398 961.0
87.18728399093966 947.0
87.41343927467534 989.0
87.63959455841102 961.0
87.8657498421467 981.0
88.09190512588238 1050.0
88.31806040961806 1074.0
88.54421569335373 1004.0
88.77037097708941 969.0
88.99652626082509 1025.0
89.22268154456077 990.0
89.44883682829645 1016.0
89.67499211203213 987.0
89.90114739576781 1012.0
90.12730267950349 964.0
90.35345796323917 913.0
90.57961324697484 951.0
90.80576853071052 910.0
91.0319238144462 951.0
91.25807909818188 909.0
91.48423438191756 919.0
91.71038966565324 905.0
91.93654494938892 902.0
92.1627002331246 932.0
92.38885551686027 948.0
92.61501080059595 992.0
92.84116608433163 989.0
93.06732136806731 993.0
93.29347665180299 1026.0
93.51963193553867 1047.0
93.74578721927435 984.0
93.97194250301003 1055.0
94.1980977867457 1069.0
94.42425307048138 1064.0
94.65040835421706 1102.0
94.87656363795274 973.0
95.10271892168842 1057.0
95.3288742054241 1108.0
95.55502948915978 1083.0
95.78118477289546 1081.0
96.00734005663114 1068.0
96.23349534036682 1126.0
96.4596506241025 1130.0
96.68580590783817 1142.0
96.91196119157385 1134.0
97.13811647530953 1091.0
97.36427175904521 1124.0
97.59042704278089 1137.0
97.81658232651657 1198.0
98.04273761025225 1176.0
98.26889289398792 1160.0
98.4950481777236 1225.0
98.72120346145928 1173.0
98.94735874519496 1241.0
99.17351402893064 1208.0
99.39966931266632 1192.0
99.625824596402 1381.0
99.85197988013768 1345.0
100.07813516387336 1319.0
100.30429044760903 1359.0
100.53044573134471 1418.0
100.75660101508039 1327.0
100.98275629881607 1343.0
101.20891158255175 1349.0
101.43506686628743 1353.0
101.66122215002311 1378.0
101.88737743375879 1303.0
102.11353271749446 1388.0
102.33968800123014 1313.0
102.56584328496582 1329.0
102.7919985687015 1416.0
103.01815385243718 1358.0
103.24430913617286 1480.0
103.47046441990854 1417.0
103.69661970364422 1410.0
103.9227749873799 1413.0
104.14893027111557 1512.0
104.37508555485125 1496.0
104.60124083858693 1486.0
104.8273961223226 1520.0
105.05355140605828 1536.0
105.27970668979395 1538.0
105.50586197352963 1539.0
105.73201725726531 1478.0
105.95817254100099 1554.0
106.18432782473667 1558.0
106.41048310847235 1584.0
106.63663839220803 1582.0
106.8627936759437 1618.0
107.08894895967939 1557.0
107.31510424341506 1563.0
107.54125952715074 1677.0
107.76741481088642 1580.0
107.9935700946221 1713.0
108.21972537835778 1641.0
108.44588066209346 1678.0
108.67203594582914 1750.0
108.89819122956482 1798.0
109.1243465133005 1735.0
109.35050179703617 1771.0
109.57665708077185 1786.0
109.80281236450753 1752.0
110.02896764824321 1814.0
110.25512293197889 1806.0
110.48127821571457 1823.0
110.70743349945025 1821.0
110.93358878318593 1916.0
111.1597440669216 1892.0
111.38589935065728 2035.0
111.61205463439296 2005.0
111.83820991812864 2092.0
112.06436520186432 2147.0
112.2905204856 2276.0
112.51667576933568 2240.0
112.74283105307136 2178.0
112.96898633680703 2138.0
113.19514162054271 2359.0
113.42129690427839 2330.0
113.64745218801407 2214.0
113.87360747174975 2299.0
114.09976275548543 2366.0
114.32591803922111 2364.0
114.55207332295679 2344.0
114.77822860669247 2353.0
115.00438389042814 2334.0
115.23053917416382 2421.0
115.4566944578995 2429.0
115.68284974163518 2515.0
115.90900502537086 2417.0
116.13516030910654 2478.0
116.36131559284222 2517.0
116.5874708765779 2669.0
116.81362616031358 2769.0
117.03978144404925 2658.0
117.26593672778493 2729.0
117.49209201152061 2712.0
117.71824729525629 2867.0
117.94440257899197 2884.0
118.17055786272765 3037.0
118.39671314646333 3039.0
118.622868430199 3001.0
118.84902371393468 3102.0
119.07517899767036 3038.0
119.30133428140604 3145.0
119.52748956514172 3052.0
119.7536448488774 3150.0
119.97980013261308 3305.0
120.20595541634876 3397.0
120.43211070008444 3401.0
120.65826598382012 3369.0
120.8844212675558 3341.0
121.11057655129147 3550.0
121.33673183502715 3615.0
121.56288711876283 3661.0
121.78904240249851 3665.0
122.01519768623419 3585.0
122.24135296996987 3831.0
122.46750825370555 3949.0
122.69366353744122 3902.0
122.9198188211769 4013.0
123.14597410491258 3830.0
123.37212938864826 4010.0
123.59828467238394 4109.0
123.82443995611962 4183.0
124.0505952398553 4192.0
124.27675052359098 4085.0
124.50290580732666 4334.0
124.72906109106233 4675.0
124.95521637479801 4627.0
125.18137165853369 4525.0
125.40752694226937 4608.0
125.63368222600505 4812.0
125.85983750974073 5075.0
126.08599279347641 5139.0
126.31214807721209 4939.0
126.53830336094776 4851.0
126.76445864468344 5330.0
126.99061392841912 5661.0
127.2167692121548 5385.0
127.44292449589048 5371.0
127.66907977962616 5491.0
127.89523506336184 5885.0
128.1213903470975 6126.0
128.3475456308332 6164.0
128.57370091456886 6066.0
128.79985619830455 6181.0
129.02601148204022 6589.0
129.2521667657759 6898.0
129.47832204951158 6998.0
129.70447733324727 6885.0
129.93063261698293 6687.0
130.15678790071863 7355.0
130.3829431844543 7717.0
130.60909846818998 7662.0
130.83525375192565 7649.0
131.06140903566134 7810.0
131.287564319397 8088.0
131.5137196031327 8652.0
131.73987488686836 8879.0
131.96603017060406 8753.0
132.19218545433972 8629.0
132.41834073807541 9233.0
132.64449602181108 9914.0
132.87065130554677 9950.0
133.09680658928244 9927.0
133.32296187301813 9675.0
133.5491171567538 10389.0
133.7752724404895 11083.0
134.00142772422515 10971.0
134.22758300796085 11074.0
134.4537382916965 11068.0
134.6798935754322 11766.0
134.90604885916787 12600.0
135.13220414290356 12677.0
135.35835942663923 12750.0
135.58451471037492 12693.0
135.81066999411058 13696.0
136.03682527784628 15647.0
136.26298056158194 15819.0
136.48913584531763 15810.0
136.7152911290533 15682.0
136.941446412789 17225.0
137.16760169652466 19953.0
137.39375698026035 20028.0
137.619912263996 20247.0
137.8460675477317 19826.0
138.07222283146737 22291.0
138.29837811520306 26763.0
138.52453339893873 26496.0
138.75068868267442 26613.0
138.9768439664101 26374.0
139.20299925014578 29483.0
139.42915453388144 36086.0
139.6553098176171 35776.0
139.8814651013528 35519.0
140.10762038508847 35735.0
140.33377566882416 38745.0
140.55993095255982 46896.0
140.78608623629552 46651.0
141.01224152003118 46667.0
141.23839680376688 46621.0
141.46455208750254 49858.0
141.69070737123823 58545.0
141.9168626549739 58276.0
142.1430179387096 58393.0
142.36917322244526 58914.0
142.59532850618095 60132.0
142.8214837899166 68145.0
143.0476390736523 68424.0
143.27379435738797 68332.0
143.49994964112366 67600.0
143.72610492485933 69199.0
143.95226020859502 73221.0
144.17841549233069 73758.0
144.40457077606638 73495.0
144.63072605980204 73494.0
144.85688134353774 73684.0
145.0830366272734 75842.0
145.3091919110091 75960.0
145.53534719474476 76520.0
145.76150247848045 75668.0
145.98765776221612 75791.0
146.2138130459518 76316.0
146.43996832968747 75625.0
146.66612361342317 75759.0
146.89227889715883 76634.0
147.11843418089452 75754.0
147.3445894646302 74101.0
147.57074474836588 73309.0
147.79690003210155 73385.0
148.02305531583724 73785.0
148.2492105995729 73421.0
148.4753658833086 71520.0
148.70152116704426 71681.0
148.92767645077996 71184.0
149.15383173451562 71400.0
149.3799870182513 71641.0
149.60614230198698 69962.0
149.83229758572267 69860.0
150.05845286945834 69967.0
150.28460815319403 69872.0
150.5107634369297 69719.0
150.7369187206654 66328.0
150.96307400440105 66673.0
151.18922928813674 66516.0
151.4153845718724 66481.0
151.6415398556081 66258.0
151.86769513934377 63237.0
152.09385042307946 62927.0
152.32000570681512 63225.0
152.54616099055082 63321.0
152.77231627428648 63156.0
152.99847155802217 60699.0
153.22462684175784 60358.0
153.45078212549353 60228.0
153.6769374092292 60531.0
153.9030926929649 60135.0
154.12924797670055 57680.0
154.35540326043625 57525.0
154.5815585441719 57506.0
154.8077138279076 57605.0
155.03386911164327 56964.0
155.26002439537896 55576.0
155.48617967911463 54768.0
155.71233496285032 54973.0
155.93849024658599 54667.0
156.16464553032168 55550.0
156.39080081405734 52943.0
156.61695609779304 52281.0
156.8431113815287 52524.0
157.0692666652644 52049.0
157.29542194900006 53113.0
157.52157723273575 50330.0
157.74773251647142 49824.0
157.9738878002071 49854.0
158.20004308394277 49777.0
158.42619836767847 49894.0
158.65235365141413 47883.0
158.87850893514982 47072.0
159.1046642188855 47458.0
159.33081950262118 47317.0
159.55697478635685 47152.0
159.78313007009254 45640.0
160.0092853538282 44844.0
160.2354406375639 44541.0
160.46159592129956 44661.0
160.68775120503525 44949.0
160.91390648877092 43775.0
161.1400617725066 43292.0
161.36621705624228 43150.0
161.59237233997797 43125.0
161.81852762371363 42869.0
162.04468290744933 41707.0
162.270838191185 41661.0
162.49699347492069 41501.0
162.72314875865635 41741.0
162.94930404239201 41054.0
163.1754593261277 39832.0
163.40161460986337 38996.0
163.62776989359907 38804.0
163.85392517733473 38814.0
164.08008046107042 38992.0
164.3062357448061 37505.0
164.53239102854178 36841.0
164.75854631227745 36222.0
164.98470159601314 36654.0
165.2108568797488 36818.0
165.4370121634845 35455.0
165.66316744722016 34389.0
165.88932273095585 34680.0
166.11547801469152 34523.0
166.3416332984272 34756.0
166.56778858216288 33550.0
166.79394386589857 32202.0
167.02009914963423 32790.0
167.24625443336993 32576.0
167.4724097171056 32579.0
167.69856500084128 31688.0
167.92472028457695 30781.0
168.15087556831264 30680.0
168.3770308520483 30460.0
168.603186135784 30651.0
168.82934141951966 29569.0
169.05549670325536 28784.0
169.28165198699102 28807.0
169.50780727072672 28741.0
169.73396255446238 28494.0
169.96011783819807 27945.0
170.18627312193374 26748.0
170.41242840566943 26963.0
170.6385836894051 26731.0
170.8647389731408 26945.0
171.09089425687645 26562.0
171.31704954061215 25427.0
171.5432048243478 25666.0
171.7693601080835 25528.0
171.99551539181917 25588.0
172.22167067555486 25239.0
172.44782595929053 24220.0
172.67398124302622 24011.0
172.90013652676188 24158.0
173.12629181049758 24232.0
173.35244709423324 23874.0
173.57860237796893 22223.0
173.8047576617046 22372.0
174.0309129454403 22610.0
174.25706822917596 22415.0
174.48322351291165 21861.0
174.70937879664731 21036.0
174.935534080383 21012.0
175.16168936411867 21239.0
175.38784464785437 21020.0
175.61399993159003 20512.0
175.84015521532572 19764.0
176.0663104990614 19867.0
176.29246578279708 19778.0
176.51862106653275 19399.0
176.74477635026844 19555.0
176.9709316340041 18445.0
177.1970869177398 18405.0
177.42324220147546 18152.0
177.64939748521115 18404.0
177.87555276894682 18066.0
178.1017080526825 16716.0
178.32786333641818 16879.0
178.55401862015387 16834.0
178.78017390388953 16881.0
179.00632918762523 16247.0
179.2324844713609 15541.0
179.45863975509658 15676.0
179.68479503883225 15532.0
179.91095032256794 15746.0
180.1371056063036 15418.0
180.3632608900393 14540.0
180.58941617377496 14566.0
180.81557145751066 14389.0
181.04172674124632 14335.0
181.26788202498201 14365.0
181.49403730871768 13387.0
181.72019259245337 13364.0
181.94634787618904 13255.0
182.17250315992473 13575.0
182.3986584436604 13101.0
182.6248137273961 12074.0
182.85096901113175 11834.0
183.07712429486745 12057.0
183.3032795786031 12191.0
183.5294348623388 12050.0
183.75559014607447 10992.0
183.98174542981016 11010.0
184.20790071354583 11138.0
184.43405599728152 10947.0
184.66021128101718 10881.0
184.88636656475288 10077.0
185.11252184848854 10136.0
185.33867713222423 10134.0
185.5648324159599 10028.0
185.7909876996956 10021.0
186.01714298343126 9421.0
186.24329826716692 9487.0
186.4694535509026 9402.0
186.69560883463828 9398.0
186.92176411837397 9412.0
187.14791940210964 8282.0
187.37407468584533 8451.0
187.600229969581 8083.0
187.8263852533167 8328.0
188.05254053705235 8289.0
188.27869582078804 7270.0
188.5048511045237 7345.0
188.7310063882594 7176.0
188.95716167199507 7440.0
189.18331695573076 7339.0
189.40947223946642 6667.0
189.63562752320212 6528.0
189.86178280693778 6565.0
190.08793809067348 6561.0
190.31409337440914 6586.0
190.54024865814483 5844.0
190.7664039418805 5876.0
190.9925592256162 5888.0
191.21871450935186 5735.0
191.44486979308755 5611.0
191.6710250768232 5237.0
191.8971803605589 5137.0
192.12333564429457 5181.0
192.34949092803026 5209.0
192.57564621176593 5116.0
192.80180149550162 4724.0
193.0279567792373 4545.0
193.25411206297298 4528.0
193.48026734670864 4598.0
193.70642263044434 4606.0
193.93257791418 4130.0
194.1587331979157 3996.0
194.38488848165136 3987.0
194.61104376538705 4039.0
194.83719904912272 3944.0
195.0633543328584 3574.0
195.28950961659407 3557.0
195.51566490032977 3545.0
195.74182018406543 3529.0
195.96797546780112 3425.0
196.1941307515368 3022.0
196.42028603527248 2926.0
196.64644131900815 2961.0
196.87259660274384 2878.0
197.0987518864795 2992.0
197.3249071702152 2465.0
197.55106245395086 2336.0
197.77721773768656 2408.0
198.00337302142222 2434.0
198.2295283051579 2387.0
198.45568358889358 2080.0
198.68183887262927 1993.0
198.90799415636494 2024.0
199.13414944010063 2025.0
199.3603047238363 2002.0
199.586460007572 1759.0
199.81261529130765 1672.0
200.03877057504334 1668.0
200.264925858779 1618.0
200.4910811425147 1696.0
200.71723642625037 1468.0
200.94339170998606 1359.0
201.16954699372172 1392.0
201.39570227745742 1336.0
201.62185756119308 1340.0
201.84801284492877 1197.0
202.07416812866444 1067.0
202.30032341240013 1048.0
202.5264786961358 1095.0
202.7526339798715 1117.0
202.97878926360715 929.0
203.20494454734285 808.0
203.4310998310785 813.0
203.6572551148142 812.0
203.88341039854987 767.0
204.10956568228556 713.0
204.33572096602123 608.0
204.56187624975692 664.0
204.78803153349259 591.0
205.01418681722828 634.0
205.24034210096394 489.0
205.46649738469964 433.0
205.6926526684353 456.0
205.918807952171 429.0
206.14496323590666 448.0
206.37111851964235 437.0
206.59727380337802 399.0
206.8234290871137 391.0
207.04958437084937 349.0
207.27573965458507 365.0
207.50189493832073 328.0
207.72805022205642 285.0
207.9542055057921 252.0
208.18036078952778 256.0
208.40651607326345 243.0
208.63267135699914 214.0
208.8588266407348 168.0
209.08498192447047 147.0
209.31113720820616 143.0
209.53729249194183 159.0
209.76344777567752 128.0
209.98960305941318 127.0
210.21575834314888 110.0
210.44191362688454 115.0
210.66806891062024 124.0
210.8942241943559 93.0
211.1203794780916 94.0
211.34653476182726 100.0
211.57269004556295 81.0
211.79884532929862 70.0
212.0250006130343 83.0
212.25115589676997 92.0
212.47731118050567 76.0
212.70346646424133 71.0
212.92962174797702 83.0
213.1557770317127 85.0
213.38193231544838 63.0
213.60808759918405 75.0
213.83424288291974 70.0
214.0603981666554 77.0
214.2865534503911 89.0
214.51270873412676 68.0
214.73886401786245 47.0
214.96501930159812 62.0
215.1911745853338 62.0
215.41732986906948 65.0
215.64348515280517 51.0
215.86964043654083 51.0
216.09579572027653 44.0
216.3219510040122 48.0
216.54810628774788 53.0
216.77426157148355 56.0
217.00041685521924 43.0
217.2265721389549 43.0
217.4527274226906 45.0
217.67888270642626 58.0
217.90503799016196 64.0
218.13119327389762 73.0
218.35734855763332 65.0
218.58350384136898 65.0
218.80965912510467 83.0
219.03581440884034 51.0
219.26196969257603 59.0
219.4881249763117 58.0
219.7142802600474 72.0
219.94043554378305 62.0
220.16659082751875 67.0
220.3927461112544 59.0
220.6189013949901 46.0
220.84505667872577 51.0
221.07121196246146 52.0
221.29736724619713 55.0
221.52352252993282 61.0
221.74967781366848 62.0
221.97583309740418 72.0
222.20198838113984 64.0
222.42814366487553 58.0
222.6542989486112 53.0
222.8804542323469 56.0
223.10660951608256 62.0
223.33276479981825 55.0
223.55892008355391 39.0
223.7850753672896 45.0
224.01123065102527 44.0
224.23738593476097 38.0
224.46354121849663 54.0
224.68969650223232 43.0
224.915851785968 49.0
225.14200706970368 53.0
225.36816235343935 47.0
225.59431763717504 45.0
225.8204729209107 64.0
226.0466282046464 59.0
226.27278348838206 70.0
226.49893877211775 73.0
226.72509405585342 71.0
