0.6847085547082988 2.3602424292914827e-07
1.1083938455028501 0.0
1.5320791362974016 0.0
1.9557644270919528 4.7204848585829637e-07
2.379449717886504 0.0
2.8031350086810556 0.0
3.226820299475607 0.0
3.6505055902701584 9.440969717165927e-07
4.07419088106471 4.720484858582969e-07
4.497876171859261 1.1801212146457422e-06
4.921561462653812 0.0
5.345246753448364 2.3602424292914845e-07
5.768932044242915 0.0
6.1926173350374665 2.3602424292914845e-07
6.6163026258320174 0.0
7.039987916626569 2.3602424292914845e-07
7.46367320742112 0.0
7.887358498215671 2.3602424292914747e-07
8.311043789010224 7.080727287874439e-07
8.734729079804776 0.0
9.158414370599326 2.3602424292914797e-07
9.582099661393878 2.3602424292914797e-07
10.00578495218843 2.3602424292914797e-07
10.429470242982982 0.0
10.853155533777532 0.0
11.276840824572083 0.0
11.700526115366635 0.0
12.124211406161185 0.0
12.547896696955737 2.3602424292914797e-07
12.97158198775029 2.3602424292914797e-07
13.395267278544841 7.080727287874467e-07
13.818952569339391 2.3602424292914797e-07
14.242637860133943 2.3602424292914797e-07
14.666323150928495 0.0
15.090008441723045 0.0
15.513693732517597 0.0
15.937379023312149 2.3602424292914895e-07
16.3610643141067 7.080727287874439e-07
16.78474960490125 0.0
17.208434895695802 0.0
17.63212018649035 0.0
18.055805477284903 4.7204848585829595e-07
18.479490768079454 2.3602424292914797e-07
18.903176058874006 2.3602424292914797e-07
19.326861349668558 0.0
19.75054664046311 0.0
20.174231931257662 7.080727287874498e-07
20.59791722205221 2.3602424292914797e-07
21.021602512846762 7.080727287874439e-07
21.445287803641314 4.7204848585829595e-07
21.868973094435866 0.0
22.292658385230418 4.7204848585829595e-07
22.71634367602497 1.1801212146457396e-06
23.14002896681952 1.1801212146457496e-06
23.56371425761407 1.4161454575748877e-06
23.98739954840862 9.440969717165919e-07
24.411084839203173 1.6521697005040355e-06
24.834770129997725 1.6521697005040355e-06
25.258455420792277 2.1242181863623315e-06
25.68214071158683 3.068315158078923e-06
26.10582600238138 4.956509101512148e-06
26.52951129317593 3.304339401008071e-06
26.95319658397048 1.8881939434331838e-06
27.376881874765033 1.6521697005040355e-06
27.800567165559585 5.1925333444412556e-06
28.224252456354137 7.788800016661882e-06
28.64793774714869 6.3726545590869945e-06
29.07162303794324 9.913018203024296e-06
29.49530832873779 7.788800016661882e-06
29.91899361953234 9.913018203024213e-06
30.342678910326892 1.1093139417669955e-05
30.766364201121444 1.2745309118173989e-05
31.190049491915996 1.2745309118173989e-05
31.613734782710548 1.534157579039449e-05
32.0374200735051 1.3689406089890809e-05
32.46110536429965 1.7937842462614943e-05
32.88479065509421 1.486952730453632e-05
33.30847594588876 1.486952730453632e-05
33.73216123668331 2.0770133377765368e-05
34.155846527477856 1.840989094847354e-05
34.57953181827241 1.9353987920190132e-05
35.00321710906696 2.0770133377765022e-05
35.42690239986151 1.8881939434331834e-05
35.85058769065606 2.0062060648977575e-05
36.274272981450615 1.9353987920190132e-05
36.69795827224517 2.2658327321198204e-05
37.12164356303972 2.2422303078269055e-05
37.54532885383427 1.9353987920190132e-05
37.96901414462882 2.3602424292914796e-05
38.392699435423374 2.7378812179781163e-05
38.816384726217926 2.6906763693922862e-05
39.24007001701248 2.407447277877309e-05
39.66375530780703 2.242230307826943e-05
40.087440598601574 3.021110309493094e-05
40.511125889396126 2.289435156412735e-05
40.93481118019068 2.31303758070565e-05
41.35849647098523 2.0062060648977575e-05
41.78218176177978 2.171423034948161e-05
42.205867052574334 2.2658327321198204e-05
42.629552343368886 2.5254593993418833e-05
43.05323763416344 3.0447127337860086e-05
43.47692292495799 2.3602424292914796e-05
43.90060821575254 2.3366400049985644e-05
44.32429350654709 2.431049702170224e-05
44.747978797341645 2.4546521264631386e-05
45.1716640881362 2.9975078852001792e-05
45.59534937893075 2.1714230349481974e-05
46.01903466972529 2.8086884908568607e-05
46.442719960519845 3.0447127337860086e-05
46.8664052513144 2.7614836422710312e-05
47.29009054210895 2.8322909151497756e-05
47.7137758329035 2.5018569750489684e-05
48.13746112369805 3.115520006664753e-05
48.561146414492605 3.422351522472645e-05
48.98483170528716 3.115520006664753e-05
49.40851699608171 3.0447127337860086e-05
49.83220228687626 2.7850860665639458e-05
50.25588757767081 2.6670739450993716e-05
50.679572868465364 3.540363643937219e-05
51.103258159259916 3.1391224309576676e-05
51.52694345005447 3.918002432623921e-05
51.95062874084901 4.106821826967174e-05
52.374314031643564 3.705580613987623e-05
52.797999322438116 3.516761219644304e-05
53.22168461323267 3.351544249593901e-05
53.64536990402722 3.681978189694708e-05
54.06905519482177 3.658375765401793e-05
54.492740485616324 3.327941825300986e-05
54.916425776410875 3.918002432623856e-05
55.34011106720543 4.224833948431748e-05
55.76379635799998 4.3900509184821514e-05
56.18748164879453 4.059616978381345e-05
56.61116693958908 4.224833948431748e-05
57.034852230383635 3.8235927354521965e-05
57.45853752117819 4.484460615653811e-05
57.88222281197274 4.201231524138904e-05
58.30590810276728 4.7912921314617036e-05
58.729593393561835 5.4285575873704035e-05
59.15327868435639 4.814894555754618e-05
59.57696397515094 4.4136533427750666e-05
60.00064926594549 5.499364860249148e-05
60.42433455674004 5.16893092014834e-05
60.848019847534594 4.4136533427750666e-05
61.271705138329146 5.334147890198743e-05
61.6953904291237 5.357750314491658e-05
62.11907571991825 5.074521222976681e-05
62.5427610107128 5.688184254592466e-05
62.966446301507354 5.688184254592466e-05
63.390131592301906 5.806196376057039e-05
63.81381688309646 6.490666680551677e-05
64.237502173891 6.34905213479408e-05
64.66118746468555 5.8770036489357835e-05
65.0848727554801 5.640979406006636e-05
65.50855804627466 5.688184254592466e-05
65.93224333706921 5.404955163077488e-05
66.35592862786376 6.372654559086995e-05
66.77961391865831 6.490666680551787e-05
67.20329920945285 5.806196376057039e-05
67.6269845002474 6.089425467572017e-05
68.05066979104195 6.726690923480717e-05
68.4743550818365 6.514269104844483e-05
68.89804037263106 5.924208497521613e-05
69.32172566342561 5.688184254592466e-05
69.74541095422016 5.688184254592466e-05
70.16909624501471 6.396256983379909e-05
70.59278153580927 4.838496980047533e-05
71.01646682660382 6.84470304494529e-05
71.44015211739837 6.585076377723228e-05
71.86383740819292 6.278244861915335e-05
72.28752269898747 6.042220618986188e-05
72.71120798978203 6.868305469238206e-05
73.13489328057658 6.773895772066546e-05
73.55857857137113 6.372654559086995e-05
73.98226386216568 7.57637819802565e-05
74.40594915296023 7.080727287874438e-05
74.82963444375478 7.38755880368233e-05
75.25331973454934 6.561473953430314e-05
75.67700502534389 6.868305469238206e-05
76.10069031613844 7.009920014995693e-05
76.52437560693299 8.11923395676269e-05
76.94806089772754 7.363956379389416e-05
77.3717461885221 7.245944257924843e-05
77.79543147931665 6.986317590702779e-05
78.2191167701112 7.57637819802565e-05
78.64280206090575 7.057124863581761e-05
79.06648735170029 7.552775773732733e-05
79.49017264249484 7.670787895197309e-05
79.91385793328939 7.741595168076053e-05
80.33754322408394 7.529173349439819e-05
80.7612285148785 7.363956379389416e-05
81.18491380567305 8.355258199691838e-05
81.6085990964676 8.213643653934348e-05
82.03228438726215 7.906812138126456e-05
82.4559696780567 8.780101836964303e-05
82.87965496885126 7.906812138126456e-05
83.30334025964581 8.850909109843049e-05
83.72702555044036 8.945318807014707e-05
84.15071084123491 8.544077594035156e-05
84.57439613202946 8.072029108176859e-05
84.99808142282401 8.402463048277667e-05
85.42176671361857 8.992523655600537e-05
85.84545200441312 8.02482425959103e-05
86.26913729520767 8.331655775398923e-05
86.69282258600222 8.449667896863496e-05
87.11650787679677 9.417367292873004e-05
87.54019316759133 9.275752747115514e-05
87.96387845838588 9.275752747115514e-05
88.38756374918043 9.488174565751748e-05
88.81124903997498 9.016126079893452e-05
89.23493433076953 9.20494547423677e-05
89.65861962156409 8.56768001832807e-05
90.08230491235864 8.898113958428878e-05
90.50599020315319 8.921716382721793e-05
90.92967549394774 9.346560019994572e-05
91.35336078474228 9.039728504186367e-05
91.77704607553683 9.511776990044662e-05
92.20073136633138 0.00010267054567417936
92.62441665712593 9.724198808680896e-05
93.04810194792049 0.00010125440021660448
93.47178723871504 0.00010385066688882509
93.89547252950959 0.00010998729720498296
94.31915782030414 0.00010621090931811657
94.7428431110987 9.582584262923407e-05
95.16652840189325 0.00010503078810347083
95.5902136926878 0.00010597488507518743
96.01389898348235 0.00010691898204690401
96.4375842742769 0.00011116741841962869
96.86126956507145 0.00011305561236306186
97.284954855866 9.93662062731713e-05
97.70864014666056 0.00010668295780397486
98.13232543745511 0.00011305561236306186
98.55601072824966 0.00011730404873578652
98.97969601904421 0.00011494380630649504
99.40338130983876 0.00011588790327821164
99.82706660063332 0.00013170152755446457
100.25075189142787 0.00013122947906860628
100.67443718222242 0.00013099345482567713
101.09812247301697 0.00012721706693881075
101.52180776381152 0.0001328816487691103
101.94549305460608 0.0001255648972383067
102.36917834540063 0.00012084441237972376
102.79286363619518 0.00012934128512517742
103.21654892698972 0.00014609900637314259
103.64023421778427 0.0001333536972549686
104.06391950857882 0.0001333536972549686
104.48760479937337 0.00013807418211355155
104.91129009016792 0.00015317973366101703
105.33497538096248 0.00014208659424334708
105.75866067175703 0.00015270768517515872
106.18234596255158 0.0001496393700170798
106.60603125334613 0.00016120455792060804
107.02971654414068 0.00015624804881909595
107.45340183493524 0.00016167660640646633
107.87708712572979 0.00015223563668930043
108.30077241652434 0.0001732417943099946
108.72445770731889 0.00016380082459282867
109.14814299811344 0.00017442191552464033
109.571828288908 0.00015884431549131658
109.99551357970255 0.00017772625492564842
110.4191988704971 0.00017465793976756947
110.84288416129165 0.00017985047311201073
111.2665694520862 0.00018480698221352284
111.69025474288075 0.00017843432765443586
112.1139400336753 0.00019330385495897216
112.53762532446986 0.00020038458224684661
112.96131061526441 0.0002032168731619964
113.38499590605896 0.00021053362469279996
113.80868119685351 0.00020699326104886277
114.23236648764806 0.00020746530953472106
114.65605177844262 0.00021029760044987084
115.07973706923717 0.00021950254592411497
115.5034223600317 0.0002452291884033847
115.92710765082626 0.00021808640046653272
116.35079294162081 0.00023932858233015604
116.77447823241536 0.0002461732853751013
117.19816352320991 0.0002527819641771175
117.62184881400447 0.0002667073945099372
118.04553410479902 0.0002825210187861901
118.46921939559357 0.00025467015812055064
118.89290468638812 0.00026009871570792104
119.31658997718267 0.00026387510359478743
119.74027526797722 0.0002643471520806457
120.16396055877178 0.00027732848544174884
120.58764584956633 0.0002707198066397327
121.01133114036088 0.0003096638067230421
121.43501643115543 0.0003339743037447443
121.85870172194998 0.0003200488734119246
122.28238701274454 0.00033539044920231925
122.70607230353909 0.00032075694614071206
123.12975759433364 0.0003386947886033273
123.55344288512819 0.00036229721289624206
123.97712817592274 0.0003495519037780681
124.4008134667173 0.00037244625534219543
124.82449875751185 0.0003613531159245255
125.2481840483064 0.00039392446144874795
125.67186933910095 0.00039817289782147257
126.0955546298955 0.00039888097055026006
126.51923992069005 0.00041847098271337926
126.9429252114846 0.00044797401307953785
127.36661050227914 0.0004312162918315533
127.7902957930737 0.00046732800099971294
128.21398108386825 0.0004944707889365484
128.6376663746628 0.0004930546434790066
129.06135166545735 0.0005147688738284544
129.48503695625192 0.0005367191284209004
129.90872224704646 0.0005256259890031948
130.33240753784102 0.0005520607042112957
130.75609282863556 0.0005834519285208342
131.17977811943013 0.0006285325589203421
131.60346341022466 0.0006554393226142219
132.02714870101923 0.0006601598074728489
132.45083399181377 0.0007253024985212473
132.87451928260833 0.0007219981591202878
133.29820457340287 0.0007517372137293614
133.7218898641974 0.0007963457956429185
134.14557515499197 0.0008263208744949747
134.5692604457865 0.0008659729473070147
134.99294573658108 0.0009004324867747296
135.41663102737562 0.0009119976746781971
135.84031631817018 0.0010392147416170732
136.26400160896472 0.0011168667175406907
136.68768689975929 0.0011602951782397303
137.11137219055382 0.0013328288998208538
137.5350574813484 0.0014312510091224013
137.95874277214293 0.0015091390092889215
138.3824280629375 0.0017557843431499902
138.80611335373203 0.0017961444886907558
139.2297986445266 0.002045858137709923
139.65348393532113 0.00237676412629644
140.0771692261157 0.002398478356646082
140.50085451691024 0.002820253678760294
140.9245398077048 0.003024414648894203
141.34822509849934 0.0031901036674302566
141.7719103892939 0.0036345373168660713
142.19559568008845 0.003686462650310238
142.619280970883 0.003936176299329532
143.04296626167755 0.004220113463573024
143.46665155247211 0.004250796615154097
143.89033684326665 0.0044438644458698485
144.31402213406122 0.0045208083490650515
144.73770742485576 0.004732522094972187
145.16139271565032 0.004754944398050774
145.58507800644486 0.004859031089182532
146.0087632972394 0.004879093149831183
146.43244858803396 0.004917329077186033
146.8561338788285 0.004938807283292255
147.27981916962307 0.004827403840630025
147.7035044604176 0.004869416155871088
148.12718975121217 0.004862571452826469
148.5508750420067 0.0047757145314282195
148.97456033280127 0.004835664689132545
149.3982456235958 0.004934086798433672
149.82193091439038 0.004867527961927981
150.24561620518492 0.004906944010496821
150.66930149597948 0.004852894458866374
151.09298678677402 0.004731341973757541
151.5166720775686 0.004800261052693172
151.94035736836312 0.00469334207064595
152.3640426591577 0.0047407829434750245
152.78772794995223 0.004779018870829228
153.2114132407468 0.0046527459008624495
153.63509853154133 0.004696174361561099
154.0587838223359 0.0045699013915943155
154.48246911313043 0.004531901488482418
154.906154403925 0.00458547899162764
155.32983969471954 0.004538746191527362
155.7535249855141 0.00449036122172719
156.17721027630864 0.004468410967134479
156.6008955671032 0.004320895815304056
157.02458085789775 0.004414361415504002
157.44826614869228 0.004344498239596681
157.87195143948685 0.004226486118132394
158.2956367302814 0.004291156760694695
158.71932202107595 0.0041795172937894925
159.1430073118705 0.004126883887616014
159.56669260266506 0.004174324760445051
159.9903778934596 0.004077554820843823
160.41406318425416 0.004039790941975431
160.8377484750487 0.004023741293455979
161.26143376584326 0.004036958651060282
161.6851190566378 0.004019256832840326
162.10880434743237 0.003916822311409341
162.5324896382269 0.0039180024326237245
162.95617492902147 0.003914226044737121
163.379860219816 0.003858288299162652
163.80354551061058 0.00390336892956238
164.2272308014051 0.0038526237173323527
164.65091609219968 0.003729655086766521
165.07460138299422 0.0038611205900778017
165.49828667378878 0.0037449966625569165
165.92197196458332 0.0037629345050192793
166.3456572553779 0.003709120977631684
166.76934254617242 0.0036897669897112463
167.193027836967 0.003613059110759518
167.61671312776153 0.0036642763714748987
168.0403984185561 0.003566326310659545
168.46408370935063 0.0035760033046194004
168.8877690001452 0.003533046892406534
169.31145429093974 0.003477581195318182
169.73513958173427 0.003500475546882076
170.15882487252884 0.0034046497042530734
170.58251016332338 0.0034494943104093814
171.00619545411794 0.00336381751022633
171.42988074491248 0.0033187368798266383
171.85356603570705 0.00330787976465212
172.27725132650158 0.003303631328279173
172.70093661729615 0.003234476225101152
173.1246219080907 0.003225743328112557
173.54830719888525 0.0031679173885951297
173.9719924896798 0.003184203061357028
174.39567778047436 0.0031367621885284814
174.8193630712689 0.0031074951824050577
175.24304836206346 0.0031051349399759745
175.666733652858 0.0030815325156828524
176.09041894365257 0.003120004467280511
176.5141042344471 0.0031358180915565547
176.93778952524167 0.003091681558129013
177.3614748160362 0.0030378680307409614
177.78516010683077 0.003035979836797732
178.2088453976253 0.002976501727579385
178.63253068841988 0.003018278018578045
179.05621597921441 0.002966116660890503
179.47990127000898 0.0030038805397593665
179.90358656080352 0.0029769737760652433
180.32727185159808 0.0029089987941018462
180.75095714239262 0.002964464491189999
181.1746424331872 0.0029160795213897207
181.59832772398173 0.0028870485395094347
182.02201301477626 0.002915607472903667
182.44569830557083 0.0029080546971301294
182.86938359636537 0.0028351232060648303
183.29306888715993 0.002823794042404421
183.71675417795447 0.002789806551422435
184.14043946874904 0.0028110487332862464
184.56412475954357 0.002787682333236073
184.98781005033814 0.002797359327196355
185.41149534113268 0.0027973593271961674
185.83518063192724 0.002820961751489271
186.25886592272178 0.0027416576058648906
186.68255121351635 0.002727496151289325
187.10623650431089 0.002799011496896672
187.52992179510545 0.002735756999791846
187.9536070859 0.0027428377270795365
188.37729237669456 0.0027414215816221454
188.8009776674891 0.0027107384300411735
189.22466295828366 0.0027449619452660826
189.6483482490782 0.0027260800058315675
190.07203353987276 0.0027171110846004425
190.4957188306673 0.002685247811804826
190.91940412146187 0.002692800587578739
191.3430894122564 0.0027345768785770165
191.76677470305097 0.002706017945182772
192.1904599938455 0.002720179399758339
192.61414528464007 0.002736465072520633
193.0378305754346 0.0027463780907234733
193.46151586622918 0.0027220675937019547
193.88520115702372 0.0027123905997418593
194.30888644781825 0.0027324526603906543
194.73257173861282 0.00277658919381859
195.15625702940736 0.0027831978726204193
195.57994232020192 0.0028322909151498703
196.00362761099646 0.0027914587211229393
196.42731290179103 0.002780129557462527
196.85099819258556 0.002828278503019885
197.27468348338013 0.002830638745449366
197.69836877417467 0.0028138810242012073
198.12205406496923 0.0028268623575625
198.54573935576377 0.0028308747696921053
198.96942464655834 0.0028846882970801433
199.39310993735288 0.0028967255334693357
199.81679522814744 0.002928824830507895
200.24048051894198 0.0029323651941516355
200.66416580973655 0.002886576491023576
201.08785110053108 0.0029441664062980926
201.51153639132565 0.0030140295822053205
201.9352216821202 0.002982166309409684
202.35890697291475 0.0030369239337694484
202.7825922637093 0.003077992152038915
203.20627755450386 0.0030749238368810426
203.6299628452984 0.0031355820673136256
204.05364813609296 0.0031159920551507157
204.4773334268875 0.0030914455338858764
204.90101871768206 0.0031424267703587814
205.3247040084766 0.0031700416067814924
205.74838929927114 0.0032366004432872976
206.1720745900657 0.0032262153765986318
206.59575988086024 0.003258550697879707
207.0194451716548 0.003315904588911711
207.44313046244935 0.0033508361768650008
207.8668157532439 0.003372550407214708
208.29050104403845 0.003352252322322576
208.71418633483302 0.003395680783021765
209.13787162562755 0.0034834818013911775
209.56155691642212 0.0035080283226560437
209.98524220721666 0.003515581098429541
210.40892749801122 0.0034754569771318204
210.83261278880576 0.0034749849286457284
211.25629807960033 0.003506848201441398
211.67998337039487 0.0035901647591951493
212.10366866118943 0.0035970094622403354
212.52735395198397 0.0036243882744198745
212.95103924277853 0.003647046601741316
213.37472453357307 0.0036784378260506477
213.79840982436764 0.003633357195651426
214.22209511516218 0.003685046504852663
214.64578040595674 0.0036925992806266434
215.06946569675128 0.003708648929145577
215.49315098754585 0.0037367358140543957
215.91683627834038 0.00375750594743191
216.34052156913495 0.00382217658999475
216.7642068599295 0.0037881890990126973
217.18789215072405 0.0037952698263008264
217.6115774415186 0.0038207604445371756
218.03526273231313 0.0037983381414586504
218.4589480231077 0.003840822505186153
218.88263331390223 0.0039123378507934245
219.3063186046968 0.003878586384054818
219.73000389549134 0.003944673172074717
220.1536891862859 0.003926499305369437
220.57737447708044 0.003960250772108041
221.001059767875 0.003977244517599205
221.42474505866954 0.00399046187520297
221.8484303494641 0.003982437050943647
222.27211564025865 0.003944673172074717
222.6958009310532 0.004021853099512816
223.11948622184775 0.004006039475236294
223.54317151264232 0.004033654311659273
223.96685680343685 0.004073542408714028
224.39054209423142 0.0040532443238223935
224.81422738502596 0.004033418287416074
225.23791267582052 0.0040792069905446005
225.66159796661506 0.0040921883239054295
226.08528325740963 0.004117914966384982
226.50896854820417 0.004177157051359921
226.93265383899873 0.004122871475486494
227.35633912979327 0.004134436663389746
227.78002442058784 0.004177157051360201
228.20370971138237 0.0041868340453200155
228.62739500217694 0.004191554530178879
229.05108029297148 0.004208784299912425
229.47476558376604 0.004260473609114192
229.89845087456058 0.004310510748615173
230.32213616535512 0.004328448591077499
230.74582145614968 0.004320895815304056
231.16950674694422 0.004322311960761342
231.5931920377388 0.00434237402141061
232.01687732853333 0.004334821245636586
232.4405626193279 0.0044035043003292605
232.86424791012243 0.004358895718415358
233.287933200917 0.004450709148915093
233.71161849171153 0.004462746385304179
234.1353037825061 0.004514435694505964
234.55898907330064 0.004522460518765252
234.9826743640952 0.00457981440979734
235.40635965488974 0.004593267791643994
235.8300449456843 0.0045597523491483615
236.25373023647884 0.004596336106802073
236.6774155272734 0.004644485052359929
237.10110081806795 0.004647789391760626
237.52478610886251 0.004682957003957382
237.94847139965705 0.004612621779564184
238.37215669045162 0.004663366991794262
238.79584198124616 0.004704435210063619
239.21952727204072 0.004787279719332069
239.64321256283526 0.004803329367850929
240.06689785362983 0.004796248640563376
240.49058314442436 0.004860447234639781
240.91426843521893 0.004848882046736578
241.33795372601347 0.004918509198400679
241.761639016808 0.00491284461657005
242.18532430760257 0.004999937562211238
242.6090095983971 0.005013154919814934
243.03269488919167 0.0050464343380682815
243.4563801799862 0.0050303846895487616
243.88006547078078 0.005044310119881919
244.30375076157532 0.005028024447119471
244.72743605236988 0.005143204277669235
245.15112134316442 0.005242806508184988
245.57480663395899 0.005141552107968732
245.99849192475352 0.005188048883825427
246.4221772155481 0.0052550797688176555
246.84586250634263 0.005233601562710751
247.2695477971372 0.005287179065856021
247.69323308793173 0.005350433562960675
248.1169183787263 0.005386309247886266
248.54060366952083 0.005443899163160615
248.9642889603154 0.00547458231474177
249.38797425110994 0.005499600884491892
249.8116595419045 0.005508569805723568
250.23534483269904 0.005575364666472146
250.6590301234936 0.005555538630066471
251.08271541428815 0.005579141054359012
251.5064007050827 0.005606283842296239
251.93008599587725 0.005653252666638762
252.35377128667182 0.005691960642479523
252.77745657746635 0.0057837740729785765
253.20114186826092 0.0057339729577209125
253.62482715905546 0.005829562776107221
254.04851244985 0.0058246062670053176
254.47219774064456 0.0059827425097682425
254.8958830314391 0.00598297853401077
255.31956832223366 0.005981090340067738
255.7432536130282 0.005993363600699653
256.16693890382277 0.0060566180978050685
256.5906241946173 0.0060247548250088245
257.0143094854119 0.006115624158537357
257.43799477620644 0.006138990558587344
257.861680067001 0.006178406607155684
258.28536535779557 0.006308455965010478
258.7090506485901 0.006248977855792331
259.13273593938465 0.00630798391652462
259.5564212301792 0.0063853998682045264
259.9801065209738 0.006383039625776092
260.4037918117683 0.006492790898738149
260.82747710256285 0.006518045492731568
261.2511623933574 0.006565958414045307
261.674847684152 0.006536691407922972
262.0985329749465 0.006655175577873408
262.52221826574106 0.006624728450535546
262.9459035565356 0.006701200305243693
263.3695888473302 0.006749821299288
263.79327413812473 0.0067694113114511205
264.21695942891927 0.00677483986903849
264.6406447197138 0.006858156426791562
265.0643300105084 0.006919050681468204
265.48801530130294 0.006924951287541434
265.9117005920975 0.00698442939675958
266.335385882892 0.00706538571208428
266.75907117368655 0.007140205397091866
267.18275646448114 0.007222577857875099
267.6064417552757 0.007308018633815453
268.0301270460702 0.00726718643978871
268.45381233686476 0.007284416209521561
268.87749762765935 0.007351211070271488
269.3011829184539 0.007401484234015399
269.7248682092484 0.007525396961553205
270.14855350004296 0.007468279094763348
270.57223879083756 0.007548055288874404
270.9959240816321 0.007603520985962756
271.41960937242663 0.007631371846628397
271.8432946632212 0.007623583046610712
272.26697995401577 0.007694154295247552
272.6906652448103 0.007851346441038371
273.11435053560484 0.007822079434915155
273.5380358263994 0.007897135144165568
273.961721117194 0.008020575823218575
274.3854064079885 0.00805527138692916
274.80909169878305 0.008089494902153887
275.2327769895776 0.008078165738492205
275.6564622803722 0.008161246272004352
276.0801475711667 0.008168799047778084
276.50383286196126 0.008223556672137648
276.9275181527558 0.008282798757111756
277.3512034435504 0.008395382320990075
277.7748887343449 0.008415444381639053
278.19857402513946 0.008391841957346137
278.622259315934 0.008489792018161735
279.04594460672854 0.008608040163868088
279.46962989752313 0.008534636624318276
279.8933151883177 0.008605207872954095
280.3170004791122 0.008643443800308617
280.74068576990675 0.008698437448909942
281.16437106070134 0.008740685788395429
281.5880563514959 0.008822822224934777
282.0117416422904 0.008886548770525648
282.43542693308495 0.008880648164451227
282.85911222387955 0.008882064309909994
283.2827975146741 0.008928325061524108
283.7064828054686 0.008952399534302881
284.13016809626316 0.0088504370613563
284.55385338705776 0.008932573497896834
284.9775386778523 0.008907318903903413
285.40122396864683 0.008990635461657405
285.82490925944137 0.008980250394967318
286.24859455023596 0.008962076528262978
286.6722798410305 0.009009045352605879
287.09596513182504 0.009046101158745757
287.5196504226196 0.00895806411613198
287.94333571341417 0.008929033134252895
288.3670210042087 0.009034771995085157
288.79070629500325 0.008943902661557432
289.2143915857978 0.008806064503685623
289.6380768765924 0.008918176019078154
290.0617621673869 0.008830847049194367
290.48544745818145 0.008940598322156424
290.909132748976 0.008834859461324163
291.33281803977053 0.008771840988460901
291.7565033305651 0.008801580043071152
292.18018862135966 0.008642735727579828
292.6038739121542 0.008633294757862663
293.02755920294874 0.008588214127462043
293.45124449374333 0.008634710903320238
293.87492978453787 0.008586089909276833
294.2986150753324 0.008504661545466273
294.72230036612694 0.008404823290706112
295.14598565692154 0.008366115314866859
295.5696709477161 0.008321742757196177
295.9933562385106 0.008204674732703317
296.41704152930515 0.008236065957011788
296.84072682009975 0.008220252332736641
297.2644121108943 0.008039929811138767
297.6880974016888 0.00801066280501555
298.11178269248336 0.007958973495812998
298.53546798327795 0.007915072986629242
298.9591532740725 0.00780366954396668
299.38283856486703 0.007754576501437416
299.80652385566157 0.007680228864913701
300.23020914645616 0.007573781931353682
300.6538944372507 0.007559620476777933
301.07757972804524 0.00743735991894063
301.5012650188398 0.00739204326429724
301.92495030963437 0.007333273227808874
302.3486356004289 0.0072799317489068835
302.77232089122344 0.007164515894114526
303.196006182018 0.007056416790852974
303.6196914728125 0.007035646657474263
304.0433767636071 0.0068602806449788445
304.46706205440165 0.006839982560086937
304.8907473451962 0.006737784062898613
305.3144326359907 0.006669573056691192
305.7381179267853 0.0066235483293209
306.16180321757986 0.0064953871654103695
306.5854885083744 0.006435909056192223
307.00917379916893 0.006326865855958103
307.43285908996353 0.0062206549466408325
307.85654438075807 0.006121524764610587
308.2802296715526 0.006018854218936403
308.70391496234714 0.005944506582412922
309.12760025314174 0.005929873079352112
309.5512855439363 0.005772208885075436
309.9749708347308 0.0056978612485527515
310.39865612552535 0.0056133645695833605
310.82234141631994 0.005629178193860367
311.2460267071145 0.005441538920731688
311.669711997909 0.005365303090265571
312.09339728870356 0.005350433562960316
312.51708257949815 0.005245166750614631
312.9407678702927 0.005145800544341456
313.3644531610872 0.005015515162244562
313.78813845188176 0.004942583671179453
314.2118237426763 0.004941875598450002
314.6355090334709 0.004838496980047695
315.05919432426543 0.00478963996176136
315.48287961505997 0.004626311185654384
315.9065649058545 0.004588075258299245
316.3302501966491 0.004486348809597395
316.75393548744364 0.004428050821593894
317.1776207782382 0.004355119330528783
317.6013060690327 0.004267790360644424
318.0249913598273 0.004222473706002598
318.44867665062185 0.004137504978548102
318.8723619414164 0.004014772372224942
319.2960472322109 0.003904785075019431
319.7197325230055 0.003869853487066439
320.14341781380006 0.0037907853656851723
320.5671031045946 0.0037497171474154996
320.99078839538913 0.0035925250016241995
321.4144736861837 0.003628400686549913
321.83815897697826 0.0034966991589954442
322.2618442677728 0.0034424135831217385
322.68552955856734 0.0033539044920228548
323.10921484936193 0.0033007990373642446
323.53290014015647 0.0032314079099430727
323.956585430951 0.0031412466491441355
324.38027072174555 0.0030829486611402205
324.80395601254014 0.0030291351337527863
325.2276413033347 0.0029413341153831404
325.6513265941292 0.0029021540910569004
326.07501188492375 0.0028141170484443255
326.4986971757183 0.002724427836130881
326.9223824665129 0.002698701193651968
327.3460677573074 0.0026463038117216955
327.76975304810196 0.002534428320573276
328.1934383388965 0.002473062017411363
328.6171236296911 0.0024548881507061504
329.04080892048563 0.0024225528294248557
329.46449421128017 0.0023703914717375122
329.8881795020747 0.002257807907860002
330.3118647928693 0.002202814259257812
330.73555008366384 0.002168118695547226
331.1592353744584 0.0021010878105553457
331.5829206652529 0.002065448149872766
332.0066059560475 0.002000541483067525
332.43029124684205 0.0019332745738327157
332.8539765376366 0.0019153367313700998
333.2776618284311 0.001822343179655768
333.7013471192257 0.0017848153250302767
334.12503241002025 0.0017444551794893908
334.5487177008148 0.00170551117940608
334.97240299160933 0.001639896439871555
335.3960882824039 0.0015844307427834235
335.81977357319846 0.0015683810942642407
336.243458863993 0.0015119713002041725
336.66714415478754 0.001486008633481766
337.09082944558213 0.001403400148456761
337.51451473637667 0.0013807418211355619
337.9382000271712 0.0013413257725663928
338.36188531796574 0.001361387833215371
338.7855706087603 0.0012558849966258698
339.2092558995549 0.0012285061844462563
339.6329411903494 0.0012169409965427276
340.05662648114395 0.0011284319054442942
340.4803117719385 0.0011140344266254661
340.9039970627331 0.0010944444144624958
341.3276823535276 0.0010451153476903022
341.75136764432216 0.0010267054567418279
342.1750529351167 0.000974780123297283
342.5987382259113 0.0009851651899862965
343.0224235167058 0.0009575503535635854
343.44610880750037 0.0008806064503686804
343.8697940982949 0.0008768300624816965
344.2934793890895 0.0008499232987878902
344.71716467988404 0.0008109792987045796
345.1408499706786 0.0007692030077061189
345.5645352614731 0.0007491409470570402
345.9882205522677 0.0007363956379389663
346.41190584306224 0.0007000479045278763
346.8355911338568 0.00067384921356274
347.2592764246513 0.0006396256983379266
347.6829617154459 0.0006379735286375083
348.10664700624045 0.0006155512255592385
348.530332297035 0.0005801475891198651
348.9540175878295 0.000551116607239505
349.3777028786241 0.0005412035890365544
349.80138816941866 0.0005218496011163636
350.2250734602132 0.0005416756375224127
350.64875875100773 0.0004918745222643608
351.07244404180227 0.00046803607372845326
351.49612933259687 0.0004536385949098376
351.9198146233914 0.0004644957100845788
352.34349991418594 0.0004231914675719765
352.7671852049805 0.0004033654311658733
353.1908704957751 0.0003962847038780527
353.6145557865696 0.00038047107960179923
354.03824107736415 0.0003653655280543333
354.4619263681587 0.00034766370983459996
354.8856116589533 0.000328545746157385
355.3092969497478 0.0003172165824967855
355.73298224054236 0.00030777561277961924
356.1566675313369 0.0002980986188194839
356.5803528221315 0.0002959744006331614
357.004038112926 0.0002768564369558998
357.42772340372056 0.0002511297944766218
357.8514086945151 0.00025419810963466676
358.2750939853097 0.0002471173823468262
358.69877927610423 0.00023390002474279345
359.12246456689877 0.0002343720732286518
359.5461498576933 0.00021808640046651077
359.9698351484879 0.0002065212125630114
360.39352043928244 0.00019967650951806587
360.817205730077 0.00019353987920190782
361.2408910208715 0.0001833908367559295
361.6645763116661 0.00017371384279585872
362.08826160246065 0.00015790021851960529
362.5119468932552 0.00015813624276253443
362.9356321840497 0.00016191263064940092
363.35931747484426 0.0001491673215312065
363.78300276563886 0.00014869527304536817
364.2066880564334 0.00013996237605698943
364.63037334722793 0.0001326456245261856
365.05405863802247 0.0001347698427125299
365.47774392881706 0.00012627296996709837
365.9014292196116 0.00011565187903528638
366.32511451040614 0.0001144717578206406
366.7487998012007 0.00010857115174739713
367.17248509199527 0.00010550283658933267
367.5961703827898 0.00010337861840297028
368.01985567358435 9.795006081559968e-05
368.4435409643789 8.567680018327208e-05
368.8672262551735 8.095631532470046e-05
369.290911545968 8.591282442621274e-05
369.71459683676255 7.836004865247975e-05
370.1382821275571 7.104329712166639e-05
370.5619674183517 8.001221835298384e-05
370.9856527091462 6.372654559087207e-05
371.40933799994076 6.372654559087207e-05
371.8330232907353 6.490666680550916e-05
372.2567085815299 6.63228122630928e-05
372.68039387232443 5.145328495855598e-05
373.10407916311897 5.286943041613091e-05
373.5277644539135 5.499364860248594e-05
373.9514497447081 4.744087282876033e-05
374.37513503550264 4.083219402674396e-05
374.7988203262972 4.4844606156539614e-05
375.2225056170917 3.257134552422351e-05
375.64619090788625 3.870797584037637e-05
376.06987619868084 3.5639660682302536e-05
376.4935614894754 3.2099297038365196e-05
376.9172467802699 3.0919175823719414e-05
377.34093207106446 2.7850860665636656e-05
377.76461736185905 2.7142787936852926e-05
378.1883026526536 2.6434715208065455e-05
378.6119879434481 2.1242181863624028e-05
379.03567323424267 2.24223030782668e-05
379.45935852503726 2.5490618236348835e-05
379.8830438158318 1.9117963677261626e-05
380.30672910662634 1.7937842462615844e-05
380.7304143974209 1.4869527304534824e-05
381.15409968821547 1.7937842462615844e-05
381.57778497901 1.8409890948474156e-05
382.00147026980454 1.6285672762111754e-05
382.4251555605991 1.4869527304534824e-05
382.8488408513937 1.8173866705545e-05
383.2725261421882 1.5105551547465975e-05
383.69621143298275 1.486952730453682e-05
384.1198967237773 1.062109093181059e-05
384.5435820145719 1.3217357604032727e-05
384.9672673053664 1.085711517474117e-05
385.39095259616096 8.496872745449612e-06
385.8146378869555 8.024824259590223e-06
386.2383231777501 8.260848502520457e-06
386.6620084685446 8.496872745449612e-06
387.08569375933916 9.913018203024547e-06
387.5093790501337 9.204945474237078e-06
387.93306434092824 6.372654559086353e-06
388.35674963172283 7.552775773732988e-06
388.7804349225174 6.8447030449455195e-06
389.2041202133119 4.720484858583117e-06
389.62780550410645 6.608678802015477e-06
390.05149079490104 3.776387886866494e-06
390.4751760856956 3.776387886866494e-06
390.8988613764901 4.484460615653961e-06
391.32254666728466 4.48446061565336e-06
391.74623195807925 4.248436372724806e-06
392.1699172488738 4.248436372724806e-06
392.5936025396683 4.0124121297956496e-06
393.01728783046286 1.6521697005038692e-06
393.44097312125746 3.068315158079026e-06
393.864658412052 2.5962666722207146e-06
394.28834370284653 2.3602424292915584e-06
394.71202899364107 1.8881939434329936e-06
395.13571428443566 1.888193943433247e-06
395.5593995752302 2.8322909151498704e-06
395.98308486602474 2.8322909151498704e-06
396.4067701568193 3.0683151580786145e-06
396.8304554476139 1.888193943433247e-06
397.2541407384084 1.4161454575749352e-06
397.67782602920295 7.080727287874676e-07
398.1015113199975 1.1801212146457792e-06
398.525196610792 1.4161454575747452e-06
398.9488819015866 2.3602424292915586e-07
399.37256719238115 1.652169700504091e-06
399.7962524831757 7.080727287874676e-07
400.21993777397023 9.440969717164968e-07
400.6436230647648 4.720484858583117e-07
401.06730835555936 1.652169700504091e-06
401.4909936463539 7.080727287874676e-07
401.91467893714844 1.4161454575747452e-06
402.33836422794303 1.1801212146457792e-06
402.76204951873757 4.720484858583117e-07
403.1857348095321 9.440969717166235e-07
403.60942010032664 4.720484858582484e-07
404.03310539112124 9.440969717166235e-07
404.4567906819158 9.440969717166235e-07
404.8804759727103 1.1801212146457792e-06
405.30416126350485 4.720484858582484e-07
405.72784655429945 9.440969717166235e-07
406.151531845094 4.720484858583117e-07
406.5752171358885 2.3602424292915586e-07
406.99890242668306 2.360242429291242e-07
407.42258771747765 0.0
407.8462730082722 2.3602424292915586e-07
408.26995829906673 2.3602424292915586e-07
408.69364358986127 4.720484858582484e-07
409.11732888065586 0.0
409.5410141714504 4.720484858583117e-07
409.96469946224494 2.3602424292915586e-07
410.3883847530395 0.0
410.812070043834 0.0
411.2357553346286 0.0
411.65944062542314 2.3602424292915586e-07
412.0831259162177 2.3602424292915586e-07
412.5068112070122 2.360242429291242e-07
412.9304964978068 2.3602424292915586e-07
413.35418178860135 0.0
413.7778670793959 2.3602424292915586e-07
414.2015523701904 0.0
414.625237660985 2.3602424292915586e-07
415.04892295177956 2.3602424292915586e-07
415.4726082425741 2.3602424292915586e-07
415.89629353336863 2.360242429291242e-07
416.31997882416323 0.0
416.74366411495777 2.3602424292915586e-07
417.1673494057523 0.0
417.59103469654684 0.0
418.01471998734144 0.0
418.438405278136 0.0
418.8620905689305 0.0
419.28577585972505 0.0
419.70946115051964 0.0
420.1331464413142 0.0
420.5568317321087 0.0
420.98051702290326 0.0
421.40420231369785 0.0
421.8278876044924 0.0
422.2515728952869 0.0
422.67525818608146 0.0
423.098943476876 0.0
423.5226287676706 0.0
423.94631405846513 2.3602424292915586e-07
424.3699993492597 2.3602424292915586e-07
