1.633945755939475 2.3461975418566073e-07
2.0601673260160824 0.0
2.48638889609269 0.0
2.9126104661692978 0.0
3.3388320362459054 0.0
3.765053606322513 2.3461975418566086e-07
4.19127517639912 0.0
4.617496746475728 4.692395083713217e-07
5.043718316552336 0.0
5.469939886628944 0.0
5.896161456705551 0.0
6.322383026782159 0.0
6.748604596858766 0.0
7.174826166935374 4.692395083713217e-07
7.6010477370119816 0.0
8.02726930708859 0.0
8.453490877165196 2.3461975418566036e-07
8.879712447241804 0.0
9.305934017318412 0.0
9.73215558739502 0.0
10.158377157471627 2.3461975418566036e-07
10.584598727548235 0.0
11.010820297624843 2.3461975418566036e-07
11.437041867701451 0.0
11.863263437778057 4.692395083713207e-07
12.289485007854665 0.0
12.715706577931273 4.692395083713227e-07
13.14192814800788 0.0
13.568149718084488 0.0
13.994371288161096 0.0
14.420592858237704 2.3461975418566134e-07
14.84681442831431 0.0
15.273035998390919 7.038592625569811e-07
15.699257568467527 0.0
16.125479138544133 2.3461975418566134e-07
16.55170070862074 0.0
16.97792227869735 2.3461975418566134e-07
17.404143848773955 2.3461975418565938e-07
17.830365418850565 2.3461975418566134e-07
18.25658698892717 4.692395083713227e-07
18.682808559003778 0.0
19.109030129080388 2.3461975418566134e-07
19.535251699156994 2.3461975418566134e-07
19.9614732692336 9.384790167426375e-07
20.38769483931021 0.0
20.813916409386817 2.3461975418565938e-07
21.240137979463427 2.3461975418566134e-07
21.666359549540033 9.384790167426453e-07
22.09258111961664 7.038592625569781e-07
22.51880268969325 2.3461975418566134e-07
22.945024259769855 4.692395083713227e-07
23.371245829846462 4.6923950837131876e-07
23.79746739992307 1.6423382792996292e-06
24.223688969999678 4.692395083713227e-07
24.649910540076284 0.0
25.076132110152894 9.384790167426453e-07
25.5023536802295 1.407718525113968e-06
25.928575250306107 1.1730987709282969e-06
26.354796820382717 1.1730987709283066e-06
26.781018390459323 2.580817296042253e-06
27.207239960535933 3.5192963127849197e-06
27.63346153061254 1.407718525113968e-06
28.059683100689146 3.75391606697055e-06
28.485904670765755 4.223155575341904e-06
28.912126240842362 4.6923950837132265e-06
29.338347810918968 5.161634592084506e-06
29.764569380995578 4.6923950837132265e-06
30.190790951072184 7.2732123797555e-06
30.61701252114879 5.630874100455825e-06
31.0432340912254 8.211691396498147e-06
31.469455661302007 9.854029675797693e-06
31.895677231378617 8.915550659055206e-06
32.32189880145522 1.1730987709283067e-05
32.748120371531826 1.1261748200911557e-05
33.17434194160844 1.1027128446726082e-05
33.600563511685046 1.5250284022067986e-05
34.02678508176165 1.618876303881063e-05
34.45300665183826 1.5484903776253647e-05
34.879228221914865 1.6892622301367616e-05
35.30544979199147 1.571952353043931e-05
35.73167136206808 1.736186180973865e-05
36.15789293214469 1.9238819843224228e-05
36.5841145022213 1.3373325988582696e-05
37.0103360722979 1.4546424759511e-05
37.43655764237451 1.595414328462497e-05
37.862779212451116 1.8065721072295922e-05
38.28900078252772 2.017729885996654e-05
38.715222352604336 1.595414328462497e-05
39.14144392268094 1.9708059351595553e-05
39.56766549275755 2.2523496401823487e-05
39.993887062834155 2.135039763089518e-05
40.42010863291076 1.994267910578088e-05
40.846330202987374 1.783110131811026e-05
41.27255177306398 2.1585017385080843e-05
41.69877334314059 1.9942679105781212e-05
42.12499491321719 1.8534960580667247e-05
42.5512164832938 2.0881158122523856e-05
42.977438053370406 2.1350397630894825e-05
43.40365962344702 2.2288876647637828e-05
43.829881193523626 2.1585017385080843e-05
44.25610276360023 2.3461975418566134e-05
44.68232433367684 2.1585017385080843e-05
45.108545903753445 2.3227355664380085e-05
45.53476747383006 2.3696595172751793e-05
45.960989043906665 2.440045443530878e-05
46.38721061398327 2.1115777876709518e-05
46.81343218405988 2.651203222297973e-05
47.239653754136484 3.190828656924994e-05
47.66587532421309 2.8858229764835864e-05
48.0920968942897 2.3696595172751793e-05
48.51831846436631 2.838899025646502e-05
48.944540034442916 2.698127173135105e-05
49.37076160451952 2.9092849519022e-05
49.79698317459613 2.7450511239722373e-05
50.223204744672735 2.3227355664380085e-05
50.64942631474935 3.401986435692089e-05
51.075647884825955 3.4958343373663534e-05
51.50186945490256 3.167366681506428e-05
51.92809102497917 3.401986435692089e-05
52.354312595055774 3.261214583180638e-05
52.78053416513239 3.284676558599259e-05
53.20675573520899 3.167366681506428e-05
53.6329773052856 3.378524460273523e-05
54.059198875362206 3.871225944063412e-05
54.48542044543881 4.24661755076047e-05
54.91164201551542 3.706992116133387e-05
55.33786358559203 4.1058456982490734e-05
55.76408515566864 3.9650738457376765e-05
56.190306725745245 3.9416118703191106e-05
56.61652829582185 4.129307673667639e-05
57.04274986589846 3.777378042389084e-05
57.46897143597507 4.4577753295275655e-05
57.89519300605168 4.434313354108999e-05
58.321414576128284 4.293541501597603e-05
58.74763614620489 4.3170034770161686e-05
59.173857716281496 4.7627810099689245e-05
59.6000792863581 4.809704960805977e-05
60.026300856434716 5.560488174200174e-05
60.45252242651132 4.7627810099689245e-05
60.87874399658793 4.24661755076047e-05
61.304965566664535 4.7627810099689245e-05
61.73118713674114 5.4666402725258186e-05
62.157408706817755 4.387389403271867e-05
62.58363027689436 4.880090887061756e-05
63.00985184697097 4.575085206620396e-05
63.436073417047574 5.2085585429216816e-05
63.86229498712418 5.020862739573068e-05
64.2885165572008 5.513564223363041e-05
64.7147381272774 5.6308741004558715e-05
65.140959697354 4.7158570591317926e-05
65.56718126743061 5.5135642233628576e-05
65.99340283750723 6.193961510501459e-05
66.41962440758384 5.677798051293004e-05
66.84584597766045 5.865493854641534e-05
67.27206754773705 5.537026198781607e-05
67.69828911781366 5.1381726166659825e-05
68.12451068789026 5.724722002130136e-05
68.55073225796687 6.428581264687121e-05
68.97695382804348 5.935879780897232e-05
69.40317539812008 6.287809412175724e-05
69.82939696819669 6.264347436757157e-05
70.2556185382733 5.888955830059903e-05
70.68184010834992 5.7716459529672684e-05
71.10806167842652 6.61627706803565e-05
71.53428324850313 6.193961510501459e-05
71.96050481857974 5.9593417563157984e-05
72.38672638865634 6.780510895965612e-05
72.81294795873295 6.592815092617084e-05
73.23916952880955 6.287809412175724e-05
73.66539109888616 6.287809412175724e-05
74.09161266896277 7.648603986452559e-05
74.51783423903937 6.663201018872781e-05
74.94405580911598 6.66320101887256e-05
75.3702773791926 6.498967190942819e-05
75.7964989492692 7.155902502662671e-05
76.22272051934581 6.592815092617084e-05
76.64894208942242 6.874358797639877e-05
77.07516365949903 7.296674355174066e-05
77.50138522957563 6.381657313849988e-05
77.92760679965224 7.367060281429766e-05
78.35382836972884 6.757048920547046e-05
78.78004993980545 7.695527937289691e-05
79.20627150988206 7.202826453499803e-05
79.63249307995866 6.475505215524037e-05
80.05871465003528 7.46090818310403e-05
80.48493622011189 6.287809412175724e-05
80.9111577901885 6.803972871384178e-05
81.3373793602651 7.930147691475353e-05
81.76360093034171 7.625142011033993e-05
82.18982250041832 6.991668674732707e-05
82.61604407049492 6.710124969709913e-05
83.04226564057153 7.648603986452559e-05
83.46848721064814 7.765913863545389e-05
83.89470878072474 7.742451888126824e-05
84.32093035080135 7.554756084778042e-05
84.74715192087797 7.648603986452559e-05
85.17337349095457 7.625142011033993e-05
85.59959506103118 8.047457568568184e-05
86.02581663110779 8.023995593149617e-05
86.4520382011844 8.352463249009542e-05
86.878259771261 8.845164732799432e-05
87.3044813413376 7.226288428918369e-05
87.73070291141421 8.07091954398675e-05
88.15692448149082 8.516697076939506e-05
88.58314605156743 8.258615347335279e-05
89.00936762164403 7.531294109359478e-05
89.43558919172065 8.422849175265241e-05
89.86181076179726 8.563621027776638e-05
90.28803233187386 9.126708437822226e-05
90.71425390195047 8.540159052358072e-05
91.14047547202708 8.49323510152094e-05
91.56669704210368 8.30553929817241e-05
91.99291861218029 8.329001273590978e-05
92.4191401822569 9.10324646240366e-05
92.8453617523335 8.516697076939506e-05
93.27158332241011 9.03286053614796e-05
93.69780489248672 8.329001273590978e-05
94.12402646256332 9.854029675797448e-05
94.55024803263994 8.540159052358072e-05
94.97646960271655 9.33786621658932e-05
95.40269117279315 9.83056770037921e-05
95.82891274286976 9.83056770037921e-05
96.25513431294637 9.384790167426453e-05
96.68135588302297 0.00010604812889191892
97.10757745309958 9.314404241170756e-05
97.53379902317619 0.00010651736840029025
97.96002059325279 0.00010299807208750532
98.3862421633294 0.00010487503012099062
98.812463733406 9.830567700378882e-05
99.23868530348263 0.00010252883257913399
99.66490687355923 0.00011379058078004575
100.09112844363584 0.0001037019313500623
100.51735001371244 0.00011543291905934537
100.94357158378905 0.00010839432643377554
101.36979315386566 0.00010581350913773326
101.79601472394226 0.00010628274864610458
102.22223629401887 0.00011566753881353104
102.64845786409548 0.00010464041036680496
103.07467943417208 0.00011566753881353104
103.50090100424869 0.0001170752573386411
103.92712257432531 0.00011871759561794464
104.35334414440192 0.00012153303266817256
104.77956571447852 0.0001128521017633031
105.20578728455513 0.00012294075119328654
105.63200885463174 0.00011942145488050161
106.05823042470834 0.00011871759561794464
106.48445199478495 0.00013209092160652733
106.91067356486155 0.00014006799324883982
107.33689513493816 0.00013725255619861189
107.76311670501477 0.00012997934381885637
108.18933827509137 0.0001342024993941938
108.615559845168 0.00013256016111489865
109.0417814152446 0.000132325541360713
109.4680029853212 0.00013795641546116886
109.89422455539781 0.00014358728956162474
110.32044612547442 0.00014405652906999606
110.74666769555103 0.00015391055874579382
111.17288926562763 0.0001595414328462497
111.59911083570424 0.00016704926498019084
112.02533240578084 0.0001473412056285953
112.45155397585745 0.0001522682204664942
112.87777554593406 0.00016212225014228655
113.30399711601068 0.00015414517849997948
113.73021868608728 0.00016822236375111917
114.15644025616389 0.0001510951216955659
114.5826618262405 0.00015742985505857876
115.0088833963171 0.0001602452921088067
115.43510496639371 0.00017150704030971842
115.86132653647032 0.0001855842255608581
116.28754810654692 0.0001644684476841486
116.71376967662353 0.00017666867490180298
117.13999124670013 0.00018183030949388753
117.56621281677674 0.00017901487244365363
117.99243438685336 0.00019144971941549964
118.41865595692997 0.0001900420008903857
118.84487752700657 0.00019520363548247024
119.27109909708318 0.00020482304540408235
119.69732066715979 0.0002031807071247827
120.12354223723639 0.00020411918614152535
120.549763807313 0.00022312338623056393
120.9759853773896 0.00021186163802965215
121.40220694746621 0.00022851964057683412
121.82842851754282 0.00023321203566054738
122.25465008761942 0.00022992735910194043
122.68087165769604 0.00022828502082264848
123.10709322777265 0.00024916617894517237
123.53331479784926 0.0002580817296042274
123.95953636792586 0.0002414237270570455
124.38575793800247 0.00025338933452051423
124.81197950807908 0.00027380125313466677
125.23820107815568 0.0002606625469002697
125.66442264823229 0.00028529762108976415
126.0906442183089 0.0002972632285532329
126.5168657883855 0.00029491703101137626
126.94308735846211 0.00031016731503343394
127.36930892853873 0.0003066480187206594
127.79553049861534 0.0003003132853576565
128.22175206869193 0.00031227889282110484
128.64797363876855 0.0003268253175806371
129.07419520884514 0.0003427794608652398
129.50041677892176 0.00036788377456312924
129.92663834899835 0.000368353014071476
130.35285991907497 0.000380787861043341
130.77908148915157 0.00037257616964681776
131.20530305922819 0.0003904072709649535
131.63152462930478 0.00040096515990328184
132.0577461993814 0.0003990882018698232
132.483967769458 0.0004434313354108851
132.9101893395346 0.00044225823663998637
133.3364109096112 0.0004650163527959652
133.76263247968782 0.000505605570270117
134.18885404976442 0.0005018516542031129
134.61507561984104 0.000535636898805847
135.04129718991766 0.0005443178297107525
135.46751875999425 0.0005278944469177204
135.89374033007087 0.0005766953557883748
136.31996190014746 0.0006100113608826991
136.74618347022408 0.0006292501807259647
137.17240504030067 0.0006407465486810197
137.5986266103773 0.0006517736771277889
138.0248481804539 0.0006815703859093234
138.4510697505305 0.000730371294779988
138.8772913206071 0.0007282597169922685
139.30351289068372 0.0007838645987342684
139.72973446076034 0.0008068573346445162
140.15595603083693 0.0008406425792471966
140.58217760091355 0.0009344904809215202
141.00839917099015 0.0009490369056809685
141.43462074106677 0.0009633487106863575
141.86084231114336 0.0010853509828628331
142.28706388121998 0.0011224209040242414
142.71328545129657 0.0012272959341451536
143.1395070213732 0.0013408518951710992
143.56572859144978 0.0013492982063216933
143.9919501615264 0.0016707272695560386
144.41817173160302 0.0017448671118788213
144.84439330167962 0.0018725002581557008
145.27061487175624 0.0022363954968977985
145.69683644183283 0.002275811615600839
146.12305801190945 0.0026312605431922796
146.54927958198604 0.002903654077801648
146.97550115206266 0.0029829555547165976
147.40172272213925 0.003448675766774921
147.82794429221588 0.003607044100850478
148.25416586229247 0.0038341560229019495
148.6803874323691 0.004152535029331881
149.1066090024457 0.004238640479118299
149.5328305725223 0.0045349652286544966
149.95905214259892 0.004673156263870158
150.3852737126755 0.004748469204963441
150.81149528275213 0.004867656040090078
151.23771685282873 0.004959157744222158
151.66393842290535 0.005074590663281839
152.09015999298194 0.005117526078297474
152.51638156305856 0.00510532585108016
152.94260313313515 0.005122922332643744
153.36882470321177 0.005090310186811938
153.7950462732884 0.005212547078743012
154.22126784336498 0.005116352979526546
154.6474894134416 0.005104152752309232
155.0737109835182 0.005085852411482411
155.49993255359482 0.005055351843438614
155.9261541236714 0.005086556270744968
156.35237569374803 0.005035878403841203
156.77859726382462 0.004937807346591264
157.20481883390124 0.004921618583552782
157.63104040397783 0.004859678968447441
158.05726197405446 0.004919976245273155
158.48348354413108 0.0048831409438663325
158.90970511420767 0.004812285778101939
159.3359266842843 0.004854986573364052
159.76214825436088 0.004806889523755669
160.1883698244375 0.004854282714101495
160.6145913945141 0.0048247206250737786
161.0408129645907 0.00473697283700866
161.4670345346673 0.004727353427086732
161.89325610474393 0.004695679760271982
162.31947767482052 0.00451267635200686
162.74569924489714 0.004536607566933796
163.17192081497376 0.004433140255338219
163.59814238505035 0.004362285089573856
164.02436395512697 0.004408739800902909
164.45058552520356 0.004259756256994725
164.87680709528018 0.00434093469194325
165.30302866535678 0.004267264089128666
165.7292502354334 0.00420391675549882
166.15547180551 0.00419852050115227
166.5816933755866 0.004137519365064275
167.0079149456632 0.004050710056015308
167.43413651573982 0.004053994732573907
167.86035808581644 0.003973520156888493
168.28657965589304 0.003948181223436177
168.71280122596966 0.003959912211145724
169.13902279604625 0.0038946879194818483
169.56524436612287 0.0038857723688230524
169.99146593619946 0.0038156210623212826
170.41768750627608 0.003772216407797189
170.84390907635267 0.0038662989292253844
171.2701306464293 0.0036227636243809174
171.6963522165059 0.0037468774743448863
172.1225737865825 0.003698545804982642
172.54879535665913 0.003664525940625966
172.97501692673572 0.003662648982592237
173.40123849681234 0.0036213559058558037
173.82746006688893 0.003603055565029081
174.25368163696555 0.003603055565029321
174.67990320704214 0.0035246925671310724
175.10612477711877 0.0035049845077797116
175.53234634719536 0.0034934881398243807
175.95856791727198 0.003415594381434972
176.38478948734857 0.003408555788809174
176.8110110574252 0.0033649165145306424
177.2372326275018 0.0032949998277835373
177.6634541975784 0.003273180190644052
178.08967576765502 0.0032506566942424463
178.51589733773162 0.0031706513580649215
178.94211890780824 0.0031934094742211427
179.36834047788483 0.0031183311528815206
179.79456204796145 0.0030575646365476406
180.22078361803804 0.003036214238916542
180.64700518811466 0.002944243295275962
181.07322675819125 0.003015333080794019
181.49944832826787 0.0029245352359241706
181.9256698983445 0.002908111853131369
182.3518914684211 0.0028902807518130656
182.7781130384977 0.0028771420455788606
183.2043346085743 0.0029074079938686184
183.63055617865092 0.0028569647467188933
184.0567777487275 0.002820364065065741
184.48299931880413 0.002821067924328486
184.90922088888072 0.0028034714427643734
185.33544245895735 0.0028098061761275737
185.76166402903394 0.0027844672426753357
186.18788559911056 0.0027682784796367104
186.61410716918715 0.0028130908526859855
187.04032873926377 0.0027499781388100448
187.4665503093404 0.002776490171033209
187.89277187941698 0.002750447378318416
188.3189934494936 0.0027021157089563517
188.7452150195702 0.002664341928532281
189.17143658964682 0.002695311736084967
189.5976581597234 0.0026702074223869227
190.02387972980003 0.002629383585158794
190.45010129987662 0.0025672093502994205
190.87632286995324 0.00262093727400811
191.30254444002983 0.002571667125628948
191.72876601010645 0.002557589940377809
192.15498758018308 0.0025613438564449503
192.58120915025967 0.002578001858991961
193.0074307203363 0.0025127775673285165
193.43365229041288 0.002574482562679176
193.8598738604895 0.0025022196783901613
194.2860954305661 0.0024855616758428134
194.7123170006427 0.00251043136978666
195.1385385707193 0.002469372912804003
195.56476014079593 0.002499638861094119
195.99098171087252 0.0024895502116639694
196.41720328094914 0.002532954866188315
196.84342485102576 0.002517000722903859
197.26964642110235 0.002508554411753007
197.69586799117897 0.002516531483395487
198.12208956125556 0.0025080851722446363
198.54831113133218 0.0025726056046458624
198.97453270140878 0.00252568165380856
199.4007542714854 0.0025219277377417576
199.826975841562 0.002508789031507193
200.2531974116386 0.00251746996241223
200.6794189817152 0.002535066443975986
201.10564055179182 0.002521693117987404
201.53186212186844 0.0025690863083330773
201.95808369194503 0.0025714325058747625
202.38430526202166 0.002559232278657279
202.81052683209825 0.00260826780728191
203.23674840217487 0.002569790167595634
203.66296997225146 0.0025998214961312264
204.08919154232808 0.0025963021998186148
204.51541311240467 0.0026622303507446102
204.9416346824813 0.0026725536199289574
205.36785625255789 0.0026512032222978845
205.7940778226345 0.002727454642408222
206.22029939271113 0.0027262815436374754
206.64652096278772 0.0027567821116814286
207.07274253286434 0.0027534974351230133
207.49896410294093 0.002773674733982796
207.92518567301755 0.002787048059971564
208.35140724309414 0.002823414121870154
208.77762881317076 0.002837256687367297
209.20385038324736 0.0028684611146737996
209.63007195332398 0.0028696342134449195
210.05629352340057 0.00291702740379023
210.4825150934772 0.0029829555547163985
210.9087366635538 0.002973570764549171
211.3349582336304 0.0029674706509401454
211.76117980370702 0.0029993789375095943
212.18740137378362 0.0030500568044134952
212.61362294386024 0.003005713670872607
213.03984451393683 0.0031295929010824322
213.46606608401345 0.003151412538221908
213.89228765409004 0.003083138189753673
214.31850922416666 0.0032112405755392536
214.74473079424325 0.003221094605214837
215.17095236431987 0.0032135867730808962
215.5971739343965 0.00327482252892357
216.0233955044731 0.003314942506889098
216.4496170745497 0.0032616838226891725
216.8758386446263 0.0034040980134796466
217.30206021470292 0.0034174713394684573
217.7282817847795 0.0033815745170778237
218.15450335485613 0.003470730023668604
218.58072492493272 0.0034615798532551313
219.00694649500934 0.0034885611249867144
219.43316806508594 0.0034676799668639587
219.85938963516256 0.003539708231398954
220.28561120523918 0.0035669241228847284
220.71183277531577 0.0035617624882924056
221.1380543453924 0.0035418198091868615
221.56427591546898 0.003621121286101376
221.9904974855456 0.0036082171996214057
222.4167190556222 0.003676256928335005
222.84294062569882 0.0037297502322895825
223.2691621957754 0.0036692183357094348
223.69538376585203 0.0037093383136754293
224.12160533592862 0.003757435363283241
224.54782690600524 0.0037548545459871988
224.97404847608186 0.0037290463730270253
225.40027004615845 0.0037996669190366586
225.82649161623507 0.003799197679528541
226.25271318631167 0.0037860589732938905
226.6789347563883 0.0038487024476617166
227.10515632646488 0.00390970358374973
227.5313778965415 0.00387615295890144
227.9575994666181 0.0039061842874369454
228.3838210366947 0.003859729576108443
228.8100426067713 0.003820313457404996
229.23626417684793 0.003910172823258101
229.66248574692455 0.00392706544555973
230.08870731700114 0.004001909147144692
230.51492888707776 0.003943958067861098
230.94115045715435 0.003958269872866161
231.36737202723097 0.003963666127212695
231.79359359730756 0.0040075400212451475
232.21981516738418 0.004043671463390007
232.64603673746078 0.003996278273044236
233.0722583075374 0.004070887354875545
233.498479877614 0.004057748648640877
233.9247014476906 0.004074172031433873
234.35092301776723 0.004075814369713444
234.77714458784382 0.0040701834956127165
235.20336615792044 0.004078395187009487
235.62958772799703 0.0041553504663821095
236.05580929807365 0.0041372847453100894
236.48203086815025 0.004127196095879831
236.90825243822687 0.004134938547768233
237.33447400830346 0.0041436194786728265
237.76069557838008 0.0041422117601479895
238.18691714845667 0.0041755277652420755
238.6131387185333 0.004172712328191847
239.0393602886099 0.004184208696147224
239.4655818586865 0.004240986676659873
239.89180342876313 0.0042325403655094716
240.31802499883972 0.004184677935655316
240.74424656891634 0.0042710180051959215
241.17046813899293 0.004289083726267932
241.59668970906955 0.004352431059898349
242.02291127914614 0.004370496780970353
242.44913284922276 0.004341638551205808
242.87535441929936 0.004352431059898058
243.30157598937598 0.004366977484657569
243.7277975594526 0.004363223568590889
244.1540191295292 0.004437832650421636
244.5802406996058 0.004445105862801688
245.0064622696824 0.0044350172133714085
245.43268383975902 0.004513380211269717
245.85890540983561 0.004481941164208539
246.28512697991223 0.0045323844113587565
246.71134854998883 0.004543176920050995
247.13757012006545 0.004608401211714914
247.56379169014204 0.004544115399067737
247.99001326021866 0.004628578510574573
248.41623483029528 0.0047008413948640675
248.84245640037187 0.004703656831913981
249.2686779704485 0.004699433676338953
249.69489954052509 0.00473181120241626
250.1211211106017 0.004751753881522358
250.5473426806783 0.004722191792494648
250.97356425075492 0.0048158050744150456
251.3997858208315 0.0048188551312191375
251.82600739090813 0.004821905188023872
252.25222896098472 0.004893933452558547
252.67845053106134 0.004906837539038758
253.10467210113796 0.004923026302077895
253.53089367121456 0.004985904396199323
253.95711524129118 0.004992239129562668
254.38333681136777 0.0049927083690707065
254.8095583814444 0.005076936860823694
255.23577995152098 0.005112129823951204
255.6620015215976 0.0050931256238625055
256.0882230916742 0.005156472957492293
256.5144446617508 0.005149199745112538
256.94066623182744 0.005215362515792891
257.36688780190406 0.005284340723524178
257.7931093719806 0.005296775570495314
258.21933094205724 0.005361296002896368
258.64555251213386 0.005285513822294402
259.0717740822105 0.005401415980862836
259.49799565228705 0.005359419044862883
259.92421722236367 0.005456786242849929
260.3504387924403 0.005450686129241102
260.7766603625169 0.005517787378938935
261.20288193259347 0.005561192033462545
261.6291035026701 0.005541249354356764
262.0553250727467 0.005590988742244123
262.48154664282333 0.005691640616789769
262.90776821289995 0.005659028470958717
263.3339897829765 0.005607177505282933
263.76021135305314 0.005717214169996005
264.18643292312976 0.005738329947872713
264.6126544932064 0.005805431197570585
265.03887606328294 0.005820446861837692
265.46509763335956 0.005915467862282882
265.8913192034362 0.005943387613030975
266.3175407735128 0.005998054015757031
266.74376234358937 0.005934002822863549
267.169983913666 0.005941041415489118
267.5962054837426 0.006129675697854383
268.02242705381923 0.0061033982853855905
268.44864862389585 0.006209211794524148
268.8748701939724 0.006196542327797295
269.30109176404903 0.006240181602075826
269.72731333412565 0.006201938582143565
270.1535349042023 0.006259420421919884
270.57975647427884 0.006324410093828476
271.00597804435546 0.00634411815318007
271.4321996144321 0.006440312252396189
271.8584211845087 0.006507882741601656
272.2846427545853 0.006485359245200699
272.7108643246619 0.006565364581377142
273.1370858947385 0.006639035184191436
273.5633074648151 0.006680328260928112
273.98952903489175 0.006683378317733417
274.4157506049683 0.006715755843810146
274.84197217504493 0.006797872757775124
275.26819374512155 0.006860516232142694
275.69441531519817 0.00685558921730571
276.12063688527473 0.006839165834511799
276.54685845535136 0.006975245291939478
276.973080025428 0.007009969015558956
277.3993015955046 0.007062523840496542
277.8255231655812 0.007152617826104787
278.2517447356578 0.007171387406438685
278.6779663057344 0.007199541776940963
279.104187875811 0.007220657554817673
279.53040944588764 0.007334213515844506
279.9566310159642 0.00738653372102693
280.3828525860408 0.0073794951284013605
280.80907415611745 0.007400845526032255
281.23529572619407 0.007498681963527671
281.6615172962707 0.007590183667661088
282.08773886634725 0.007650246324731605
282.5139604364239 0.007688254724909679
282.9401820065005 0.007676992976708768
283.3664035765771 0.007756763693132925
283.7926251466537 0.007854365510873122
284.2188467167303 0.007830903535454558
284.6450682868069 0.007870788893666119
285.07128985688354 0.00790973577286199
285.4975114269601 0.007956425103943883
285.9237329970367 0.008074438840299266
286.34995456711334 0.008120424312119652
286.77617613718996 0.008166879023448414
287.2023977072666 0.008197379591493642
287.62861927734315 0.008247118979379906
288.05484084741977 0.008273631011602885
288.4810624174964 0.00834730161441718
288.907283987573 0.008323839638999726
289.3335055576496 0.008450768926013054
289.7597271277262 0.008531478121452917
290.1859486978028 0.008486900368157645
290.61217026787943 0.00849792749660437
291.03839183795606 0.008587083003196064
291.4646134080326 0.008669199917159897
291.89083497810924 0.008724570179147711
292.31705654818586 0.008791906048598993
292.7432781182625 0.008685857919708237
293.16949968833904 0.008856191861245862
293.59572125841567 0.00895191672095361
294.0219428284923 0.00884446087353658
294.4481643985689 0.008868157468710515
294.87438596864547 0.008960363032104294
295.3006075387221 0.008898892656507652
295.7268291087987 0.008926577787501559
296.15305067887533 0.008965290046942192
296.57927224895195 0.009067115020259975
297.0054938190285 0.009043183805331829
297.43171538910514 0.008977959513668216
297.85793695918176 0.008973736358092874
298.2841585292584 0.009015498674339125
298.71038009933494 0.008979132612439145
299.13660166941156 0.008990394360640057
299.5628232394882 0.009060076427633196
299.9890448095648 0.00901080627925541
300.41526637964137 0.00898265190875193
300.841487949718 0.008902646572574622
301.2677095197946 0.008935962577668984
301.6939310898712 0.008763517058342529
302.12015265994785 0.008897484937983724
302.5463742300244 0.008765863255884387
302.97259580010103 0.008778298102856227
303.39881737017765 0.008741228181694894
303.8250389402543 0.008693131132087993
304.25126051033084 0.00861453351443464
304.67748208040746 0.008673188452981054
305.1037036504841 0.00857089424015611
305.5299252205607 0.008439741797566328
305.9561467906373 0.008466253829790436
306.3823683607139 0.008367948152785519
306.8085899307905 0.0083290012735907
307.2348115008671 0.008272927152340327
307.66103307094374 0.008163828966645088
308.0872546410203 0.008222483905190413
308.51347621109693 0.008155148035739131
308.93969778117355 0.008003818294289384
309.36591935125017 0.00787946982457204
309.79214092132673 0.00784427686144314
310.21836249140335 0.007768963920349545
310.64458406148 0.007682623850809224
311.0708056315566 0.007584318173805435
311.4970272016332 0.0075172169241093404
311.9232487717098 0.007485074017784903
312.3494703417864 0.007415626570545951
312.775691911863 0.007281424071151756
313.20191348193964 0.007169041208897785
313.6281350520162 0.007131971287735495
314.0543566220928 0.007048446655245403
314.48057819216945 0.00696327968447601
314.90679976224607 0.006861454711159436
315.3330213323227 0.006763852893419107
315.75924290239925 0.00671176730798899
316.18546447247587 0.00653955640841672
316.6116860425525 0.006521490687344425
317.0379076126291 0.006398549936151995
317.4641291827057 0.006278190002253902
317.8903507527823 0.006202407821651936
318.3165723228589 0.006200765483372637
318.74279389293554 0.006063747546929023
319.1690154630121 0.005935879780897034
319.5952370330887 0.005802381140765397
320.02145860316534 0.005787600096251701
320.44768017324196 0.0057019638859739374
320.8739017433186 0.00562735480414365
321.30012331339515 0.005476494302201524
321.72634488347177 0.005382411780773077
322.1525664535484 0.005317891348372022
322.578788023625 0.005175711777336206
323.0050095937016 0.005125972389448157
323.4312311637782 0.005026493613673441
323.8574527338548 0.004914110751418513
324.28367430393143 0.004865544462302082
324.70989587400805 0.004779204392762399
325.1361174440846 0.004632801666149914
325.56233901416124 0.004630455468608058
325.98856058423786 0.004490387475359223
326.4147821543145 0.004430559438042472
326.84100372439104 0.0042977646571728005
327.26722529446766 0.004201101318448312
327.6934468645443 0.004110538093332649
328.1196684346209 0.00404625228068632
328.54589000469747 0.003996747512552608
328.9721115747741 0.0039235461492466836
329.3983331448507 0.0037905167486234183
329.82455471492733 0.0037210693013844647
330.25077628500395 0.0036863455777654797
330.6769978550805 0.0035795935896105156
331.10321942515714 0.003478003236048127
331.52944099523376 0.0034794109545732413
331.9556625653104 0.003289603573437486
332.38188413538694 0.0032166368298853095
332.80810570546356 0.00315399335551774
333.2343272755402 0.0031657243432270227
333.6605488456168 0.0030075906289058923
334.0867704156934 0.002951281887901729
334.51299198577 0.0028637687195900868
334.9392135558466 0.00279127121554672
335.3654351259232 0.00272862774117915
335.79165669599985 0.002679592212554706
336.2178782660764 0.0026153063999074795
336.64409983615303 0.002522866216758332
337.07032140622965 0.0024555303473070495
337.4965429763063 0.002395233070481656
337.92276454638284 0.002301619788561261
338.34898611645946 0.0022537573587073875
338.7752076865361 0.0022089449856579277
339.2014292566127 0.0021995601954905015
339.6276508266893 0.002071457809705411
340.0538723967659 0.002048934313303312
340.4800939668425 0.0019213011670263164
340.9063155369191 0.0019271666608809577
341.33253710699574 0.0018886890211947626
341.7587586770723 0.0018084490652630172
342.1849802471489 0.0017502633662249752
342.61120181722555 0.0017059202326838866
343.03742338730217 0.0016184070643726377
343.4636449573788 0.0015975259062503276
343.88986652745535 0.0015557635900050684
344.316088097532 0.0014938239749000559
344.7423096676086 0.0014659042241519631
345.1685312376852 0.001415695596756422
345.5947528077618 0.0013767487175614147
346.0209743778384 0.0012861854924457524
346.447195947915 0.0012509925293179044
346.87341751799164 0.0012160341859444044
347.2996390880682 0.0011974992253635755
347.7258606581448 0.0011669986573194405
348.15208222822145 0.0011055282817227993
348.57830379829807 0.0010489849209640567
349.0045253683747 0.0010478118221932684
349.43074693845125 0.0010297461011208333
349.85696850852787 0.0009544331600272384
350.2831900786045 0.0009321442833796015
350.7094116486811 0.0008939012634474592
351.1356332187577 0.000879589458442015
351.5618547888343 0.0008394694804762683
351.9880763589109 0.0008157728853035172
352.41429792898754 0.0007744798085668423
352.84051949906416 0.0007618103418409186
353.2667410691407 0.0007205172651041419
353.69296263921734 0.0006965860501772053
354.11918420929396 0.0006728894550044542
354.5454057793706 0.0006618623265578167
354.97162734944715 0.0006076651633408426
355.39784891952377 0.0006067266843241
355.8240704896004 0.0005651989878332393
356.250292059677 0.0005443178297107888
356.6765136297536 0.0005447870692190874
357.1027351998302 0.0005067786690410115
357.5289567699068 0.00047674734050524793
357.95517833998343 0.00048003201706384705
358.38139991006005 0.0004605585774664993
358.8076214801366 0.00043146572794741677
359.23384305021324 0.00043005800942230287
359.66006462028986 0.0003969766240821257
360.0862861903665 0.0003969766240821787
360.51250776044304 0.00036459909800450556
360.93872933051966 0.00034700261644058153
361.3649509005963 0.00034090250283175456
361.7911724706729 0.0003176751471673748
362.2173940407495 0.00029820170757000535
362.6436156108261 0.00030500568044134954
363.0698371809027 0.0002688742382967589
363.49605875097933 0.00026465108272141714
363.92228032105595 0.0002517469962412398
364.3485018911325 0.00023649671221913872
364.77472346120913 0.00023438513443146784
365.20094503128576 0.0002205425689345143
365.6271666013624 0.00021866561090105825
366.05338817143894 0.00021514631458824428
366.47960974151556 0.0001912150996613076
366.9058313115922 0.0001832380280189954
367.3320528816688 0.00017502633662249754
367.7582744517454 0.0001710378008013642
368.184496021822 0.00016587616620925702
368.6107175918986 0.00016517230694670007
369.0369391619752 0.00015179898095811782
369.46316073205185 0.00015015664267883827
369.8893823021284 0.0001372525561986073
370.31560387220503 0.00012739852652280986
370.74182544228165 0.000124583089472582
371.1680470123583 0.00011848297586377082
371.59426858243484 0.00011848297586375502
372.02049015251146 0.00010956742520470017
372.4467117225881 0.00010370193135005884
372.8729332926647 0.0001004172547914597
373.2991548627413 0.00010041725479147309
373.7253764328179 8.798240781962006e-05
374.1515980028945 8.610544978613484e-05
374.5778195729711 7.977071642312219e-05
375.00404114304774 7.648603986453325e-05
375.4302627131243 7.06205460098817e-05
375.8564842832009 6.147037559664121e-05
376.28270585327755 6.05318965798986e-05
376.70892742335417 5.888955830059903e-05
377.1351489934308 6.0766516334092365e-05
377.56137056350735 4.950476813317289e-05
377.987592133584 5.1616345920843777e-05
378.4138137036606 4.69239508371307e-05
378.8400352737372 4.762781009969401e-05
379.2662568438138 3.824301993226152e-05
379.6924784138904 4.927014837898724e-05
380.118699983967 3.941611870318979e-05
380.54492155404364 3.5896822390409776e-05
380.9711431241202 3.660068165296195e-05
381.3973646941968 3.6131442144590644e-05
381.82358626427344 3.02659482899493e-05
382.24980783435007 2.885822976483538e-05
382.6760294044267 2.8623610010653546e-05
383.10225097450325 2.416583468112231e-05
383.52847254457987 1.9473439597409243e-05
383.9546941146565 1.9004200089037935e-05
384.3809156847331 2.017729885996889e-05
384.8071372548097 1.8065721072295322e-05
385.2333588248863 1.6423382792995745e-05
385.6595803949629 1.8534960580666627e-05
386.08580196503954 1.3842565496953557e-05
386.51202353511616 1.5015664267883827e-05
386.9382451051927 1.196560746346833e-05
387.36446667526934 1.4546424759510518e-05
387.79068824534596 1.1730987709282675e-05
388.2169098154226 1.2669466726026979e-05
388.64313138549915 8.68093090486918e-06
389.06935295557577 1.1261748200911369e-05
389.4955745256524 1.0088649429983102e-05
389.921796095729 8.211691396498967e-06
390.34801766580557 8.446311150683527e-06
390.7742392358822 1.1027128446725715e-05
391.2004608059588 7.97707164231222e-06
391.62668237603543 5.865493854641338e-06
392.05290394611205 6.3347333630134895e-06
392.4791255161886 5.6308741004556845e-06
392.90534708626524 4.457775329527417e-06
393.33156865634186 5.161634592084377e-06
393.7577902264185 5.630874100456436e-06
394.18401179649504 2.3461975418565353e-06
394.61023336657166 5.6308741004556845e-06
395.0364549366483 3.98853582115611e-06
395.4626765067249 3.284676558599149e-06
395.8888980768015 3.2846765585995866e-06
396.3151196468781 2.8154370502278422e-06
396.7413412169547 1.8769580334852278e-06
397.16756278703133 2.1115777876708817e-06
397.59378435710795 5.161634592085066e-06
398.0200059271845 4.457775329527417e-06
398.44622749726113 1.4077185251139211e-06
398.87244906733775 1.8769580334852278e-06
399.2986706374144 1.8769580334854783e-06
399.72489220749094 1.4077185251139211e-06
400.15111377756756 1.8769580334852278e-06
400.5773353476442 1.1730987709282677e-06
401.0035569177208 7.038592625569606e-07
401.4297784877974 1.8769580334854783e-06
401.856000057874 1.4077185251139211e-06
402.2822216279506 9.384790167426139e-07
402.7084431980272 9.384790167426139e-07
403.13466476810385 7.038592625570545e-07
403.5608863381804 1.1730987709282677e-06
403.98710790825703 2.3461975418565348e-07
404.41332947833365 9.384790167426139e-07
404.83955104841027 7.038592625569606e-07
405.2657726184869 0.0
405.69199418856346 7.038592625569606e-07
406.1182157586401 1.1730987709282677e-06
406.5444373287167 7.038592625569606e-07
406.9706588987933 2.346197541856848e-07
407.3968804688699 7.038592625569606e-07
407.8231020389465 0.0
408.2493236090231 2.3461975418565348e-07
408.67554517909974 7.038592625570545e-07
409.1017667491763 0.0
409.5279883192529 4.6923950837130695e-07
409.95420988932955 2.3461975418565348e-07
410.38043145940617 0.0
410.8066530294828 4.692395083713696e-07
411.23287459955935 4.6923950837130695e-07
411.659096169636 2.3461975418565348e-07
412.0853177397126 7.038592625569606e-07
412.5115393097892 0.0
412.9377608798658 4.6923950837130695e-07
413.3639824499424 0.0
413.790204020019 0.0
414.21642559009564 2.3461975418565348e-07
414.64264716017226 2.346197541856848e-07
415.0688687302488 0.0
415.49509030032544 0.0
415.92131187040206 0.0
416.3475334404787 2.346197541856848e-07
416.77375501055525 0.0
417.19997658063187 0.0
417.6261981507085 0.0
418.0524197207851 0.0
418.4786412908617 0.0
418.9048628609383 0.0
419.3310844310149 2.3461975418565348e-07
419.75730600109154 0.0
420.18352757116816 2.346197541856848e-07
420.6097491412447 0.0
421.03597071132134 0.0
421.46219228139796 0.0
421.8884138514746 0.0
422.31463542155115 0.0
422.74085699162777 2.3461975418565348e-07
423.1670785617044 0.0
423.593300131781 0.0
424.0195217018576 0.0
424.4457432719342 2.3461975418565348e-07
424.8719648420108 0.0
425.29818641208743 0.0
425.72440798216405 0.0
426.1506295522406 2.3461975418565348e-07
426.57685112231724 0.0
427.00307269239386 2.3461975418565348e-07
427.4292942624705 0.0
427.85551583254704 2.3461975418565348e-07
