2.1864431237556676 2.3215074409127547e-07
2.6171977198326144 0.0
3.047952315909561 0.0
3.4787069119865084 0.0
3.909461508063455 0.0
4.340216104140402 0.0
4.770970700217349 0.0
5.2017252962942955 2.321507440912752e-07
5.632479892371243 2.321507440912752e-07
6.06323448844819 0.0
6.493989084525136 4.643014881825504e-07
6.9247436806020835 0.0
7.355498276679031 2.3215074409127568e-07
7.786252872755977 0.0
8.217007468832925 0.0
8.64776206490987 0.0
9.078516660986818 2.3215074409127476e-07
9.509271257063766 0.0
9.94002585314071 0.0
10.370780449217659 0.0
10.801535045294605 0.0
11.232289641371553 4.6430148818255137e-07
11.6630442374485 0.0
12.093798833525446 2.3215074409127476e-07
12.524553429602394 2.3215074409127568e-07
12.95530802567934 0.0
13.386062621756286 0.0
13.816817217833233 6.964522322738242e-07
14.24757181391018 0.0
14.678326409987127 0.0
15.109081006064073 0.0
15.539835602141022 0.0
15.970590198217968 0.0
16.401344794294914 6.964522322738242e-07
16.832099390371862 2.3215074409127476e-07
17.26285398644881 2.3215074409127666e-07
17.693608582525755 2.3215074409127476e-07
18.124363178602703 6.964522322738242e-07
18.55511777467965 2.3215074409127666e-07
18.985872370756596 0.0
19.41662696683354 0.0
19.847381562910492 2.3215074409127666e-07
20.278136158987436 4.6430148818255333e-07
20.70889075506438 2.321507440912728e-07
21.139645351141333 2.3215074409127666e-07
21.570399947218277 4.6430148818255333e-07
22.001154543295222 0.0
22.431909139372173 9.286029763651067e-07
22.862663735449118 9.286029763651067e-07
23.293418331526063 6.964522322738185e-07
23.724172927603014 9.286029763651067e-07
24.15492752367996 1.1607537204563833e-06
24.585682119756903 6.964522322738185e-07
25.016436715833855 0.0
25.4471913119108 4.6430148818255333e-07
25.877945907987744 3.25011041727782e-06
26.308700504064696 1.6250552086389365e-06
26.73945510014164 3.7144119054604266e-06
27.170209696218585 1.62505520863891e-06
27.600964292295536 3.7144119054604266e-06
28.03171888837248 4.87516562591681e-06
28.462473484449426 4.410864137734184e-06
28.893228080526377 7.428823810920853e-06
29.323982676603322 7.428823810920853e-06
29.754737272680266 4.643014881825457e-06
30.185491868757218 1.1143235716381279e-05
30.616246464834163 9.286029763651066e-06
31.047001060911107 9.982481995924732e-06
31.47775565698806 6.732371578647023e-06
31.908510253065003 1.1143235716381279e-05
32.33926484914195 1.2071838692746188e-05
32.7700194452189 1.2768290925020216e-05
33.200774041295844 1.6482702830480642e-05
33.63152863737279 1.2536140180928732e-05
34.06228323344974 1.4857647621841706e-05
34.493037829526685 1.7643456550937027e-05
34.92379242560363 1.810775803911958e-05
35.354547021680574 1.903636101548437e-05
35.785301617757526 1.5786250598206815e-05
36.21605621383447 1.6018401342298088e-05
36.646810809911415 1.950066250366692e-05
37.077565405988366 1.7875607295028302e-05
37.50832000206531 2.4143677385492773e-05
37.939074598142255 2.0661416224123284e-05
38.36982919421921 1.9036361015484687e-05
38.80058379029615 1.9268511759575962e-05
39.231338386373096 2.205432068867092e-05
39.66209298245005 2.2286471432762558e-05
40.09284757852699 2.2750772920945113e-05
40.52360217460394 2.0429265480032008e-05
40.95435677068089 2.367937589731022e-05
41.38511136675783 2.2518622176853837e-05
41.81586596283478 1.8339908783210555e-05
42.24662055891173 2.1125717712306174e-05
42.677375154988674 2.3911526641401497e-05
43.10812975106562 2.2750772920944736e-05
43.53888434714257 2.3911526641401497e-05
43.969638943219515 2.1590019200488728e-05
44.40039353929646 2.3911526641401497e-05
44.831148135373404 2.367937589730983e-05
45.261902731450355 2.4607978873675327e-05
45.6926573275273 2.2054320688671282e-05
46.123411923604245 2.4143677385492376e-05
46.554166519681196 2.5304431105949154e-05
46.98492111575814 2.6233034082314266e-05
47.415675711835085 2.530443110594874e-05
47.84643030791204 2.7393787802770647e-05
48.27718490398898 2.6000883338222984e-05
48.707939500065926 2.437582812958365e-05
49.13869409614288 2.5536581850040433e-05
49.56944869221982 2.7393787802770647e-05
50.00020328829677 2.692948631458765e-05
50.43095788437372 3.273325491687001e-05
50.86171248045066 4.085853096006469e-05
51.29246707652761 3.087604896413929e-05
51.72322167260456 3.157250119641363e-05
52.153976268681504 3.621551607823916e-05
52.58473086475845 3.435831012550838e-05
53.0154854608354 3.4358310125508944e-05
53.446240056912345 2.9483144499592134e-05
53.87699465298929 4.550154584188947e-05
54.30774924906624 3.760842054278682e-05
54.738503845143185 3.87691742632432e-05
55.16925844122013 4.201928468052038e-05
55.60001303729708 3.760842054278682e-05
56.030767633374026 4.294788765688618e-05
56.46152222945097 3.389400863732583e-05
56.89227682552792 4.712660105052916e-05
57.32303142160487 4.294788765688618e-05
57.75378601768181 4.27157369127942e-05
58.18454061375876 4.6894450306437885e-05
58.61529520983571 4.48050936096164e-05
59.04604980591265 3.946562649551638e-05
59.476804401989604 4.805520402689427e-05
59.90755899806655 4.9680259235533205e-05
60.33831359414349 5.409112337326657e-05
60.769068190220445 4.5501545841890225e-05
61.19982278629739 4.526939509779895e-05
61.630577382374334 5.38589726291753e-05
62.061331978451285 4.387649063325129e-05
62.49208657452823 5.6644781558271506e-05
62.922841170605174 6.05913442078222e-05
63.353595766682126 4.805520402689427e-05
63.78435036275907 5.153746518826257e-05
64.21510495883602 5.432327411735785e-05
64.64585955491297 5.8501987511002686e-05
65.07661415098991 5.8501987511000755e-05
65.50736874706686 5.8734138255092024e-05
65.93812334314381 6.128779644009806e-05
66.36887793922075 6.221639941646112e-05
66.7996325352977 6.407360536919341e-05
67.23038713137464 5.734123379054439e-05
67.6611417274516 6.31450023928262e-05
68.09189632352854 5.943059048736781e-05
68.52265091960548 5.6412630814179295e-05
68.95340551568243 6.337715313691748e-05
69.38416011175939 5.4555424861450914e-05
69.81491470783632 4.851950551507602e-05
70.24566930391327 5.8037686022818204e-05
70.67642389999023 5.6180480070089876e-05
71.10717849606716 6.337715313691748e-05
71.53793309214412 5.943059048736584e-05
71.96868768822107 6.987737397147542e-05
72.399442284298 6.105564569600475e-05
72.83019688037496 6.616296206601276e-05
73.26095147645191 6.825231876283646e-05
73.69170607252885 7.103812769192949e-05
74.1224606686058 6.639511281010404e-05
74.55321526468275 6.453790685737599e-05
74.98396986075969 6.50022083455564e-05
75.41472445683664 6.964522322738185e-05
75.84547905291359 6.89487709951103e-05
76.27623364899053 7.127027843602075e-05
76.70698824506748 6.825231876283421e-05
77.13774284114443 6.569866057783238e-05
77.56849743722137 6.430575611328257e-05
77.99925203329832 6.66272635541953e-05
78.43000662937527 7.823480075876153e-05
78.86076122545221 7.614544406193749e-05
79.29151582152916 7.428823810920731e-05
79.72227041760611 7.359178587693591e-05
80.15302501368305 7.684189629421131e-05
80.58377960976 7.591329331784621e-05
81.01453420583695 6.918092173920159e-05
81.44528880191389 6.523435908964767e-05
81.87604339799084 7.684189629421131e-05
82.3067979940678 6.802016801874519e-05
82.73755259014473 6.268070090464367e-05
83.16830718622168 7.428823810920731e-05
83.59906178229863 7.660974555012256e-05
84.02981637837557 8.241351415240186e-05
84.46057097445252 7.080597694783822e-05
84.89132557052947 7.49846903414836e-05
85.32208016660641 7.498469034148112e-05
85.75283476268336 8.403856936104354e-05
86.1835893587603 7.707404703830258e-05
86.61434395483725 9.355674986878295e-05
87.0450985509142 8.078845894376561e-05
87.47585314699114 8.891373498695749e-05
87.9066077430681 8.148491117603677e-05
88.33736233914505 8.171706192013073e-05
88.76811693522198 8.589577531377095e-05
89.19887153129893 8.009200671148913e-05
89.62962612737589 7.359178587693591e-05
90.06038072345282 8.79851320105924e-05
90.49113531952977 8.496717233740586e-05
90.92188991560673 8.496717233740865e-05
91.35264451168366 9.14673931719615e-05
91.78339910776062 8.12527604319455e-05
92.21415370383757 8.380641861695226e-05
92.6449082999145 8.218136340831058e-05
93.07566289599146 8.821728275468368e-05
93.50641749206841 9.541395582151627e-05
93.93717208814535 9.169954391605277e-05
94.3679266842223 9.425320210105678e-05
94.79868128029925 9.355674986878604e-05
95.22943587637619 8.775298126650113e-05
95.66019047245314 9.14673931719615e-05
96.09094506853009 9.773546326242908e-05
96.52169966460703 0.0001051642870733466
96.95245426068398 0.00010098557367970369
97.38320885676093 0.0001035392318647111
97.81396345283787 0.00010261062888834257
98.24471804891482 0.00010725364377016803
98.67547264499177 0.000100985573679707
99.10622724106871 0.00011120020641971969
99.53698183714566 0.00010469998558516404
99.96773643322261 0.00011630752278973152
100.39849102929955 0.00011328956311654115
100.8292456253765 0.00010725364377016803
101.26000022145345 0.000100985573679707
101.69075481753039 0.00011653967353381894
102.12150941360734 0.00011909333171882298
102.5522640096843 0.00010609289004971518
102.98301860576123 0.00011236096014017605
103.41377320183818 0.00011770042725427531
103.84452779791513 0.00011909333171882688
104.27528239399207 0.0001195576332070055
104.70603699006902 0.00012257559288019206
105.13679158614597 0.00013302237636430374
105.56754618222291 0.00012698645701792626
105.99830077829986 0.0001376653912461248
106.42905537437682 0.00014184410463977237
106.85980997045375 0.0001434691598484066
107.2905645665307 0.00014021904943112878
107.72131916260766 0.00012954011520293452
108.1520737586846 0.00014207625538385898
108.58282835476155 0.000129307964458839
109.0135829508385 0.00012443279883292635
109.44433754691543 0.00013604033603748587
109.87509214299239 0.00015530884779706153
110.30584673906934 0.00014811217473023697
110.73660133514628 0.00015507669705297025
111.16735593122323 0.00015948756119070443
111.59811052730018 0.00014788002398614567
112.02886512337712 0.00015530884779706153
112.45961971945407 0.00015159443589160117
112.89037431553102 0.00015020153142705845
113.32112891160796 0.00016273767160798224
113.75188350768491 0.00017434520881254588
114.18263810376186 0.00017411305806846038
114.6133926998388 0.00017202370137163315
115.04414729591575 0.0001683092894661728
115.4749018919927 0.00018107758039119878
115.90565648806964 0.00017736316848573243
116.33641108414659 0.00016993434467481173
116.76716568022354 0.00018409554006438544
117.19792027630048 0.0001787560729502801
117.62867487237743 0.0001922208161075739
118.05942946845438 0.00018316693708802031
118.49018406453132 0.00020197114735940737
118.92093866060827 0.00019756028322167316
119.35169325668522 0.00020266759959168787
119.78244785276216 0.00021566804126079247
120.21320244883911 0.0002042926548003201
120.64395704491606 0.000203596202568053
121.074711640993 0.0002168287949812488
121.50546623706995 0.0002423653768312888
121.9362208331469 0.00022425761879217693
122.36697542922384 0.00024375828129583646
122.7977300253008 0.00023795451269355468
123.22848462137775 0.00026000883338223415
123.65923921745468 0.0002546693662681263
124.08999381353163 0.00026441969751995976
124.52074840960859 0.0002790451943977192
124.95150300568552 0.0002737057272836107
125.38225760176248 0.00029506359574000776
125.81301219783943 0.0002901884301141006
126.24376679391636 0.00028159885258271394
126.67452138999332 0.00031247490154685326
127.10527598607027 0.00031131414782640713
127.5360305821472 0.0003203680268459565
127.96678517822416 0.00033360061925914806
128.39753977430112 0.00033035050884190305
128.82829437037805 0.0003628516130146594
129.259048966455 0.00036424451747920706
129.68980356253195 0.00037120903980194527
130.1205581586089 0.0003753877531955882
130.55131275468585 0.0003981385261165329
130.9820673507628 0.00038490593370333037
131.41282194683976 0.00041833564085250126
131.84357654291668 0.00042599661540748565
132.27433113899363 0.0004315682332656762
132.70508573507058 0.00045664051362753364
133.13584033114753 0.0004875165625916729
133.5665949272245 0.0005077136773276136
133.99734952330144 0.0005385897262917886
134.42810411937836 0.0005404469322444832
134.8588587154553 0.0005629655544213365
135.28961331153226 0.0005775910512990869
135.72036790760922 0.0006080027987750436
136.15112250368617 0.0006059134420782221
136.58187709976312 0.0006045205376137144
137.01263169584004 0.0006620939221483102
137.443386291917 0.0007078276187342909
137.87414088799395 0.0006883269562306239
138.3048954840709 0.0007310426931434182
138.73565008014785 0.0007844373642844109
139.1664046762248 0.0008322604175672681
139.59715927230172 0.0008615114113227135
140.02791386837868 0.0008659222754604476
140.45866846445563 0.0009713187132778856
140.88942306053258 0.0009894264713170048
141.32017765660953 0.0010444461976666366
141.75093225268648 0.001141717359440955
142.1816868487634 0.0012088089244832575
142.61244144484036 0.0013044550310488622
143.0431960409173 0.0014449062312240821
143.47395063699426 0.0015124620977546425
143.9047052330712 0.0018133294620969321
144.33545982914816 0.0019579593756659246
144.7662144252251 0.002037819231633193
145.19696902130204 0.0025023528705598297
145.627723617379 0.0025118710510675718
146.05847821345594 0.0029216171143886683
146.4892328095329 0.003269843230525578
146.91998740560985 0.003293522606423105
147.35074200168677 0.003795896816636402
147.78149659776372 0.003910114982729309
148.21225119384067 0.004028511862215857
148.64300578991762 0.004422471674938747
149.07376038599458 0.004451026216461974
149.50451498207153 0.004695016648502211
149.93526957814845 0.00484243237099986
150.3660241742254 0.0049220600762231665
150.79677877030235 0.005013991770883311
151.2275333663793 0.005130067142928947
151.65828796245626 0.005152121463617617
152.0890425585332 0.005124727675815186
152.51979715461013 0.0051632646993339994
152.95055175068708 0.005074815265835224
153.38130634676403 0.0050738866628588595
153.812060942841 0.005149567805432614
154.24281553891794 0.0051504964084089794
154.6735701349949 0.005085726350807849
155.1043247310718 0.005076672471787954
155.53507932714876 0.0050047057411196595
155.96583392322572 0.00507597601955568
156.39658851930267 0.004889094670562206
156.82734311537962 0.004867504651361718
157.25809771145657 0.004922756528455766
157.6888523075335 0.004856593566389428
158.11960690361045 0.004841968069511677
158.5503614996874 0.00483523569793303
158.98111609576435 0.004760947459823823
159.4118706918413 0.004824788914448924
159.84262528791825 0.004727053451186809
160.27337988399518 0.0047110350498442
160.70413448007213 0.004692695141060989
161.13488907614908 0.004640925525128636
161.56564367222603 0.004620496259648603
161.99639826830298 0.004523921550106633
162.42715286437993 0.004437329322560882
162.85790746045686 0.004484223772867026
163.2886620565338 0.004315218031168579
163.71941665261076 0.004338665256321797
164.1501712486877 0.004345861929388627
164.58092584476466 0.0042731987464880595
165.01168044084162 0.004227465049902357
165.44243503691854 0.0041654808012297085
165.8731896329955 0.00408190653335685
166.30394422907244 0.004096996331722782
166.7346988251494 0.00400529678780673
167.16545342122635 0.0040322262741213175
167.5962080173033 0.00405126263513707
168.02696261338022 0.003923347575142511
168.45771720945717 0.003910811434961582
168.88847180553412 0.0038374517998287397
169.31922640161108 0.0038903821694815503
169.74998099768803 0.00387111365772223
170.18073559376495 0.0037715209885068185
170.6114901898419 0.003776396154132735
171.04224478591885 0.003721608578527195
171.4729993819958 0.0036781963893821267
171.90375397807276 0.0037097688905785397
172.3345085741497 0.003591372011092227
172.76526317022663 0.003639195064374793
173.19601776630358 0.0036445345314888924
173.62677236238054 0.0035760500619819663
174.0575269584575 0.003575353609749693
174.48828155453444 0.0035342629280455374
174.9190361506114 0.0034725108301174876
175.3497907466883 0.003467403513747251
175.78054534276527 0.0033582926640243526
176.21129993884222 0.003371525256437555
176.64205453491917 0.003330898876221583
177.07280913099612 0.0033104696107415506
177.50356372707307 0.003261485803738507
177.93431832315 0.003145410431692656
178.36507291922695 0.003189054771581815
178.7958275153039 0.003135660100440822
179.22658211138085 0.0030388532401547613
179.6573367074578 0.0030379246371783964
180.08809130353475 0.003006816437470364
180.51884589961168 0.0029250993755500377
180.94960049568863 0.002975476087017844
181.38035509176558 0.0029213849636445773
181.81110968784253 0.0028932947236095332
182.24186428391948 0.0028888838594717994
182.67261887999643 0.0028443109166064622
183.10337347607336 0.002829917570472616
183.5341280721503 0.002819006485500326
183.96488266822726 0.002866597388039037
184.3956372643042 0.0028517397404171957
184.82639186038116 0.0028424537106535447
185.25714645645812 0.0028002022752291176
185.68790105253504 0.002828292515263977
186.118655648612 0.0027818623664457223
186.54941024468894 0.0027500577145052178
186.9801648407659 0.0027273069415842733
187.41091943684285 0.002766540417335698
187.8416740329198 0.0027421645892062954
188.27242862899672 0.0027175566103324394
188.70318322507367 0.0027145386506592533
189.13393782115062 0.0026834304509510227
189.56469241722758 0.0026627690347268995
189.99544701330453 0.0026597510750537125
190.42620160938148 0.002582677028015581
190.8569562054584 0.002603570594983625
191.28771080153535 0.002598695429357708
191.7184653976123 0.002575712505692672
192.14921999368926 0.0025487830193780844
192.5799745897662 0.0025889450981058746
193.01072918584316 0.0025480865671459784
193.44148378192008 0.002503281473536195
193.87223837799704 0.002511174598835298
194.302992974074 0.00249144178558754
194.73374757015094 0.002510942448091207
195.1645021662279 0.0025490151701221754
195.59525676230484 0.0024796020976390488
196.02601135838177 0.0025462293611930803
196.45676595445872 0.0025548189387244575
196.88752055053567 0.002547854416401719
197.31827514661262 0.0025622477625353783
197.74902974268957 0.002519299874878493
198.17978433876652 0.002549711622354618
198.61053893484345 0.0025274251509216873
199.0412935309204 0.002590105851826331
199.47204812699735 0.002492138237819814
199.9028027230743 0.0025274251509216873
200.33355731915125 0.0025144247092525763
200.7643119152282 0.0025801233698305765
201.19506651130513 0.0025336932210121518
201.62582110738208 0.0025696765863462987
202.05657570345903 0.002572926696763577
202.48733029953598 0.00265371515570734
202.91808489561294 0.002605659951680446
203.3488394916899 0.0026270178201370166
203.7795940877668 0.002655108060171887
204.21034868384376 0.0026876091643446656
204.6411032799207 0.0026546437586837048
205.07185787599767 0.002707574128336515
205.50261247207462 0.002722663926702448
205.93336706815157 0.002741003835485839
206.3641216642285 0.002789523341000734
206.79487626030544 0.0027846481753748178
207.2256308563824 0.002825738857078973
207.65638545245935 0.0028264353093112467
208.0871400485363 0.0028900446131922557
208.51789464461325 0.0028545255493464794
208.94864924069017 0.0029220814158768507
209.37940383676712 0.002934849706801871
209.81015843284408 0.0029854585690137687
210.24091302892103 0.002962475645348733
210.67166762499798 0.0030075128897024397
211.10242222107493 0.0030562645459618083
211.53317681715185 0.0030771581129298213
211.9639314132288 0.0030841226352525597
212.39468600930576 0.0031409995675549213
212.8254406053827 0.003162125285267227
213.25619520145966 0.0031591073255940404
213.6869497975366 0.003242913744211204
214.11770439361354 0.0032591642962973796
214.5484589896905 0.003237109975608708
214.97921358576744 0.00331580907785565
215.4099681818444 0.003313719721158828
215.84072277792134 0.0032900403452615187
216.2714773739983 0.0033842935473627988
216.70223197007522 0.0033921866726616783
217.13298656615217 0.0034049549635866982
217.56374116222912 0.0034346702588303815
217.99449575830607 0.0034620640466331517
218.42525035438302 0.003521726787864609
218.85600495045998 0.003490386437412517
219.2867595465369 0.003584407488769253
219.71751414261385 0.0035769786649583316
220.1482687386908 0.003618997949638852
220.57902333476775 0.0036366414061897888
221.0097779308447 0.00362781967791432
221.44053252692166 0.00366032078208734
221.87128712299858 0.0036651959477130157
222.30204171907553 0.0036617136865516463
222.73279631515248 0.0037445915021922307
223.16355091122944 0.003795200364404128
223.5943055073064 0.003797057570357109
224.0250601033833 0.003800307680774136
224.45581469946026 0.00386113117572605
224.8865692955372 0.0038135402731873384
225.31732389161417 0.0037968254196127675
225.74807848769112 0.0038342016894114617
226.17883308376807 0.0038339695386676235
226.609587679845 0.003847666432568756
227.04034227592194 0.003927294137792062
227.4710968719989 0.003871113657721975
227.90185146807585 0.003865774190607875
228.3326060641528 0.003940991031693448
228.76336066022975 0.0039268298363041385
229.19411525630667 0.003975581492563047
229.62486985238363 0.003935651564579349
230.05562444846058 0.0039437768406225425
230.48637904453753 0.003931240700441614
230.91713364061448 0.003985099673070789
231.34788823669143 0.004007618295247907
231.77864283276836 0.00405265553960135
232.2093974288453 0.004032458424865409
232.64015202492226 0.004002975280365817
233.0709066209992 0.004023868847334032
233.50166121707616 0.004093049769073232
233.9324158131531 0.0040514947858811615
234.36317040923004 0.004158051977418788
234.793925005307 0.0041141754867855375
235.22467960138394 0.004200999865075673
235.6554341974609 0.004133211847801022
236.08618879353784 0.004128104531431013
236.5169433896148 0.004162927143044979
236.94769798569172 0.004212375251536145
237.37845258176867 0.004233733119992543
237.80920717784562 0.004253465933240301
238.23996177392257 0.004220732678323431
238.67071636999952 0.00419867835763476
239.10147096607648 0.004242090546780109
239.5322255621534 0.004275752404673063
239.96298015823035 0.0042880563941099
240.3937347543073 0.004309182111822206
240.82448935038425 0.0042996639313144635
241.2552439464612 0.004302217589499468
241.68599854253816 0.004282252625507901
242.11675313861508 0.004469598275989276
242.54750773469203 0.0043748807724000366
242.97826233076898 0.004446383201580148
243.40901692684594 0.004423168127171022
243.8397715229229 0.004441043734466049
244.27052611899984 0.004502331530906443
244.70128071507676 0.0045852093465467295
245.13203531115371 0.004550851036421221
245.56278990723067 0.00450674239504388
245.99354450330762 0.004561297819905328
246.42429909938457 0.004555029749814864
246.85505369546152 0.004642086278849398
247.28580829153844 0.004612835285093591
247.7165628876154 0.0047121958035646555
248.14731748369235 0.004731928616812414
248.5780720797693 0.0047641975702411
249.00882667584625 0.0047641975702411
249.4395812719232 0.004808306211618761
249.87033586800013 0.004765590474705648
250.30109046407708 0.004811092020547539
250.73184506015403 0.004868897555826266
251.16259965623098 0.004862629485735801
251.59335425230793 0.004932739010451365
252.02410884838488 0.004913470498692113
252.4548634444618 0.0049661687176005085
252.88561804053876 0.005003080685911021
253.3163726366157 0.005034885337851526
253.74712723269266 0.0050300101722256085
254.1778818287696 0.0051251919773030305
254.60863642484657 0.005132852951858381
255.0393910209235 0.005205283984014519
255.47014561700044 0.005197158707971325
255.9009002130774 0.0051509607098975015
256.3316548091543 0.005247767570183222
256.76240940523127 0.005303019447276945
257.1931640013082 0.005308358914391045
257.62391859738517 0.005384968659941165
258.0546731934621 0.005382647152500252
258.4854277895391 0.005467382174093567
258.916182385616 0.0055001154290104355
259.346936981693 0.005518223187049556
259.77769157776993 0.005515901679608643
260.2084461738469 0.00551358017216773
260.63920076992383 0.00565217416639022
261.0699553660008 0.005632905654631387
261.5007099620777 0.005596457987808314
261.93146455815463 0.005730408967148978
262.3622191542316 0.00567771074824026
262.79297375030853 0.00575617769974311
263.2237283463855 0.005784964392010428
263.65448294246244 0.005783339336801789
264.0852375385394 0.005812358179813197
264.51599213461634 0.0059572202441261525
264.9467467306933 0.005897789653638786
265.37750132677024 0.0059641847664488904
265.8082559228472 0.00598972134829893
266.23901051892415 0.005986006936394259
266.66976511500104 0.006126690287312782
267.100519711078 0.006177066998780587
267.53127430715494 0.006189835289705607
267.9620289032319 0.006207246595512453
268.39278349930885 0.006239979850429323
268.8235380953858 0.006316821746723534
269.25429269146275 0.00632889358541628
269.6850472875397 0.006359769634380419
270.11580188361665 0.006431504214304622
270.5465564796936 0.006446129711182373
270.97731107577056 0.00640178891906094
271.4080656718475 0.006541079365516567
271.8388202679244 0.006551990450487993
272.26957486400136 0.006635796869104942
272.7003294600783 0.006680369811970467
273.13108405615526 0.006690120143222301
273.5618386522322 0.006755586653056039
273.99259324830916 0.0068412502776257185
274.4233478443861 0.006865626105755303
274.85410244046307 0.006866090407243486
275.28485703654 0.006937592836423596
275.71561163261697 0.006986576643426856
276.1463662286939 0.007070150911299714
276.5771208247709 0.0070527396054938
277.00787542084777 0.007128885049554806
277.4386300169247 0.007210137809986752
277.86938461300167 0.00726283602889547
278.3001392090786 0.00725726441103728
278.7308938051556 0.007424412946782996
279.1616484012325 0.007423948645294814
279.5924029973095 0.007449253076400762
280.02315759338643 0.007470843095601251
280.4539121894634 0.007592490085505078
280.88466678554033 0.007648902716319257
281.3154213816173 0.007695565015882619
281.7461759776942 0.007637527329858785
282.17693057377113 0.007799568549234493
282.6076851698481 0.007800961453699041
283.03843976592503 0.00786108849641868
283.469194362002 0.007914947469047856
283.89994895807894 0.007961841919354293
284.3307035541559 0.008087435471907671
284.76145815023284 0.0080707206183331
285.1922127463098 0.008142223047513213
285.62296734238674 0.008121561631289088
286.0537219384637 0.008270370258251595
286.48447653454065 0.00833862257701553
286.91523113061754 0.008362069802167648
287.3459857266945 0.008308675131026655
287.77674032277145 0.008432643628371395
288.2074949188484 0.00847930592793374
288.63824951492535 0.008490681314394212
289.0690041110023 0.008573559130034797
289.49975870707925 0.008595149149235285
289.9305133031562 0.008551040507857944
290.36126789923316 0.008764387041677823
290.7920224953101 0.00873443959569005
291.22277709138706 0.008787137814598767
291.653531687464 0.008855854434850954
292.0842862835409 0.008818246014306998
292.51504087961786 0.008843550445412948
292.9457954756948 0.008918302985010337
293.37655007177176 0.008956375707041307
293.8073046678487 0.008969608299454509
294.23805926392566 0.009007681021485478
294.6688138600026 0.009111452404094276
295.09956845607957 0.009076397641736494
295.5303230521565 0.009008841775205934
295.96107764823347 0.009034842658544156
296.3918322443104 0.009121899187578383
296.8225868403874 0.0090334497540808
297.25334143646427 0.009022538669107318
297.6840960325412 0.008984698097820442
298.11485062861817 0.009034610507800064
298.5456052246951 0.009036003412264612
298.9763598207721 0.008972858409871786
299.407114416849 0.009007681021485478
299.837869012926 0.008925267507333075
300.26862360900293 0.008964036681596317
300.6993782050799 0.008888819840510745
301.13013280115683 0.00884958636475932
301.5608873972338 0.00891157061343169
301.99164199331074 0.00873420744494711
302.42239658938763 0.00884401474690113
302.8531511854646 0.00870193849151727
303.28390578154153 0.008663865769486303
303.7146603776185 0.008618596374388504
304.14541497369544 0.008571237622593885
304.5761695697724 0.008490681314394212
305.00692416584934 0.00847930592793374
305.4376787619263 0.008363462706632194
305.86843335800324 0.008382266916903589
306.2991879540802 0.008307514377306199
306.72994255015715 0.00814733036388322
307.1606971462341 0.008115061410455603
307.591451742311 0.008095560747950866
308.02220633838795 0.007969270743165214
308.4529609344649 0.007902643479611018
308.88371553054185 0.00783346255787182
309.3144701266188 0.007789353916494477
309.74522472269575 0.007648438414831075
310.1759793187727 0.007611990748008745
310.60673391484966 0.007499397637124478
311.0374885109266 0.007388429581448849
311.46824310700356 0.007314837795571916
311.8989977030805 0.007308801876225542
312.32975229915746 0.007174386595397642
312.76050689523436 0.00703114958629238
313.1912614913113 0.007027203023642828
313.62201608738826 0.006912984857549923
314.0527706834652 0.006760926120170139
314.48352527954216 0.006727032111532813
314.9142798756191 0.006664815712116351
315.34503447169607 0.006532257637240235
315.775789067773 0.006461219509548305
316.20654366384997 0.00636162684033315
316.6372982599269 0.006311250128865343
317.0680528560039 0.006254141045818891
317.4988074520808 0.00604125881348799
317.9295620481577 0.0060215260002394345
318.3603166442347 0.005901736216288338
318.7910712403116 0.005740855750633086
319.2218258363886 0.0056526384678784024
319.6525804324655 0.005604118962363326
320.0833350285425 0.00553725954806504
320.51408962461943 0.0053858972629175295
320.9448442206964 0.005371039615295689
321.37559881677333 0.005268196835663254
321.8063534128503 0.005189497733416313
322.23710800892724 0.005014456072371493
322.6678626050042 0.0049759190488529986
323.0986172010811 0.004885148107912654
323.52937179715803 0.004821306653287554
323.960126393235 0.0046613547906086674
324.39088098931194 0.0045979776374717495
324.8216355853889 0.004594959677798563
325.25239018146584 0.004349112039805905
325.6831447775428 0.0043560765621286435
326.11389937361974 0.004186374368197922
326.5446539696967 0.004128336682175105
326.97540856577365 0.004035012083050413
327.4061631618506 0.003957241583779837
327.83691775792755 0.003891078621714337
328.26767235400445 0.0037849857316641124
328.6984269500814 0.0037313589097790283
329.12918154615835 0.0036911968310512377
329.5599361422353 0.0035621210173364904
329.99069073831225 0.0034708857749086203
330.4214453343892 0.0033692037489966424
330.85219993046616 0.0033055944451156343
331.2829545265431 0.003235949221888252
331.71370912262006 0.0032064660773886604
332.144463718697 0.0031233561110039845
332.57521831477396 0.003008905794166987
333.0059729108509 0.0029288137874558845
333.4367275069278 0.0029051344115581883
333.86748210300476 0.002775594296355258
334.2982366990817 0.002697359495596499
334.72899129515866 0.002634446643947764
335.1597458912356 0.002611231569538637
335.59050048731257 0.0025028171720480126
336.0212550833895 0.002452440460580206
336.45200967946647 0.002430386139891535
336.8827642755434 0.002341008103416395
337.3135188716204 0.002248379956523977
337.7442734676973 0.002192663777942361
338.1750280637742 0.0021446085739151785
338.6057826598512 0.0020299261063340896
339.0365372559281 0.0020064788811808712
339.4672918520051 0.00197351347551991
339.898046448082 0.0019335835475362113
340.328801044159 0.0018748494092811195
340.75955564023593 0.0017687565192314077
341.1903102363129 0.0017724709311368683
341.62106483238983 0.001671253206713073
342.0518194284668 0.0016450201726307594
342.48257402454374 0.0015709640852656433
342.9133286206207 0.0015256946901680464
343.3440832166976 0.0014862290636723286
343.77483781277454 0.0014472277386649948
344.2055924088515 0.0014045120017522005
344.63634700492844 0.00133324172331618
345.0671016010054 0.001293311795332481
345.49785619708234 0.0012573284299983336
345.9286107931593 0.0012438636868410398
346.35936538923625 0.0011572714592949951
346.7901199853132 0.0011556464040863561
347.22087458139015 0.0010734650406780456
347.6516291774671 0.0010685898750521288
348.08238377354405 0.001012177244238083
348.51313836962095 0.0009917479787579174
348.9438929656979 0.000952978804494675
349.37464756177485 0.0009227992077628094
349.8054021578518 0.0008633686172754436
350.23615675392875 0.0008673151799249952
350.6669113500057 0.0008132240565517287
351.09766594608266 0.0007941876955362443
351.5284205421596 0.0007505433556470851
351.95917513823656 0.0007261675275175015
352.3899297343135 0.0007129349351042989
352.82068433039046 0.0006943628755769971
353.2514389264674 0.0006639511281011279
353.6821935225443 0.00064746842527056
354.11294811862126 0.0006089314017514086
354.5437027146982 0.0005926808496650196
354.97445731077516 0.0005690014737677097
355.4052119068521 0.0005460185501026737
355.83596650292907 0.0005188569130439948
356.266721099006 0.00048798086407985546
356.69747569508297 0.0004519974987457082
357.1282302911599 0.00046244428222981553
357.5589848872369 0.0004350504944270453
357.9897394833138 0.00042019284680520387
358.4204940793908 0.0004104425155534245
358.8512486754677 0.00037051258756967144
359.2820032715446 0.0003640123667351158
359.7127578676216 0.0003656374219437547
360.1435124636985 0.00032779685065687723
360.5742670597755 0.00033058265958597254
361.00502165585243 0.0003259396447041471
361.4357762519294 0.0003145642582436747
361.86653084800633 0.0002785808929095274
362.2972854440833 0.000267205506449055
362.72804004016024 0.0002581516274294954
363.1587946362372 0.0002465440902249317
363.58954923231414 0.00024166892459904688
364.02030382839104 0.00022495407102444338
364.451058424468 0.00022263256358353065
364.88181302054494 0.00020614986075305028
365.3125676166219 0.00019709598173349064
365.74332221269884 0.00018525629378483572
366.1740768087758 0.00017922037443846264
366.60483140485275 0.0001717915506275419
367.0355860009297 0.00017388090732436336
367.46634059700665 0.00015507669705297025
367.8970951930836 0.00014857647621841462
368.32784978916055 0.00013998689868703753
368.7586043852375 0.00014184410463978644
369.1893589813144 0.00013232592413202552
369.62011357739135 0.00012420064808883096
370.0508681734683 0.0001195576332070055
370.48162276954525 0.00011212880939608479
370.9123773656222 0.00010678934228198551
371.34313196169916 9.727116177424332e-05
371.7738865577761 8.589577531377095e-05
372.20464115385306 8.473502159331459e-05
372.63539574993 8.844943349877496e-05
373.06615034600696 8.03241574555804e-05
373.4969049420839 7.150242918011203e-05
373.92765953816087 7.35917858769432e-05
374.35841413423776 6.941307248329058e-05
374.7891687303147 6.082349495191348e-05
375.21992332639167 6.593081132192148e-05
375.6506779224686 6.337715313691748e-05
376.08143251854557 6.128779644009603e-05
376.5121871146225 5.2698218908718934e-05
376.9429417106995 4.573369658598075e-05
377.3736963067764 5.084101295598875e-05
377.8044509028534 4.759090253871093e-05
378.2352054989303 4.5965847330072024e-05
378.6659600950073 3.876917426324256e-05
379.09671469108423 3.900132500733898e-05
379.5274692871611 3.319755640505202e-05
379.9582238832381 3.6447666822329835e-05
380.388978479315 2.832239077913529e-05
380.819733075392 3.435831012550838e-05
381.25048767146893 2.7161637058678925e-05
381.6812422675459 2.5072280361857465e-05
382.11199686362284 2.5768732594131285e-05
382.5427514596998 2.7161637058678925e-05
382.97350605577674 2.2286471432762192e-05
383.4042606518537 1.88042102713931e-05
383.83501524793064 1.950066250366692e-05
384.2657698440076 1.4393346133660816e-05
384.6965244400845 1.648270283048037e-05
385.12727903616144 1.555409985411528e-05
385.5580336322384 1.555409985411528e-05
385.98878822831534 1.2536140180928732e-05
386.4195428243923 1.4161195389567644e-05
386.85029742046925 9.518180507742186e-06
387.2810520165462 1.3929044645476369e-05
387.71180661262315 1.3464743157293824e-05
388.1425612087001 1.067893422819855e-05
388.57331580477705 8.357426787285822e-06
389.004070400854 8.589577531378229e-06
389.4348249969309 8.12527604319455e-06
389.86557959300785 7.893125299103276e-06
390.2963341890848 6.268070090464366e-06
390.72708878516175 5.803768602281821e-06
391.1578433812387 6.50022083455564e-06
391.58859797731566 4.178713393642911e-06
392.0193525733926 3.714411905460365e-06
392.45010716946956 5.107316370008002e-06
392.8808617655465 3.946562649551638e-06
393.31161636162346 3.482261161369092e-06
393.7423709577004 3.946562649551638e-06
394.17312555377737 5.33946711409998e-06
394.60388014985426 4.178713393642911e-06
395.0346347459312 3.482261161369092e-06
395.46538934200817 3.017959673186547e-06
395.8961439380851 3.482261161369092e-06
396.32689853416207 4.178713393642911e-06
396.757653130239 2.3215074409127284e-06
397.188407726316 2.553658185004001e-06
397.6191623223929 2.0893566968214554e-06
398.0499169184699 2.0893566968214554e-06
398.4806715145468 2.553658185004001e-06
398.9114261106238 2.553658185004001e-06
399.34218070670073 1.1607537204565173e-06
399.7729353027776 1.392904464547637e-06
400.2036898988546 2.321507440912728e-07
400.63444449493153 6.964522322738185e-07
401.0651990910085 4.643014881825456e-07
401.49595368708543 0.0
401.9267082831624 1.392904464547637e-06
402.35746287923934 2.321507440912728e-07
402.7882174753163 4.643014881825456e-07
403.21897207139324 0.0
403.6497266674702 6.964522322738185e-07
404.08048126354714 2.321507440912728e-07
404.5112358596241 6.964522322739104e-07
404.941990455701 6.964522322738185e-07
405.37274505177794 1.392904464547637e-06
405.8034996478549 6.964522322738185e-07
406.23425424393184 2.321507440912728e-07
406.6650088400088 6.964522322738185e-07
407.09576343608575 6.964522322738185e-07
407.5265180321627 4.643014881825456e-07
407.95727262823965 2.321507440912728e-07
408.3880272243166 2.321507440912728e-07
408.81878182039355 6.964522322738185e-07
409.2495364164705 2.321507440912728e-07
409.68029101254746 6.964522322739104e-07
410.11104560862435 0.0
410.5418002047013 0.0
410.97255480077825 2.321507440912728e-07
411.4033093968552 0.0
411.83406399293216 6.964522322738185e-07
412.2648185890091 4.643014881825456e-07
412.69557318508606 0.0
413.126327781163 4.643014881825456e-07
413.55708237723996 0.0
413.9878369733169 2.321507440912728e-07
414.41859156939387 0.0
414.8493461654708 0.0
415.2801007615477 0.0
415.71085535762467 2.321507440912728e-07
416.1416099537016 0.0
416.57236454977857 0.0
417.0031191458555 2.321507440912728e-07
417.4338737419325 0.0
417.8646283380094 0.0
418.2953829340864 0.0
418.7261375301633 0.0
419.1568921262403 0.0
419.58764672231723 0.0
420.0184013183942 2.3215074409130345e-07
420.4491559144711 0.0
420.87991051054803 0.0
421.310665106625 0.0
421.74141970270193 0.0
422.1721742987789 0.0
422.60292889485584 0.0
423.0336834909328 0.0
423.46443808700974 0.0
423.8951926830867 0.0
424.32594727916364 0.0
424.7567018752406 0.0
425.18745647131755 0.0
425.61821106739444 0.0
426.0489656634714 0.0
426.47972025954834 0.0
426.9104748556253 0.0
427.34122945170225 0.0
427.7719840477792 0.0
428.20273864385615 0.0
428.6334932399331 0.0
429.06424783601005 0.0
429.495002432087 0.0
429.92575702816396 0.0
430.3565116242409 0.0
430.7872662203178 0.0
431.21802081639476 0.0
431.6487754124717 0.0
432.07953000854866 0.0
432.5102846046256 0.0
432.94103920070256 2.321507440912728e-07
