1.477360208209864 5.611647783313391e-07
1.8337617639074852 5.611647783313398e-07
2.190163319605106 5.611647783313391e-07
2.5465648753027272 0.0
2.9029664310003485 0.0
3.2593679866979697 1.1223295566626795e-06
3.6157695423955905 5.611647783313391e-07
3.9721710980932117 1.9640767241596892e-06
4.3285726537908324 0.0
4.684974209488454 0.0
5.041375765186075 0.0
5.397777320883696 1.6834943349940171e-06
5.754178876581317 1.1223295566626782e-06
6.1105804322789385 0.0
6.46698198797656 0.0
6.823383543674181 0.0
7.179785099371802 0.0
7.536186655069423 0.0
7.892588210767045 0.0
8.248989766464666 0.0
8.605391322162287 0.0
8.961792877859907 1.4029119458283476e-06
9.318194433557528 2.8058238916566813e-07
9.67459598925515 5.611647783313419e-07
10.03099754495277 2.8058238916566956e-07
10.387399100650391 2.8058238916566956e-07
10.743800656348013 1.4029119458283476e-06
11.100202212045634 8.417471674970086e-07
11.456603767743255 5.611647783313391e-07
11.813005323440876 5.611647783313391e-07
12.169406879138498 2.8058238916566956e-07
12.525808434836119 0.0
12.88220999053374 2.2446591133253565e-06
13.238611546231361 8.417471674970086e-07
13.595013101928982 8.417471674970086e-07
13.951414657626604 2.525241502491026e-06
14.307816213324225 1.6834943349940171e-06
14.664217769021846 1.9640767241596867e-06
15.020619324719467 2.525241502491026e-06
15.377020880417088 1.4029119458283476e-06
15.73342243611471 2.805823891656723e-07
16.089823991812327 2.8058238916566813e-07
16.44622554750995 1.4029119458283546e-06
16.80262710320757 3.647571059153686e-06
17.159028658905193 2.805823891656709e-06
17.515430214602812 8.417471674970043e-07
17.871831770300435 2.8058238916567093e-07
18.228233325998055 8.417471674970129e-07
18.584634881695674 5.050483004982026e-06
18.941036437393297 3.6475710591537223e-06
19.297437993090917 4.2087358374850216e-06
19.65383954878854 2.5252415024910385e-06
20.01024110448616 2.525241502491013e-06
20.366642660183782 3.08640628082238e-06
20.7230442158814 3.647571059153686e-06
21.079445771579024 5.050483004982077e-06
21.435847327276644 1.0942713177461058e-05
21.792248882974267 1.2906789901620863e-05
22.148650438671886 1.2626207512455066e-05
22.50505199436951 1.234562512328952e-05
22.86145355006713 1.346795467995207e-05
23.21785510576475 2.2727173522419345e-05
23.57425666146237 2.3288338300750455e-05
23.930658217159994 2.3288338300750685e-05
24.287059772857614 2.861940369489843e-05
24.643461328555233 3.3950469089045844e-05
24.999862884252856 3.423105147821185e-05
25.356264439950476 3.900095209402787e-05
25.7126659956481 3.226697475405215e-05
26.069067551345718 4.236794076401589e-05
26.42546910704334 3.9842699261525266e-05
26.78187066274096 4.208735837485022e-05
27.138272218438583 5.976404889228791e-05
27.494673774136203 5.5835895443967954e-05
27.851075329833826 5.864171933562523e-05
28.207476885531445 6.453394950810367e-05
28.56387844122907 5.976404889228791e-05
28.920279996926688 7.463491551806772e-05
29.27668155262431 7.800190418805651e-05
29.63308310832193 7.57572450747304e-05
29.989484664019553 7.154850923724608e-05
30.345886219717173 7.098734445891474e-05
30.702287775414792 6.986501490225137e-05
31.058689331112415 8.136889285804456e-05
31.415090886810034 8.417471674970044e-05
31.771492442507657 7.491549790723338e-05
32.12789399820528 7.800190418805574e-05
32.4842955539029 7.68795746313946e-05
32.84069710960052 9.399510037049883e-05
33.19709866529814 9.315335320300182e-05
33.553500220995765 9.062811170051081e-05
33.90990177669339 8.838345258718546e-05
34.26630333239101 8.529704630636481e-05
34.62270488808863 8.221064002554076e-05
34.97910644378625 8.557762869552878e-05
35.33550799948387 9.652034187299177e-05
35.69190955518149 9.371451798133315e-05
36.04831111087911 8.164947524720941e-05
36.404712666576735 8.810287019801978e-05
36.76111422227436 8.585821108469615e-05
37.117515777971974 8.501646391719744e-05
37.4739173336696 8.810287019801978e-05
37.83031888936722 8.305238719303777e-05
38.18672044506484 9.567859470549474e-05
38.54312200076246 9.483684753799582e-05
38.89952355646008 8.726112303052278e-05
39.255925112157705 0.00010185140726713753
39.61232666785533 0.00010493781354796196
39.968728223552944 9.764267142965252e-05
40.32512977925057 9.539801231632717e-05
40.68153133494819 0.00010016791293214352
41.03793289064581 9.680092426215743e-05
41.39433444634343 0.00011559994433625527
41.75073600204105 0.00011728343867124926
42.107137557738675 0.00011447761477959489
42.46353911343629 0.00012373683362205964
42.81994066913391 0.00012710382229204765
43.17634222483154 0.00012008926256290597
43.53274378052916 0.00012093100973040536
43.889145336226775 0.00013159314051869835
44.2455468919244 0.0001346795467995207
44.60194844762202 0.00013159314051869835
44.958350003319644 0.0001464640071444817
45.31475155901726 0.0001574067203219398
45.67115311471488 0.00014926983103613544
46.027554670412506 0.00014730575431197576
46.38395622611013 0.00015011157820363544
46.740357781807745 0.0001551620612086145
47.09675933750537 0.00014814750147947278
47.45316089320299 0.00015460089643028622
47.80956244890061 0.0001621766209377562
48.16596400459823 0.00016021254421359649
48.52236556029585 0.00015460089643028313
48.878767115993476 0.00016526302721858182
49.23516867169109 0.0001804144762335246
49.591570227388715 0.00017255816933688591
49.94797178308634 0.0001621766209377562
50.30437333878396 0.00017592515800687742
50.66077489448158 0.000188551365519329
51.0171764501792 0.00018602612401683795
51.37357800587682 0.00017732806995270225
51.729979561574446 0.00019163777180015515
52.08638111727206 0.00018911253029766032
52.442782672969685 0.00019781058436179604
52.79918422866731 0.00017845039950936849
53.15558578436492 0.00018911253029766032
53.51198734006255 0.00019696883719429902
53.86838889576017 0.00019416301330264234
54.22479045145779 0.00019977466108595969
54.58119200715541 0.00021127853904174808
54.93759356285303 0.00019332126613514532
55.293995118550654 0.0001964076724159677
55.65039667424828 0.0002272717352241957
56.00679822994589 0.00020454456170177206
56.363199785643516 0.00022642998805669418
56.71960134134114 0.00023905619556914925
57.07600289703876 0.00023428629495333758
57.43240445273638 0.00020594747364760041
57.788806008434 0.00020342223214510937
58.145207564131624 0.0002132426157659078
58.50160911982925 0.00019921349630762833
58.85801067552686 0.00018967369507599165
59.214412231224486 0.00022137950505171216
59.57081378692211 0.0002348474597316689
59.927215342619725 0.0002429843490174686
60.28361689831735 0.00025196298547077
60.64001845401497 0.00025532997414075796
60.996420009712594 0.000239056195569154
61.35282156541021 0.00023484745973166422
61.70922312110783 0.0002471930848549536
62.065624676805456 0.0002331639653966702
62.42202623250308 0.0002202571754950539
62.778427788200695 0.00020847271515009143
63.13482934389832 0.00024158143707164026
63.49123089959594 0.00022642998805669418
63.847632455293564 0.00023119988867251513
64.20403401099118 0.0002149261101009061
64.5604355666888 0.00019640767241596376
64.91683712238643 0.00020847271515009557
65.27323867808404 0.00022671057044586438
65.62964023378166 0.00022109892266255088
65.98604178947927 0.0002216600874408734
66.3424433451769 0.00022783290000252704
66.69884490087452 0.00023709211884498485
67.05524645657215 0.0002699202583773781
67.41164801226977 0.0002457901729091302
67.76804956796738 0.00025364647980575893
68.12445112366501 0.0002401785251258167
68.48085267936263 0.00023877561317998833
68.83725423506024 0.0002306387238941746
69.19365579075787 0.0002477542496332899
69.55005734645549 0.00024831541441162127
69.9064589021531 0.0002760930709390119
70.26286045785073 0.0002556105565299288
70.61926201354835 0.00024747366724411435
70.97566356924598 0.00025308531502743774
71.3320651249436 0.00025673288608659144
71.68846668064121 0.0002631862810373915
72.04486823633884 0.00025056007352494664
72.40126979203646 0.00027300666465820056
72.75767134773407 0.0002575746332540782
73.1140729034317 0.0002595387099782482
73.47047445912932 0.00024663192007661736
73.82687601482695 0.0002379338660124913
74.18327757052457 0.00023456687734250322
74.53967912622218 0.00024635133768745175
74.89608068191981 0.00024382609618497044
75.25248223761743 0.0002561717213082601
75.60888379331504 0.0002769348181065089
75.96528534901267 0.00027469015899319455
76.32168690471029 0.00024298434901747347
76.6780884604079 0.00023765328362331615
77.03449001610554 0.00024635133768746156
77.39089157180315 0.0002600998747565692
77.74729312750078 0.0002702008407665438
78.1036946831984 0.0002561717213082601
78.46009623889601 0.00027076200554486434
78.81649779459364 0.0002758124885498573
79.17289935029126 0.0002724454998798692
79.52930090598888 0.00029825907968309925
79.8857024616865 0.0002752513237715259
80.24210401738412 0.00028619403694897576
80.59850557308175 0.00027917947721984535
80.95490712877937 0.00030583480419058435
81.31130868447698 0.00030415130985557816
81.66771024017461 0.00030050373879643655
82.02411179587223 0.00033136780160466063
82.38051335156985 0.00031761926453553003
82.73691490726748 0.00030864062808224106
83.09331646296509 0.00032800081293467254
83.44971801866271 0.0003437134267279366
83.80611957436034 0.00034202993239295623
84.16252113005795 0.0003198639236488553
84.51892268575558 0.00031369111108722324
84.8753242414532 0.00034848332734376675
85.23172579715082 0.0003473609977870902
85.58812735284845 0.0003546561399054116
85.94452890854606 0.0003409076028362936
86.30093046424368 0.0003378211965554577
86.65733201994131 0.000344835756284613
87.01373357563892 0.000343994009117116
87.37013513133654 0.0003473609977870902
87.72653668703417 0.00040291631084190746
88.08293824273179 0.0004194706718026655
88.43933979842942 0.0004225570780835046
88.79574135412703 0.0003987075750044224
89.15214290982465 0.0004228376604726534
89.50854446552228 0.0003855202027136357
89.8649460212199 0.00038608136749196707
90.22134757691751 0.000384117290767792
90.57774913261514 0.00040039106933941637
90.93415068831276 0.0004144201887976836
91.29055224401039 0.0004121755296843747
91.646953799708 0.0004525793937242317
92.00335535540562 0.0004581910415075269
92.35975691110325 0.0004671696779608467
92.71615846680086 0.0004969114112124081
93.07256002249848 0.0005028036413848673
93.42896157819611 0.0004831628741432902
93.78536313389372 0.00045762987672921384
94.14176468959134 0.00045033473461088833
94.49816624528897 0.0004887745219266037
94.85456780098659 0.0005145881017298252
95.21096935668422 0.0004840046213107872
95.56737091238183 0.0005095376187248635
95.92377246807945 0.0005098182011140088
96.28017402377708 0.0005404016815330876
96.6365755794747 0.000530581297912289
96.99297713517231 0.0005448909997597167
97.34937869086994 0.000571826909119643
97.70578024656756 0.000586978358134566
98.06218180226519 0.0005819278751296073
98.4185833579628 0.0005892230172479147
98.77498491366042 0.0005897841820262226
99.13138646935805 0.0006374831881844106
99.48778802505566 0.0006285045517311091
99.84418958075328 0.0006461812422485208
100.20059113645091 0.0007098734445891545
100.55699269214853 0.0006994918961900245
100.91339424784614 0.0007146433452049425
101.26979580354377 0.0007244637288257695
101.62619735924139 0.000695002577963346
101.98259891493902 0.0007758103060430878
102.33900047063663 0.000818739411585436
102.69540202633425 0.0007606588570281111
103.05180358203188 0.0008103219399104657
103.4082051377295 0.0008027462154029924
103.76460669342711 0.0008515675511177859
104.12100824912474 0.0009643616715624206
104.47740980482236 0.0009508937168824683
104.83381136051997 0.0009548218703307495
105.1902129162176 0.0009320946968083681
105.54661447191522 0.0009809160325231561
105.90301602761285 0.001070702397056211
106.25941758331047 0.0010782781215636843
106.61581913900808 0.0011049334485343791
106.97222069470571 0.0011450567301851144
107.32862225040333 0.0011237324686085232
107.68502380610094 0.0012202528104814665
108.04142536179857 0.001271879970087999
108.39782691749619 0.0013125644165169694
108.75422847319382 0.0013566158516160325
109.11063002889144 0.0013669974000151625
109.46703158458905 0.0013992643747691592
109.82343314028668 0.0014312507671341017
110.1798346959843 0.0014444381394248882
110.53623625168191 0.0016756380280973369
110.89263780737954 0.0017592515800687744
111.24903936307716 0.001737927318492183
111.60544091877478 0.0019267592664006046
111.9618424744724 0.0019172194651690486
112.31824403017002 0.0019893291391845473
112.67464558586765 0.002123166938816653
113.03104714156527 0.0020777125917718136
113.38744869726288 0.002230629993867017
113.74385025296051 0.0022483066843845432
114.10025180865813 0.002295163943375211
114.45665336435574 0.002512615294978508
114.81305492005337 0.002565925948920086
115.16945647575099 0.0027213685925177606
115.52585803144862 0.002888595696460611
115.88225958714624 0.002890279190795605
116.23866114284385 0.0031930275887052397
116.59506269854148 0.0032485829017601703
116.9514642542391 0.0033608158574264394
117.30786580993671 0.0038958864735652242
117.66426736563434 0.00398146410226091
118.02066892133196 0.0044085104985710655
118.37707047702958 0.004785332647220374
118.7334720327272 0.004691337546850065
119.08987358842482 0.0059668650879969795
119.44627514412245 0.0062073241955121995
119.80267669982007 0.006608276429629947
120.15907825551768 0.008263712525707094
120.51547981121531 0.008365283350585397
120.87188136691293 0.009675603107989091
121.22828292261055 0.010982555876722363
121.58468447830818 0.01103053546527013
121.94108603400579 0.013897245735375818
122.29748758970341 0.01438602025730185
122.65388914540104 0.015006668502136894
123.01029070109865 0.017061653920385608
123.36669225679628 0.017270126635536384
123.7230938124939 0.0182917271144886
124.07949536819152 0.019291722749474292
124.43589692388915 0.01937617804861393
124.79229847958676 0.020285264989510714
125.14870003528438 0.020364108640865453
125.50510159098201 0.020347554279905495
125.86150314667962 0.020921064683359296
126.21790470237725 0.020896654015502714
126.57430625807487 0.020825386088654634
126.93070781377249 0.020613826967222894
127.28710936947012 0.020708663814761715
127.64351092516773 0.020478305673256696
127.99991248086535 0.020128980598743827
128.356314036563 0.020157600002441135
128.7127155922606 0.019533865351324262
129.06911714795822 0.01958240610464992
129.42551870365585 0.018981679209447752
129.78192025935346 0.01875384630944372
130.13832181505109 0.018726910400085308
130.4947233707487 0.01789330012187263
130.85112492644632 0.017735051654383195
131.20752648214395 0.017720180787757417
131.56392803784158 0.017385726579873334
131.92032959353918 0.017303796522235574
132.2767311492368 0.016955874359670154
132.63313270493444 0.016650320137870073
132.98953426063204 0.016665752169272855
133.34593581632967 0.016139379607198075
133.7023373720273 0.016130681553135226
134.0587389277249 0.015912388454363054
134.41514048342253 0.015332985820735962
134.77154203912016 0.015369461531328722
135.12794359481776 0.01498758889967303
135.4843451505154 0.014597298796343593
135.84074670621303 0.014595615302009764
136.19714826191063 0.014117222328481146
136.55354981760826 0.01404511265446557
136.9099513733059 0.013995449571584363
137.2663529290035 0.013693542920840995
137.62275448470112 0.013595339084633012
137.97915604039875 0.013198315003964652
138.33555759609635 0.013008641308887611
138.69195915179398 0.012979741322803549
139.0483607074916 0.012582997824523302
139.40476226318924 0.012450562936838102
139.76116381888684 0.01221178732365713
140.11756537458447 0.011715437077223074
140.4739669302821 0.011755279776485534
140.8303684859797 0.011369198408992646
141.18677004167733 0.011084126701600333
141.54317159737496 0.011127055807143566
141.89957315307257 0.010434297888292659
142.2559747087702 0.010496587178687436
142.61237626446783 0.010344792106149636
142.96877782016543 0.009882672911192965
143.32517937586306 0.009890529218089604
143.6815809315607 0.00961303323520553
144.0379824872583 0.009483965336188558
144.39438404295592 0.009478634270794411
144.75078559865355 0.009036717007859215
145.10718715435115 0.009029983030518517
145.46358871004878 0.008849568554284997
145.8199902657464 0.008622577401449975
146.17639182144404 0.00874042200490025
146.53279337714164 0.008450019232113094
146.88919493283927 0.00825810087792378
147.2455964885369 0.008233129045288693
147.6019980442345 0.007864443785924356
147.95839959993214 0.007803837989864572
148.31480115562977 0.007681784650578121
148.67120271132737 0.0074609663103041325
149.027604267025 0.007462930387028292
149.38400582272263 0.0071295985087000534
149.74040737842023 0.006998285950569955
150.09680893411786 0.007056927669905579
150.4532104898155 0.006664112325074182
150.8096120455131 0.006596491969284727
151.16601360121072 0.006422530888002015
151.52241515690835 0.0061338116095510375
151.87881671260595 0.00607685338454992
152.23521826830358 0.005890827260533085
152.5916198240012 0.0057965515777734225
152.94802137969884 0.00579683216016305
153.30442293539645 0.005588920609790832
153.66082449109408 0.005615014771983238
154.0172260467917 0.005460413875553394
154.3736276024893 0.005212940208308844
154.73002915818694 0.005176183915328143
155.08643071388457 0.004987913132198381
155.44283226958217 0.004871471440694233
155.7992338252798 0.004814232633304438
156.15563538097743 0.00451849879512419
156.51203693667503 0.004475850271970648
156.86843849237266 0.0044155250583000315
157.2248400480703 0.004278039687609198
157.5812416037679 0.004295155213347962
157.93764315946552 0.00409734462898617
158.29404471516315 0.003976694201645252
158.65044627086075 0.0040353359209805584
159.00684782655838 0.0038815767717177755
159.36324938225601 0.0039014981213485378
159.71965093795365 0.0037791641996726103
160.07605249365125 0.0037020040426517515
160.43245404934888 0.003723608886617507
160.7888556050465 0.0034828691967136467
161.1452571607441 0.0034665954181417606
161.50165871644174 0.0034326449490527156
161.85806027213937 0.003319570246219218
162.21446182783697 0.003246899407425047
162.5708633835346 0.003202006225158541
162.92726493923223 0.003129896551143215
163.28366649492983 0.003093982005329761
163.64006805062746 0.003097629576388914
163.9964696063251 0.0029957781691220178
164.3528711620227 0.002960705370476071
164.70927271772032 0.0029040277278646076
165.06567427341795 0.002875408324169939
165.42207582911556 0.0027948811784791645
165.7784773848132 0.0026719860920246044
166.13487894051082 0.0026492589185021856
166.49128049620845 0.0025673288608660167
166.84768205190605 0.002604085153846514
167.20408360760368 0.0025934230230582186
167.5604851633013 0.0024402250385739616
167.9168867189989 0.002496060934017734
168.27328827469654 0.0024116056348788694
168.62968983039417 0.0023869143846324816
168.98609138609177 0.0024163755354946856
169.3424929417894 0.0023350066426366437
169.69889449748703 0.0023863532198541504
170.05529605318463 0.002344546443868276
170.41169760888226 0.002342301784754951
170.7680991645799 0.002338373631306818
171.1245007202775 0.002314804710616716
171.48090227597513 0.00228674647170015
171.83730383167276 0.0022657027925129056
172.19370538737036 0.002335567807414975
172.550106943068 0.002294883360985954
172.90650849876562 0.0023010561735477817
173.26291005446322 0.0022797319119710084
173.61931161016085 0.0022642998805668967
173.97571316585848 0.0022791707471926767
174.3321147215561 0.002329675577242682
174.6885162772537 0.0023243445118483483
175.04491783295134 0.00231452412822755
175.40131938864897 0.002358575563326747
175.75772094434657 0.0023456687734249386
176.1141225000442 0.002384669725518966
176.47052405574183 0.0023386542136959836
176.82692561143944 0.0023827056487948062
177.18332716713707 0.002408519228598047
177.5397287228347 0.0024517289165297547
177.8961302785323 0.002465196871209511
178.25253183422993 0.002391403702858942
178.60893338992756 0.0024522900813080863
178.96533494562516 0.002441908532908761
179.3217365013228 0.0024904492862344208
179.67813805702042 0.0025695735199793425
180.03453961271802 0.0025706958495358002
180.39094116841565 0.0025387094571709145
180.74734272411328 0.002549932752737541
181.1037442798109 0.0025953870997825856
181.4601458355085 0.002587250210496574
181.81654739120614 0.0025995958356198634
182.17294894690377 0.0026332657223199526
182.52935050260137 0.0026355103814330685
182.885752058299 0.002701166660497833
183.24215361399663 0.0027342753824195994
183.59855516969424 0.0027109870441186313
183.95495672539187 0.0027850607948583664
184.3113582810895 0.0028100326274943343
184.6677598367871 0.00282686757084405
185.02416139248473 0.002808349133159116
185.38056294818236 0.002891682102741549
185.73696450387996 0.0029542519755252606
186.0933660595776 0.0029029053983079442
186.44976761527522 0.0029211432536039453
186.80616917097282 0.0029542519755252606
187.16257072667045 0.003025519902373339
187.51897228236808 0.003032253879713315
187.8753738380657 0.0030914567638275162
188.23177539376331 0.0030583480419057217
188.58817694946094 0.003085564533654791
188.94457850515857 0.003143364505823168
189.30098006085618 0.003138314022817935
189.6573816165538 0.003180401381192785
190.01378317225144 0.003179840216414707
190.37018472794904 0.003206214960996026
190.72658628364667 0.0032289421345184444
191.0829878393443 0.0033445420788549645
191.4393893950419 0.0032233304867351313
191.79579095073953 0.0032564392086566795
192.15219250643716 0.0033072246210959283
192.50859406213476 0.003334441112844733
192.8649956178324 0.003310030444987321
193.22139717353002 0.0033857876900623197
193.57779872922762 0.003422824565431917
193.93420028492525 0.003452285716294312
194.29060184062288 0.0034062702044711434
194.6470033963205 0.0035333740267634696
195.00340495201812 0.0034792216256542153
195.35980650771575 0.00347697696654089
195.71620806341338 0.003483430361491978
196.07260961911098 0.003522431313585727
196.4290111748086 0.003514575006689089
196.78541273050624 0.0035894905045966074
197.14181428620384 0.003567885660630565
197.49821584190147 0.0036341031044736616
197.8546173975991 0.0036399953346464304
198.2110189532967 0.0035880875926504923
198.56742050899433 0.00361474291962123
198.92382206469196 0.003661039013833857
199.28022362038956 0.003657110860385245
199.6366251760872 0.003626807962355354
199.99302673178482 0.003683766187356277
200.34942828748243 0.0036456069824294538
200.70582984318006 0.0036183904906803835
201.06223139887769 0.0036276497095231405
201.4186329545753 0.0037039681193759113
201.77503451027292 0.003722205974671679
202.13143606597055 0.0037696243984406764
202.48783762166818 0.0037867399241800835
202.84423917736578 0.0037367962589082934
203.2006407330634 0.0037715884751648356
203.55704228876104 0.0038470651378507054
203.91344384445864 0.0038344389303379446
204.26984540015627 0.003840611742899589
204.6262469558539 0.0038296690297224332
204.9826485115515 0.0038697923113728177
205.33905006724913 0.0038566049390820313
205.69545162294676 0.0038338777655599187
206.05185317864436 0.003905987439575188
206.408254734342 0.003877087453491125
206.76465629003962 0.0038599719277523275
207.12105784573723 0.003885224342776929
207.47745940143486 0.003926189371595116
207.8338609571325 0.003868389399427298
208.1902625128301 0.003883260266052769
208.54666406852772 0.003919174811865975
208.90306562422535 0.0039115990873585015
209.25946717992298 0.0039531252809553346
209.61586873562058 0.003928153448319276
209.9722702913182 0.003924505877260121
210.32867184701584 0.003931239854600412
210.68507340271344 0.003963787411743315
211.04147495841107 0.0039419019853883935
211.3978765141087 0.004033652426645887
211.7542780698063 0.003916368987974318
212.11067962550393 0.003981183519871586
212.46708118120156 0.003969118477137779
212.82348273689917 0.004026637866916423
213.1798842925968 0.004036177668148056
213.53628584829443 0.004022990295857591
213.89268740399203 0.004045436886990522
214.24908895968966 0.0040437533926555285
214.6054905153873 0.00409453880509484
214.9618920710849 0.004000543704724017
215.31829362678252 0.0040190621424089495
215.67469518248015 0.004061430083172965
216.03109673817778 0.004044875722212514
216.38749829387538 0.0040925747283703535
216.743899849573 0.0041391514049718536
217.10030140527064 0.0041716989621154036
217.45670296096824 0.004156547513100125
217.81310451666587 0.004105481518271974
218.1695060723635 0.004166648479110421
218.5259076280611 0.004215189232435748
218.88230918375874 0.0041801164337900406
219.23871073945637 0.00428898240078666
219.59511229515397 0.004219678550662399
219.9515138508516 0.00420789409031744
220.30791540654923 0.004249981448692629
220.66431696224683 0.00426036299709142
221.02071851794446 0.004322652287486197
221.3771200736421 0.004322652287486542
221.7335216293397 0.004327422188102013
222.08992318503732 0.004332753253496161
222.44632474073495 0.004329105682437007
222.80272629643258 0.004388589148940478
223.15912785213018 0.004383538665935146
223.5155294078278 0.004388869731329293
223.87193096352544 0.004460137658177727
224.22833251922304 0.0044797784254189685
224.58473407492068 0.004475569689581483
224.9411356306183 0.004517657047956693
225.2975371863159 0.0045067143347788715
225.65393874201354 0.004567039548449489
226.01034029771117 0.004560305571109876
226.36674185340877 0.004619227872834302
226.7231434091064 0.0046290482564551
227.07954496480403 0.004648127858918737
227.43594652050163 0.00457798226162695
227.79234807619926 0.00462259486150429
228.1487496318969 0.004693301623574411
228.5051511875945 0.004708172490199817
228.86155274329212 0.00460968807160267
229.21795429898975 0.004668610373327459
229.57435585468738 0.004726690927885128
229.93075741038498 0.004771303527762091
230.28715896608261 0.004774670516432079
230.64356052178024 0.004865859792911308
230.99996207747785 0.004749698683796336
231.35636363317548 0.0048770830884775455
231.7127651888731 0.0048927957022712135
232.0691667445707 0.004902335503502456
232.42556830026834 0.004964905376286399
232.78196985596597 0.005006431569883316
233.13837141166357 0.005002503416434598
233.4947729673612 0.0049576102341680915
233.85117452305883 0.005065353871608109
234.20757607875643 0.004980617990079676
234.56397763445406 0.005029439325794501
234.9203791901517 0.005065634453997275
235.2767807458493 0.0050670373659427
235.63318230154692 0.005083030562125143
235.98958385724455 0.00503477039118905
236.34598541294216 0.00522416350387547
236.7023869686398 0.005179270321608965
237.05878852433742 0.005229494569269618
237.41519008003505 0.005279718816930693
237.77159163573265 0.005284488717546088
238.12799319143028 0.005261480961634504
238.4843947471279 0.005321806175305546
238.8407963028255 0.005283366387989426
239.19719785852314 0.005304971231955181
239.55359941422077 0.005398966332326109
239.91000096991837 0.005379044982694917
240.266402525616 0.005331907141315085
240.62280408131363 0.005351267326167942
240.97920563701123 0.0054205711762914345
241.33560719270886 0.005365577028014965
241.6920087484065 0.005451435239100092
242.0484103041041 0.0055406604388543385
242.40481185980173 0.005464061446612112
242.76121341549936 0.0054009304090502685
243.11761497119696 0.005484263378632039
243.4740165268946 0.005432355636636393
243.83041808259222 0.005491558520750347
244.18681963828985 0.005557775964593887
244.54322119398745 0.005584992456342513
244.89962274968508 0.005553847811145125
245.2560243053827 0.005528875978509822
245.6124258610803 0.005592848763239152
245.96882741677794 0.005609683706589091
246.32522897247557 0.005538976944519786
246.68163052817317 0.005554970140701787
247.0380320838708 0.00557741673183504
247.39443363956843 0.005539818691687283
247.75083519526603 0.005585273038731678
248.10723675096366 0.0055140051118836
248.4636383066613 0.005578539061392147
248.8200398623589 0.005627921561884859
249.17644141805653 0.005526911901785221
249.53284297375416 0.0055802225557271415
249.88924452945176 0.005559740041317603
250.2456460851494 0.005521019671612741
250.60204764084702 0.005598179828633299
250.95844919654465 0.005473601247844182
251.31485075224225 0.005412995451783961
251.67125230793988 0.005358001303507492
252.0276538636375 0.005416362440454381
252.3840554193351 0.005391951772596537
252.74045697503274 0.005333590635650079
253.09685853073037 0.005283927552768178
253.45326008642797 0.005271862510033634
253.8096616421256 0.005202558659909714
254.16606319782323 0.00523370330510752
254.52246475352084 0.0051646800373723505
254.87886630921847 0.005202558659909714
255.2352678649161 0.00508611696840637
255.5916694206137 0.005047677181090269
255.94807097631133 0.004960416058059748
256.30447253200896 0.004951437421606447
256.6608740877066 0.00493768888453733
257.0172756434042 0.004871190858305068
257.37367719910185 0.00487539959414333
257.7300787547994 0.004820966610644414
258.08648031049705 0.004769339451037932
258.4428818661947 0.004645322035026709
258.7992834218923 0.004706488995864824
259.15568497758994 0.004626803597342514
259.5120865332875 0.004538139562365426
259.86848808898515 0.0045151318064538416
260.2248896446828 0.004533930826527941
260.5812912003804 0.004358566833299402
260.93769275607804 0.004297680454850453
261.29409431177567 0.004276075610884697
261.6504958674733 0.004231743593397197
262.00689742317087 0.004208735837484938
262.3632989788685 0.004157669842656787
262.71970053456613 0.004049926205217174
263.07610209026376 0.003971924301029119
263.4325036459614 0.003956211687235842
263.788905201659 0.003963787411743947
264.1453067573566 0.003853799115190375
264.5017083130542 0.0038018913731947272
264.85810986875185 0.0037129467558292125
265.2145114244495 0.003712666173440047
265.5709129801471 0.003668895320730203
265.92731453584474 0.003592576910877716
266.2837160915423 0.0034898837564425107
266.64011764723995 0.003444709991786839
266.9965192029376 0.003382140119002896
267.3529207586352 0.003294037248804878
267.70932231433284 0.0032463382426467157
268.06572387003047 0.0032511081432625316
268.4221254257281 0.003128493639197636
268.77852698142567 0.003097068411610583
269.1349285371233 0.00306620434880236
269.49133009282093 0.0029848354559443182
269.84773164851856 0.002980907302495999
270.2041332042162 0.0028947685090221402
270.5605347599138 0.0028195724287261924
270.9169363156114 0.0027396064478135288
271.273337871309 0.0027266996579119085
271.62973942700665 0.002669741432911279
271.9861409827043 0.0026144667022456433
272.3425425384019 0.002598192923674035
272.69894409409955 0.002475859001998201
273.0553456497971 0.0024292823253963063
273.41174720549475 0.0024292823253963063
273.7681487611924 0.0023751299242873334
274.12455031689 0.0023344454778583125
274.48095187258764 0.0022539183321677674
274.83735342828527 0.002238205718374847
275.19375498398284 0.00218517564682218
275.5501565396805 0.002119519367757415
275.9065580953781 0.002103245589185806
276.26295965107573 0.002062561142756785
276.61936120677336 0.0019809116675095773
276.975762762471 0.0019068379167698425
277.3321643181686 0.001893089379701027
277.6885658738662 0.0018380952314242553
278.0449674295638 0.001778331182531969
278.40136898526146 0.0017421360543295988
278.7577705409591 0.0016879836532206257
279.1141720966567 0.0016579613375799
279.47057365235435 0.0016203632974319596
279.8269752080519 0.0015886574874559812
280.18337676374955 0.0015241235379478788
280.5397783194472 0.001518792472553731
280.8961798751448 0.0014868060801888458
281.25258143084244 0.0013922498150400176
281.60898298654007 0.0013366945019854294
281.96538454223764 0.0013580187635618068
282.3217860979353 0.0013047081096203307
282.6781876536329 0.0012528003676246832
283.03458920933053 0.0012275479525997736
283.39099076502816 0.0012121159211956622
283.7473923207258 0.0011801295288307767
284.1037938764234 0.001119523732771172
284.460195432121 0.0011083004372043669
284.8165969878186 0.0010673354083861803
285.17299854351626 0.0010347878512429634
285.5294000992139 0.0010112189305530477
285.8858016549115 0.0009466849810449454
286.24220321060915 0.000946965563434262
286.5986047663067 0.0009015112163892738
286.95500632200435 0.000883834525871837
287.311407877702 0.000856337451733602
287.6678094333996 0.0008187394115854033
288.02421098909724 0.0008030267977921262
288.3806125447949 0.0007999403915114314
288.73701410049244 0.0007600976922497798
289.0934156561901 0.0007328812005007105
289.4498172118877 0.0007135210156482798
289.80621876758534 0.0006829375352292226
290.16262032328297 0.0006610521088743009
290.5190218789806 0.0006641385151551232
290.8754234346782 0.0006262598926178586
291.2318249903758 0.0005864171933562347
291.58822654607343 0.0005833307870754124
291.94462810177106 0.0005493803179863672
292.3010296574687 0.0005415240110897287
292.6574312131663 0.0005308618803014335
293.01383276886395 0.0005039259709416103
293.3702343245615 0.00046380268929084015
293.72663588025915 0.00047474540246830103
294.0830374359568 0.0004427590101034155
294.4394389916544 0.00042367940764015036
294.79584054735204 0.000431535714536789
295.1522421030497 0.000391131850496996
295.50864365874725 0.0003815920492653011
295.8650452144449 0.00037794447820614744
296.2214467701425 0.0003476415801762559
296.57784832584014 0.0003414687676146113
296.93424988153777 0.0003372600317771264
297.2906514372354 0.00031789984692469564
297.647052992933 0.0003061153865797866
298.0034545486306 0.0002979784972939336
298.35985610432823 0.00028282704827898783
298.71625766002586 0.0002704814231556987
299.0726592157235 0.0002572940508649126
299.4290607714211 0.00023905619556914448
299.78546232711875 0.0002354086245100284
300.1418638828163 0.00022727173522418665
300.49826543851395 0.00022699115283502102
300.8546669942116 0.00021380378054423486
301.2110685499092 0.000180414476233521
301.56747010560684 0.00019865233152928906
301.9238716613045 0.000184062047292704
302.28027321700205 0.00018013389384435535
302.6366747726997 0.00016666593916440353
302.9930763283973 0.00016357953288358127
303.34947788409494 0.00014870866625780113
303.70587943979257 0.00015319798448445174
304.0622809954902 0.00014057177697199692
304.4186825511878 0.0001383271178586937
304.7750841068854 0.0001282261518487078
305.13148566258303 0.00012317566884372587
305.48788721828066 0.0001175640210604126
305.8442887739783 0.00010802421982878007
306.2006903296759 0.00011700285628208128
306.55709188537355 0.0001038154839913117
306.9134934410711 0.00010353490160212948
307.26989499676876 8.333296958220177e-05
307.6262965524664 9.175044125717164e-05
307.982698108164 8.417471674969876e-05
308.33909966386165 8.782228780885238e-05
308.6955012195593 7.351258596141532e-05
309.05190277525685 7.014559729141563e-05
309.4083043309545 6.621744384309636e-05
309.7647058866521 6.874268534558733e-05
310.12110744234974 6.649802623226202e-05
310.47750899804737 6.341161995143973e-05
310.833910553745 5.751938977896082e-05
311.19031210944263 5.218832438482156e-05
311.5467136651402 5.359123633064154e-05
311.90311522083783 4.124561120735239e-05
312.25951677653546 4.377085270984335e-05
312.6159183322331 4.208735837484938e-05
312.9723198879307 3.619512820237047e-05
313.32872144362835 3.9842699261530436e-05
313.6851229993259 3.5072798645707814e-05
314.04152455502356 3.731745775903312e-05
314.3979261107212 3.198639236488553e-05
314.7543276664188 2.4691250246578303e-05
315.11072922211645 2.4691250246578303e-05
315.4671307778141 2.7497074138239314e-05
315.82353233351165 2.6374744581572277e-05
316.1799338892093 2.1604843965756014e-05
316.5363354449069 2.3568920689915653e-05
316.89273700060454 2.328833830074999e-05
317.24913855630217 2.1324261576590355e-05
317.6055401119998 2.0482514409093367e-05
317.96194166769743 1.9921349630765218e-05
318.318343223395 1.8518437684933728e-05
318.67474477909263 1.767669051743674e-05
319.03114633479026 1.683494334993975e-05
319.3875478904879 1.79572729066024e-05
319.7439494461855 1.4029119458283125e-05
320.10035100188315 1.234562512329112e-05
320.4567525575807 1.683494334993975e-05
320.81315411327836 1.5151449014945777e-05
321.169555668976 1.1223295566626501e-05
321.5259572246736 8.698054064135539e-06
321.88235878037125 1.1784460344957826e-05
322.2387603360689 1.1784460344959707e-05
322.59516189176645 6.453394950810238e-06
322.9515634474641 6.453394950810238e-06
323.3079650031617 5.050483004981925e-06
323.66436655885934 7.856306896638552e-06
324.020768114557 6.733977339975901e-06
324.3771696702546 6.453394950810238e-06
324.73357122595223 6.17281256164556e-06
325.0899727816498 7.0145597291415626e-06
325.44637433734744 5.892230172478913e-06
325.80277589304507 6.172812561644576e-06
326.1591774487427 3.647571059153613e-06
326.5155790044403 3.086406280822288e-06
326.87198056013796 1.964076724159951e-06
327.22838211583553 3.928153448319276e-06
327.58478367153316 4.769900615816263e-06
327.9411852272308 4.769900615816263e-06
328.2975867829284 1.964076724159638e-06
328.65398833862605 3.647571059153613e-06
329.0103898943237 1.964076724159951e-06
329.36679145002125 2.2446591133253e-06
329.7231930057189 1.4029119458283126e-06
330.0795945614165 1.4029119458283126e-06
330.43599611711414 2.2446591133253e-06
330.7923976728118 5.61164778331325e-07
331.1487992285094 1.12232955666265e-06
331.50520078420703 0.0
331.8616023399046 1.4029119458283126e-06
332.21800389560224 2.2446591133253e-06
332.57440545129987 8.417471674969876e-07
332.9308070069975 2.805823891656625e-07
333.2872085626951 1.4029119458283126e-06
333.64361011839276 1.683494334994244e-06
334.00001167409033 1.12232955666265e-06
334.35641322978796 0.0
334.7128147854856 2.2446591133253e-06
335.0692163411832 8.417471674969876e-07
335.42561789688085 8.417471674969876e-07
335.7820194525785 5.611647783314146e-07
336.13842100827605 1.12232955666265e-06
336.4948225639737 1.12232955666265e-06
336.8512241196713 8.417471674969876e-07
337.20762567536894 2.805823891656625e-07
337.5640272310666 0.0
337.9204287867642 5.611647783314146e-07
338.2768303424618 0.0
338.6332318981594 2.805823891656625e-07
338.98963345385704 2.805823891656625e-07
339.34603500955467 0.0
339.7024365652523 8.417471674969876e-07
340.05883812094993 2.805823891656625e-07
340.41523967664756 2.805823891657073e-07
340.77164123234513 0.0
341.12804278804276 0.0
341.4844443437404 2.805823891656625e-07
341.840845899438 0.0
342.19724745513565 2.805823891656625e-07
342.5536490108333 0.0
342.91005056653086 2.805823891656625e-07
343.2664521222285 0.0
343.6228536779261 2.805823891656625e-07
343.97925523362375 2.805823891656625e-07
344.3356567893214 0.0
344.692058345019 0.0
345.0484599007166 0.0
345.4048614564142 0.0
345.76126301211184 0.0
346.11766456780947 0.0
346.4740661235071 0.0
346.83046767920473 2.805823891656625e-07
347.18686923490236 0.0
347.54327079059993 0.0
347.89967234629756 0.0
348.2560739019952 0.0
348.6124754576928 0.0
348.96887701339045 0.0
349.3252785690881 0.0
349.68168012478566 0.0
350.0380816804833 0.0
350.3944832361809 0.0
350.75088479187855 0.0
351.1072863475762 0.0
351.4636879032738 0.0
351.8200894589714 0.0
352.176491014669 0.0
352.53289257036664 0.0
352.88929412606427 0.0
353.2456956817619 0.0
353.60209723745953 0.0
353.95849879315716 0.0
354.31490034885474 0.0
354.67130190455237 0.0
355.02770346025 0.0
355.3841050159476 0.0
355.74050657164526 0.0
356.0969081273429 0.0
356.45330968304046 0.0
356.8097112387381 0.0
357.1661127944357 0.0
357.52251435013335 0.0
357.878915905831 2.805823891656625e-07
