2.8792095603986945 2.3767936636610013e-07
3.299944441717626 2.3767936636609992e-07
3.720679323036558 2.3767936636609992e-07
4.14141420435549 2.376793663661004e-07
4.562149085674421 4.753587327322008e-07
4.982883966993352 4.7535873273219984e-07
5.403618848312284 0.0
5.824353729631216 0.0
6.245088610950148 0.0
6.665823492269079 0.0
7.08655837358801 2.3767936636609992e-07
7.507293254906942 4.7535873273219984e-07
7.928028136225874 0.0
8.348763017544806 0.0
8.769497898863738 0.0
9.190232780182669 0.0
9.6109676615016 0.0
10.031702542820533 0.0
10.452437424139465 0.0
10.873172305458397 0.0
11.293907186777327 2.3767936636609992e-07
11.714642068096259 0.0
12.13537694941519 0.0
12.556111830734123 0.0
12.976846712053055 0.0
13.397581593371985 0.0
13.818316474690917 0.0
14.239051356009849 2.3767936636609992e-07
14.659786237328781 2.3767936636609992e-07
15.080521118647713 0.0
15.501255999966643 4.7535873273219984e-07
15.921990881285575 2.376793663660989e-07
16.34272576260451 2.3767936636609992e-07
16.76346064392344 4.7535873273219984e-07
17.184195525242373 0.0
17.6049304065613 4.7535873273219984e-07
18.025665287880233 4.7535873273219984e-07
18.446400169199165 4.7535873273219984e-07
18.867135050518097 0.0
19.28786993183703 0.0
19.70860481315596 0.0
20.129339694474893 2.3767936636609992e-07
20.550074575793825 2.3767936636609992e-07
20.970809457112757 2.3767936636609992e-07
21.39154433843169 0.0
21.81227921975062 4.7535873273219984e-07
22.233014101069553 1.4260761981965994e-06
22.653748982388485 4.7535873273219984e-07
23.074483863707417 4.7535873273220386e-07
23.495218745026346 0.0
23.915953626345278 2.3767936636609992e-07
24.33668850766421 4.7535873273219984e-07
24.757423388983142 9.507174654643997e-07
25.178158270302074 1.4260761981965994e-06
25.598893151621006 2.1391142972948993e-06
26.019628032939938 2.3767936636609994e-06
26.44036291425887 3.089831762759299e-06
26.861097795577802 2.3767936636609994e-06
27.281832676896734 4.040549228223733e-06
27.702567558215662 1.1883968318304997e-06
28.123302439534594 6.179663525518598e-06
28.544037320853526 3.565190495491498e-06
28.96477220217246 4.515907960955898e-06
29.38550708349139 5.466625426420298e-06
29.806241964810322 6.8927016246168975e-06
30.226976846129254 1.0457892120108396e-05
30.647711727448186 8.081098456447398e-06
31.06844660876712 7.130380990982996e-06
31.48918149008605 7.368060357349097e-06
31.909916371404982 8.79413655554577e-06
32.33065125272391 1.2597006417403401e-05
32.75138613404284 1.1646288951938797e-05
33.172121015361775 1.117093021920679e-05
33.5928558966807 1.2597006417403189e-05
34.01359077799964 1.5686838180162726e-05
34.43432565931857 1.711291437835905e-05
34.8550605406375 2.0202746141118665e-05
35.27579542195643 1.6875235011993234e-05
35.69653030327536 1.6162196912894656e-05
36.117265184594295 1.6875235011993234e-05
36.538000065913224 1.9727387408386125e-05
36.95873494723216 1.5211479447430524e-05
37.37946982855109 2.162882233931491e-05
37.80020470987002 1.7825952477457643e-05
38.22093959118895 2.2341860438413202e-05
38.64167447250789 1.592451754652883e-05
39.062409353826816 1.9252028675654256e-05
39.483144235145744 1.996506677475222e-05
39.90387911646468 2.3054898537511885e-05
40.32461399778361 2.1866501705681005e-05
40.74534887910254 2.3767936636610192e-05
41.16608376042147 2.5431692201172477e-05
41.58681864174041 1.8301311210189847e-05
42.007553523059336 1.806363184382344e-05
42.42828840437827 2.4718654102074597e-05
42.8490232856972 2.3054898537511495e-05
43.269758167016136 1.996506677475256e-05
43.690493048335064 2.614473030027121e-05
44.11122792965399 2.0915784240216616e-05
44.53196281097293 2.7570806498467824e-05
44.952697692291856 2.638240966663687e-05
45.37343257361079 2.4243295369342393e-05
45.79416745492972 2.7095447765735162e-05
46.214902336248656 2.4005616002976294e-05
46.635637217567584 3.0898317627592726e-05
47.05637209888652 2.8283844597566127e-05
47.47710698020545 2.4005616002976294e-05
47.89784186152438 2.6857768399369063e-05
48.31857674284331 2.8046165231200025e-05
48.73931162416224 2.25795398047793e-05
49.160046505481176 2.210418107204748e-05
49.580781386800105 2.7808485864833455e-05
50.00151626811904 3.256207319215597e-05
50.42225114943797 3.232439382578931e-05
50.842986030756904 2.947224142939664e-05
51.26372091207583 3.232439382578931e-05
51.68445579339477 3.018527952849494e-05
52.1051906747137 3.279975255852206e-05
52.525925556032625 3.303743192488761e-05
52.94666043735156 3.77910192522102e-05
53.36739531867049 3.7791019252209566e-05
53.788130199989425 3.75533398858441e-05
54.20886508130835 3.7077981153111276e-05
54.62959996262729 4.2782285945898346e-05
55.05033484394622 3.7791019252209566e-05
55.47106972526515 4.064317164860342e-05
55.89180460658408 3.945477481677225e-05
56.31253948790302 4.0167812915871225e-05
56.733274369221945 4.1118530381335634e-05
57.154009250540874 4.0405492282236646e-05
57.57474413185981 3.75533398858441e-05
57.99547901317874 4.278228594589762e-05
58.41621389449767 4.373300341136275e-05
58.8369487758166 5.015034630324666e-05
59.25768365713554 4.515907960955936e-05
59.678418538454466 4.4446041510460306e-05
60.0991534197734 4.96749875705153e-05
60.51988830109233 4.51590796095586e-05
60.940623182411265 5.133874313507802e-05
61.361358063730194 4.8961949471417e-05
61.78209294504912 4.991266693688056e-05
62.20282782636806 4.444604151046106e-05
62.623562707686986 5.751840666059569e-05
63.04429758900592 5.0388025669613603e-05
63.46503247032485 4.8724270105050065e-05
63.885767351643786 5.062570503597971e-05
64.30650223296271 5.680536856149739e-05
64.72723711428165 5.0625705035978855e-05
65.14797199560059 4.8248911372317874e-05
65.56870687691952 5.7993765393329844e-05
65.98944175823844 5.4903933630568614e-05
66.41017663955738 5.4903933630568614e-05
66.83091152087631 5.8944482858794266e-05
67.25164640219523 5.395321616510422e-05
67.67238128351417 6.037055905698886e-05
68.0931161648331 5.989520032425869e-05
68.51385104615203 6.227199398791765e-05
68.93458592747096 6.179663525518545e-05
69.3553208087899 5.989520032425667e-05
69.77605569010883 6.060823842335701e-05
70.19679057142775 6.512414638431082e-05
70.61752545274669 5.823144475969399e-05
71.03826033406563 6.845165751343851e-05
71.45899521538455 6.346039081974814e-05
71.87973009670348 6.536182575067692e-05
72.30046497802242 6.678790194887351e-05
72.72119985934135 6.678790194887577e-05
73.14193474066028 7.344292420712425e-05
73.56266962197921 6.964005434526668e-05
73.98340450329815 6.583718448340911e-05
74.40413938461708 6.464878765158081e-05
74.824874265936 6.72632606816057e-05
75.24560914725494 6.417342891884643e-05
75.66634402857387 6.702558131524186e-05
76.0870789098928 7.439364167258864e-05
76.50781379121173 6.369807018611424e-05
76.92854867253067 6.274735272064985e-05
77.3492835538496 6.726326068160797e-05
77.77001843516852 6.393574955248034e-05
78.19075331648746 6.91646956125345e-05
78.6114881978064 6.892701624616839e-05
79.03222307912533 6.868933687980462e-05
79.45295796044425 6.70255813152396e-05
79.87369284176319 7.177916864256156e-05
80.29442772308212 6.678790194887577e-05
80.71516260440104 7.700811470261571e-05
81.13589748571998 7.79588321680801e-05
81.55663236703892 7.106613054346327e-05
81.97736724835785 7.890954963354717e-05
82.39810212967677 6.82139781470701e-05
82.81883701099571 6.82139781470701e-05
83.23957189231464 7.986026709900888e-05
83.66030677363358 7.177916864256399e-05
84.0810416549525 7.914722899991061e-05
84.50177653627144 7.629507660351743e-05
84.92251141759037 8.057330519810991e-05
85.34324629890929 8.675296872362574e-05
85.76398118022823 8.580225125816135e-05
86.18471606154716 7.867187026717841e-05
86.6054509428661 8.128634329720823e-05
87.02618582418502 7.867187026717841e-05
87.44692070550396 7.748347343534791e-05
87.86765558682289 7.677043533625222e-05
88.28839046814181 8.461385442633085e-05
88.70912534946075 8.722832745635793e-05
89.12986023077968 7.320524484075816e-05
89.55059511209862 7.724579406898442e-05
89.97132999341754 8.817904492182232e-05
90.39206487473648 9.317031161551038e-05
90.81279975605541 9.649782274463575e-05
91.23353463737435 9.126887668458468e-05
91.65426951869327 7.605739723715133e-05
92.0750044000122 8.865440365455452e-05
92.49573928133114 8.770368618909308e-05
92.91647416265006 8.841672428818841e-05
93.337209043969 8.603993062452744e-05
93.75794392528793 8.96051211200189e-05
94.17867880660687 9.530942591280849e-05
94.59941368792579 9.03181592191172e-05
95.02014856924472 8.366313696086646e-05
95.44088345056366 8.580225125816135e-05
95.8616183318826 8.960512112002194e-05
96.28235321320152 9.816157830919843e-05
96.70308809452045 0.00010362820373561867
97.12382297583939 0.00010148908943832723
97.54455785715831 9.816157830919843e-05
97.96529273847725 0.00010743107359747625
98.38602761979618 0.00010838179106294065
98.80676250111512 9.697318147737121e-05
99.22749738243404 9.934997514102892e-05
99.64823226375297 0.00010933250852840504
100.06896714507191 0.00011503681332119138
100.48970202639084 0.00011527449268756138
100.91043690770977 0.00010743107359747625
101.3311717890287 0.00010576731803291357
101.75190667034764 0.00011836432445032076
102.17264155166656 0.00010933250852840504
102.5933764329855 0.00012050343874761163
103.01411131430443 0.00011812664508395064
103.43484619562336 0.00011646288951939191
103.85558107694229 0.00011479913395482528
104.27631595826122 0.00012026575938124554
104.69705083958016 0.00012311791177763872
105.11778572089909 0.00012383094987674119
105.53852060221801 0.00013880474995780118
105.95925548353695 0.00013310044516501483
106.37999036485589 0.00012787149910496498
106.8007252461748 0.0001224048736785404
107.22146012749374 0.0001354772388286758
107.64219500881268 0.0001226425530449065
108.06292989013161 0.0001283468578376972
108.48366477145053 0.0001333381245313809
108.90439965276947 0.00013856707059143507
109.3251345340884 0.00013761635312597068
109.74586941540734 0.00014712352778061956
110.16660429672626 0.00015496694687069582
110.5873391780452 0.0001587698167325534
111.00807405936413 0.00015567998496979936
111.42880894068306 0.0001587698167325534
111.84954382200199 0.0001666132358226346
112.27027870332093 0.0001449844134833197
112.69101358463986 0.00015734374053436213
113.11174846595878 0.00016114661039621437
113.53248334727772 0.00016494948025807193
113.95321822859665 0.00016138428976258048
114.37395310991559 0.00015496694687070105
114.79468799123451 0.00017825952477457343
115.21542287255345 0.0001716045025163227
115.63615775387238 0.00018230007400280325
116.0568926351913 0.00017326825808088535
116.47762751651024 0.00018657830259738683
116.89836239782917 0.00018895509626104783
117.31909727914811 0.0001844391883000982
117.73983216046703 0.0001803986390718683
118.16056704178597 0.00018586526449828854
118.5813019231049 0.00019893762964842395
119.00203680442384 0.00021581286466042417
119.42277168574276 0.00019822459154932566
119.8435065670617 0.00020440425507484418
120.26424144838063 0.00022318092501777347
120.68497632969955 0.00022056645198773885
121.10571121101849 0.00021890269642317617
121.52644609233742 0.0002388677631979284
121.94718097365636 0.0002257953980478006
122.36791585497528 0.00024409670925798255
122.78865073629422 0.0002388677631979284
123.20938561761315 0.0002388677631979284
123.63012049893209 0.0002452851060898213
124.05085538025101 0.0002474242203871079
124.47159026156994 0.000264537134765467
124.89232514288888 0.00029091954443211365
125.3130600242078 0.0002806993316783616
125.73379490552674 0.00028878043013480894
126.15452978684567 0.00028759203330297846
126.5752646681646 0.00029068186506574754
126.99599954948353 0.0003054179857804358
127.41673443080246 0.0003151628398014458
127.8374693121214 0.00034582347806266073
128.25820419344035 0.00034344668439903464
128.67893907475926 0.0003237192969906253
129.0996739560782 0.0003707798115311127
129.52040883739713 0.0003684030178674517
129.94114371871606 0.0003840898560476142
130.361878600035 0.00039098255767223104
130.78261348135393 0.0003902695195731591
131.20334836267284 0.00038646664971127515
131.62408324399178 0.0004244953483298508
132.0448181253107 0.0004209301578343594
132.46555300662965 0.0004518284754619521
132.88628788794858 0.0005107729583207444
133.30702276926752 0.000498651310636107
133.72775765058643 0.0005426219934138015
134.14849253190536 0.000536442329888283
134.5692274132243 0.0005305003457291305
134.98996229454323 0.0005701927999122689
135.41069717586217 0.0005844535618942348
135.8314320571811 0.0005870680349242618
136.25216693850004 0.0005792246158341806
136.67290181981897 0.0006220069017801202
137.09363670113788 0.000667641340122369
137.51437158245682 0.0006602732797650199
137.93510646377575 0.000706620756206409
138.3558413450947 0.0007705565057588893
138.77657622641362 0.0007572464612423879
139.19731110773256 0.0008226082869930648
139.6180459890515 0.0008798890142873539
140.0387808703704 0.0008853556397137146
140.45951575168934 0.0009635521512481609
140.88025063300827 0.0009692564560409471
141.3009855143272 0.0010274879008006412
141.72172039564614 0.0011781766190767473
142.14245527696508 0.001194338815989642
142.56319015828402 0.001263978870334994
142.98392503960292 0.0014638672174487968
143.40465992092186 0.001507600220860159
143.8253948022408 0.0017581142730100261
144.24612968355973 0.0019028610071269798
144.66686456487867 0.001983671991691453
145.0875994461976 0.0023858254795828906
145.50833432751654 0.0025015753310031804
145.92906920883547 0.00271928963059471
146.34980409015438 0.0032286365127170737
146.77053897147331 0.00324836390012546
147.19127385279225 0.003587770035296248
147.61200873411119 0.003938109421319876
148.03274361543012 0.0039416746118153675
148.45347849674906 0.004308413874118257
148.874213378068 0.0045042616720042256
149.2949482593869 0.004556075773871731
149.71568314070583 0.004817285397508073
150.13641802202477 0.004867435743811319
150.5571529033437 0.004918299128213664
150.97788778466264 0.0050618574654987866
151.39862266598158 0.005123891780120338
151.8193575473005 0.005165723348601121
152.24009242861942 0.005153839380282467
152.66082730993836 0.005133636634141348
153.0815621912573 0.0051208019483575794
153.50229707257623 0.005158830646976155
153.92303195389516 0.005153839380282467
154.3437668352141 0.005081822532273539
154.76450171653303 0.00511343388800023
155.18523659785197 0.00505686619880544
155.60597147917088 0.004977956649171555
156.0267063604898 0.005040228643159473
156.44744124180875 0.004889539924883366
156.86817612312768 0.004890252962982464
157.28891100444662 0.004876942918465963
157.70964588576555 0.004799459445030615
158.1303807670845 0.0049080789154602525
158.5511156484034 0.004810155016517089
158.97185052972233 0.004774740790928541
159.39258541104127 0.004829407045192743
159.8133202923602 0.004742416397102751
160.23405517367914 0.004790427629108703
160.65479005499807 0.004747407663796439
161.075524936317 0.004579368351775918
161.49625981763592 0.004600759494748557
161.91699469895485 0.004603849326511316
162.3377295802738 0.004375914814166228
162.75846446159272 0.004480256056000945
163.17919934291166 0.00440990296355658
163.5999342242306 0.004314118178911043
164.02066910554953 0.004332894848853965
164.44140398686847 0.00430461100425669
164.86213886818737 0.004243527407100312
165.2828737495063 0.0042421013309021155
165.70360863082524 0.004085470628466857
166.12434351214418 0.004120647174689039
166.54507839346311 0.004033181167866315
166.96581327478205 0.0039982423010104995
167.386548156101 0.003981604745365141
167.8072830374199 0.003899367684602202
168.22801791873883 0.003930028322863429
168.64875280005776 0.003900793760800399
169.0694876813767 0.003843988392238901
169.49022256269564 0.0038584868335872335
169.91095744401457 0.003821884211166854
170.3316923253335 0.0038235479667316752
170.7524272066524 0.003740835547236015
171.17316208797135 0.003669531737326185
171.59389696929028 0.0037156415344012086
172.01463185060922 0.0037196820836294317
172.43536673192816 0.0035839671654343905
172.8561016132471 0.0036749983627526054
173.27683649456603 0.0035552079621043327
173.69757137588493 0.0035516427716086006
174.11830625720387 0.0035440370318848857
174.5390411385228 0.0034803389616987713
174.95977601984174 0.003444924736110223
175.38051090116068 0.0034577594218939923
175.8012457824796 0.003351992103861079
176.22198066379855 0.0033712441325367327
176.64271554511748 0.0033355922275820436
177.0634504264364 0.003212474315804179
177.48418530775533 0.003253355166819148
177.90492018907426 0.0031689789917591833
178.3256550703932 0.0031207300803868655
178.74638995171213 0.003150677680548994
179.16712483303107 0.0030796115500055306
179.58785971435 0.0030660638261228697
180.0085945956689 0.0029976121686092266
180.42932947698785 0.0029919078638164405
180.85006435830678 0.0029864412383900202
181.27079923962572 0.0029971368098764945
181.69153412094465 0.0028687899520388016
182.1122690022636 0.0029301112285612546
182.53300388358252 0.002889705736279213
182.95373876490143 0.002862134929780551
183.37447364622037 0.002833613405816619
183.7952085275393 0.0028809115997234726
184.21594340885824 0.002835514840747548
184.63667829017717 0.0028657001202760423
185.0574131714961 0.002804141164387223
185.47814805281504 0.0028604711742159883
185.89888293413398 0.0028319496502522477
186.3196178154529 0.002833138047083887
186.74035269677182 0.0027554168942821727
187.16108757809076 0.0027059795860780245
187.5818224594097 0.002706692624177123
188.00255734072863 0.0027128722877026415
188.42329222204756 0.0026596321096366356
188.8440271033665 0.0027356895068739715
189.2647619846854 0.0026401424015946155
189.68549686600434 0.002592844207687762
190.10623174732328 0.002633962738069097
190.5269666286422 0.0025890413378259042
190.94770150996115 0.002629209150741775
191.36843639128008 0.002609957122066121
191.78917127259902 0.002605441214105341
192.20990615391793 0.00257406753774484
192.63064103523686 0.002559093737663776
193.0513759165558 0.0025065665976968686
193.47211079787473 0.0025272447025707187
193.89284567919367 0.0025158360929851465
194.3135805605126 0.0024856508134566517
194.73431544183154 0.0025063289183305023
195.15505032315048 0.0025227287946099335
195.57578520446938 0.0025015753310031804
195.99652008578832 0.0025165491310842445
196.41725496710725 0.0024804218673965977
196.8379898484262 0.002537940274057193
197.25872472974513 0.0024877899277539464
197.67945961106406 0.0025196389628470038
198.100194492383 0.002517737527916245
198.5209293737019 0.00252415487080796
198.94166425502084 0.0025236795120752273
199.36239913633977 0.002529859175600746
199.7831340176587 0.002568363232952054
200.20386889897765 0.002532473648630773
200.62460378029658 0.002600212268045111
201.04533866161552 0.0025410301058201245
201.46607354293442 0.0025790588044385283
201.88680842425336 0.002580722560003091
202.3075433055723 0.0026201773348198633
202.72827818689123 0.0025724037821802776
203.14901306821017 0.0026256439602462835
203.5697479495291 0.0026525017286456523
203.99048283084804 0.0027135853258017394
204.41121771216697 0.002669614643024192
204.83195259348588 0.002676031985915896
205.25268747480482 0.0026779334208468252
205.67342235612375 0.002731886637011929
206.0941572374427 0.0027746689229578266
206.51489211876162 0.002774906602324193
206.93562700008056 0.0027808485864833452
207.3563618813995 0.0028050918818528768
207.7770967627184 0.00281222226284367
208.19783164403734 0.0029001636283991264
208.61856652535627 0.002884952148951696
209.0393014066752 0.0029239315650357364
209.46003628799414 0.0029726558351407866
209.88077116931308 0.0029415198381468276
210.301506050632 0.0029980875273421612
210.72224093195092 0.003071055092816351
211.14297581326986 0.0030392060577232936
211.5637106945888 0.003100527334245747
211.98444557590773 0.003090544800858371
212.40518045722666 0.003185141188672078
212.8259153385456 0.003178010807681095
213.24665021986453 0.003224120604756118
213.66738510118347 0.0032295872301827564
214.08811998250238 0.003239094404837182
214.5088548638213 0.0032614362652755953
214.92958974514025 0.003303267833756028
215.35032462645918 0.003295186735299581
215.77105950777812 0.0033099228560142793
216.19179438909705 0.003360073202317526
216.612529270416 0.0034432609805458932
217.0332641517349 0.003427574142365498
217.45399903305383 0.003452292796467572
217.87473391437277 0.0034765360918369136
218.2954687956917 0.0034772491299360124
218.71620367701064 0.003512901034890927
219.13693855832958 0.003535718254062072
219.5576734396485 0.0035578224351343595
219.97840832096742 0.003590859867059007
220.39914320228635 0.003643624686392281
220.8198780836053 0.0036398218165304237
221.24061296492422 0.0036856939342390805
221.66134784624316 0.0037001923755874125
222.0820827275621 0.0036937750326955275
222.50281760888103 0.003737983394839874
222.92355249019994 0.0037225342360258256
223.34428737151887 0.003727763182085879
223.7650222528378 0.003758899179079838
224.18575713415674 0.003720870480461263
224.60649201547568 0.003794788763401119
225.02722689679462 0.003800730747560271
225.44796177811355 0.0038430376747734373
225.8686966594325 0.003847791262101019
226.2894315407514 0.00385682307802267
226.71016642207033 0.003911964691019606
227.13090130338927 0.003939535497518073
227.5516361847082 0.003896990890938541
227.97237106602714 0.003935019589557116
228.39310594734607 0.0039093502179895784
228.813840828665 0.003940248535617437
229.23457570998391 0.003963778792887415
229.65531059130285 0.003959738243659191
230.0760454726218 0.003949755710271815
230.49678035394072 0.003982793142196702
230.91751523525966 0.0040289029392717255
231.3382501165786 0.004015355215388858
231.75898499789753 0.004006085720100851
232.17971987921644 0.004019395764617082
232.60045476053537 0.004033656526599047
233.0211896418543 0.004055760707671094
233.44192452317324 0.004088798139595982
233.86265940449218 0.004065030202959372
234.2833942858111 0.004093076368190571
234.70412916713005 0.004114467511163521
235.12486404844898 0.0041068617714400835
235.5455989297679 0.004120884854055405
235.96633381108683 0.004196942251292557
236.38706869240576 0.004168420727328625
236.8078035737247 0.004183632206776055
237.22853845504363 0.004218808752998238
237.64927333636257 0.004219284111730969
238.0700082176815 0.004239011499139643
238.4907430990004 0.0042235623403255595
238.91147798031935 0.004258025848448644
239.33221286163828 0.004275851800926101
239.75294774295722 0.004324338391664785
240.17368262427615 0.004288211127977138
240.5944175055951 0.0043027095693254705
241.01515238691402 0.004385184309454802
241.43588726823293 0.004334320925052162
241.85662214955187 0.0044246390842712785
242.2773570308708 0.004365219242679754
242.69809191218974 0.00440871456672475
243.11882679350867 0.004436523052589584
243.5395616748276 0.004493803779883813
243.96029655614655 0.004511154373628538
244.38103143746548 0.0044861980401604004
244.8017663187844 0.004474789430574525
245.22250120010332 0.0045118674117276365
245.64323608142226 0.00455060914844531
246.0639709627412 0.004523513700679576
246.48470584406013 0.004569623497754598
246.90544072537907 0.0046378374759016685
247.326175606698 0.0046271419044155064
247.7469104880169 0.0046822835174121285
248.16764536933584 0.004689889257135844
248.58838025065478 0.00474431783203368
249.00911513197372 0.004769274165502121
249.42985001329265 0.004744555511400046
249.8505848946116 0.004789714591009605
250.27131977593052 0.00486482127078162
250.69205465724943 0.004852937302462987
251.11278953856836 0.004851273546898424
251.5335244198873 0.004926855585402843
251.95425930120624 0.00486672270571222
252.37499418252517 0.005034999697099418
252.7957290638441 0.004966785718952348
253.21646394516304 0.005041892398724035
253.63719882648198 0.0050376141701297845
254.05793370780088 0.005077068944946217
254.47866858911982 0.0050891905926308875
254.89940347043876 0.005186639132840988
255.3201383517577 0.005142430770696894
255.74087323307663 0.005245821295066146
256.16160811439556 0.00527790800952557
256.5823429957145 0.005307617930321332
257.00307787703343 0.005323780127234227
257.42381275835237 0.0053299597907597454
257.8445476396713 0.005333049622522505
258.26528252099024 0.005362759543318266
258.6860174023092 0.005402689676868502
259.10675228362805 0.0054673384645193505
259.527487164947 0.00554529729668743
259.9482220462659 0.005520103283852623
260.36895692758486 0.0055521899983120475
260.7896918089038 0.005585702788969666
261.21042669022273 0.005636803852738377
261.63116157154167 0.005692658503834411
262.0518964528606 0.005703829434053617
262.47263133417954 0.005791770799609073
262.8933662154985 0.005710009097579136
263.3141010968174 0.0057863041741826535
263.73483597813635 0.005794622952005467
264.1555708594553 0.005881613600096254
264.57630574077416 0.005855706549161554
264.9970406220931 0.005927485717804115
265.41777550341203 0.005987618597494738
265.83851038473097 0.005988331635593837
266.2592452660499 0.0060527427438790485
266.67998014736884 0.006082214985308446
267.1007150286878 0.006134979804641719
267.5214499100067 0.0061989155541941985
267.94218479132564 0.006157321665080132
268.3629196726446 0.006277112065728645
268.7836545539635 0.006269981684737662
269.20438943528245 0.006288045316581487
269.6251243166014 0.006423522555410162
270.0458591979203 0.006440635469788521
270.46659407923926 0.00644681513331491
270.88732896055814 0.006464878765157863
271.3080638418771 0.006507423371737394
271.728798723196 0.0065811039753108855
272.14953360451494 0.006666430867836314
272.5702684858339 0.00660154440081837
272.9910033671528 0.0066666685472026805
273.41173824847175 0.006736546280914312
273.8324731297907 0.006800006671734061
274.2532080111096 0.006852058452968237
274.67394289242856 0.006825676043301599
275.0946777737475 0.006905298631034243
275.5154126550664 0.006987773371163278
275.93614753638536 0.007017245612592674
276.3568824177043 0.007093778368563517
276.7776172990232 0.007142027279934875
277.1983521803421 0.007130380990982938
277.61908706166105 0.007199070327862739
278.03982194298 0.007232345439153993
278.4605568242989 0.007369011074814498
278.88129170561785 0.0073271795063340655
279.3020265869368 0.007474065354748314
279.7227614682557 0.007429381633871488
280.14349634957466 0.007538476463033527
280.5642312308936 0.007592429679198632
280.98496611221253 0.007608116517378793
281.40570099353147 0.0076737160224958365
281.8264358748504 0.007679895686021355
282.24717075616934 0.007806578788294486
282.6679056374883 0.007807529505761004
283.08864051880715 0.00782155258837555
283.5093754001261 0.008015498951330285
283.930110281445 0.007900224458642727
284.35084516276396 0.007985075992435425
284.7715800440829 0.008093933142231098
285.19231492540183 0.008104866393083937
285.61304980672077 0.008180686110954722
286.0337846880397 0.0082187148095733
286.45451956935864 0.008317827105347963
286.8752544506776 0.008274569460669332
287.2959893319965 0.008314261914852471
287.71672421331544 0.008442608772690163
288.1374590946344 0.008448075398116584
288.5581939759533 0.008447600039383852
288.97892885727225 0.00867743598666104
289.39966373859113 0.008578323690885205
289.82039861991007 0.008532689252542913
290.241133501229 0.008700728564563746
290.66186838254794 0.008707145907455631
291.0826032638669 0.008768942542710816
291.5033381451858 0.008845950657413431
291.92407302650474 0.008907747292668617
292.3448079078237 0.008870669311515506
292.7655427891426 0.008809585714359419
293.18627767046155 0.008946726708752658
293.6070125517805 0.008899903873578537
294.0277474330994 0.008969781607290167
294.44848231441836 0.009025398579019834
294.8692171957373 0.009005908870979032
295.28995207705617 0.008969781607290167
295.7106869583751 0.00904156077593273
296.13142183969404 0.00916040045911578
296.552156721013 0.009081490909482235
296.9728916023319 0.00899045971216402
297.39362648365085 0.008985943804203063
297.8143613649698 0.009026111617118934
298.2350962462887 0.009088145931740486
298.65583112760766 0.009052731706151937
299.0765660089266 0.00907816339835311
299.4973008902455 0.009039659341001802
299.91803577156446 0.009000442245551394
300.3387706528834 0.00892699932134427
300.75950553420233 0.008912025521263207
301.18024041552127 0.008906083537105257
301.60097529684015 0.008907509613302252
302.0217101781591 0.008898953156113071
302.442445059478 0.008713800929713881
302.86317994079695 0.008642259440437686
303.2839148221159 0.008658896996083312
303.7046497034348 0.008609222008512798
304.12538458475376 0.008540770350999361
304.5461194660727 0.008600427871957252
304.96685434739163 0.00843001176627276
305.38758922871057 0.008422643705915412
305.8083241100295 0.008400301845476998
306.22905899134844 0.008332087867329927
306.6497938726674 0.008228459663594308
307.0705287539863 0.00818876720941117
307.49126363530524 0.008060182672208201
307.9119985166241 0.007980322405108103
308.33273339794306 0.007986264389267255
308.753468279262 0.007838903182120275
309.17420316058093 0.00790307661103912
309.59493804189987 0.0077117447211144125
310.0156729232188 0.007645669857264638
310.43640780453774 0.007515421564496016
310.8571426858567 0.0074895145135621104
311.2778775671756 0.007301510134766528
311.69861244849454 0.007306026042727483
312.1193473298135 0.007216896280340197
312.5400822111324 0.0071327577846465985
312.96081709245135 0.007029129580910979
313.3815519737703 0.006982544425104167
313.80228685508916 0.006925976735908093
314.2230217364081 0.006801432747932257
314.64375661772704 0.006679740912352815
315.06449149904597 0.006609625499274816
315.4852263803649 0.006532379705205835
315.90596126168384 0.006396902466377159
316.3266961430028 0.006292798903908808
316.7474310243217 0.006218880620968951
317.16816590564065 0.006125947988719807
317.5889007869596 0.006058209369305469
318.0096356682785 0.005936755213092394
318.43037054959746 0.005863549968251635
318.8511054309164 0.005774657885230715
319.2718403122353 0.005693609221299875
319.69257519355426 0.0056356154559073085
320.11331007487314 0.005501088934543336
320.5340449561921 0.005384863724390314
320.954779837511 0.005345884308306274
321.37551471882995 0.005256516866552621
321.7962496001489 0.005173091408958121
322.2169844814678 0.005031672185970293
322.63771936278675 0.0049156846551836365
323.0584542441057 0.004946107614078497
323.4791891254246 0.004782821889384988
323.89992400674356 0.004629281018712489
324.3206588880625 0.0046183477678596475
324.74139376938143 0.004500458802142063
325.16212865070037 0.0044101406429229465
325.5828635320193 0.004418934779478492
326.00359841333824 0.0042475679563291095
326.4243332946571 0.004153446927247561
326.84506817597605 0.004092125650725108
327.265803057295 0.004007987155031509
327.6865379386139 0.003940961573716269
328.10727281993286 0.0037422616234342116
328.5280077012518 0.003762702048941696
328.94874258257073 0.0037280008614522455
329.36947746388967 0.0035735092733142817
329.7902123452086 0.0034922229300170765
330.21094722652754 0.003440884186881999
330.6316821078465 0.0033393950974436753
331.0524169891654 0.0032545435636509783
331.47315187048434 0.0032279234746179753
331.8938867518033 0.003155431267876742
332.31462163312216 0.0030924462357892995
332.7353565144411 0.0030026034353029148
333.15609139576003 0.00292797211426396
333.57682627707896 0.0028861405457835266
333.9975611583979 0.002768726938798674
334.41829603971684 0.0027138230051681057
334.83903092103577 0.002659156750903903
335.2597658023547 0.0025814355981021893
335.68050068367364 0.002533424366096238
336.1012355649926 0.0024157730797450187
336.5219704463115 0.0023582546730844234
336.94270532763045 0.002320939012564946
337.3634402089494 0.0022857624663427637
337.7841750902683 0.0022232527929884798
338.20490997158726 0.002172389408586428
338.62564485290613 0.0020818335700006517
339.04637973422507 0.0019841473504241852
339.467114615544 0.0019442172168746808
339.88784949686294 0.0019156956929107492
340.3085843781819 0.0018194355495324795
340.7293192595008 0.0018258528924243642
341.15005414081975 0.0017350593744725146
341.5707890221387 0.0016628048470972209
341.9915239034576 0.0016480687263825229
342.41225878477655 0.001568208459283514
342.8329936660955 0.0015567998496979411
343.2537285474144 0.001505223427196498
343.67446342873336 0.00142773995376115
344.0951983100523 0.0014042096964910961
344.5159331913712 0.0013756881725269746
344.9366680726901 0.0013046220419835114
345.35740295400905 0.001277051235485044
345.778137835328 0.0012247617748845025
346.1988727166469 0.0012062227843079468
346.61960759796585 0.0011634404983620493
347.0403424792848 0.0011213712505152497
347.4610773606037 0.001063615164488288
347.88181224192266 0.0010134648181850414
348.3025471232416 0.0009861316910529402
348.72328200456053 0.0009521435416625882
349.14401688587947 0.0009668796623772862
349.5647517671984 0.0009221959415004597
349.98548664851734 0.0008732339920290436
350.4062215298363 0.0008385328045397068
350.82695641115515 0.0008254604393894581
351.2476912924741 0.000779588321680801
351.668426173793 0.0007636638041342726
352.08916105511196 0.000716127930861053
352.5098959364309 0.0007173163276928834
352.93063081774983 0.0006828528195697992
353.35136569906877 0.0006353169462965796
353.7721005803877 0.0006193924287500512
354.19283546170664 0.0005835028444287704
354.6135703430256 0.0005989520032425666
355.0343052243445 0.0005528422061675438
355.45504010566344 0.0005321641012936932
355.8757749869824 0.0005155265456480663
356.2965098683013 0.0004919962883778227
356.71724474962025 0.0004710805041376697
357.1379796309391 0.0004523038341946843
357.55871451225806 0.000451590796095586
357.979449393577 0.0004190287229034306
358.40018427489593 0.00042306927213165427
358.82091915621487 0.0004035795640896342
359.2416540375338 0.0003802869861857566
359.66238891885274 0.0003615103162428349
360.0831238001717 0.0003529538590536554
360.5038586814906 0.00034415972249810976
360.92459356280955 0.0003056556651468019
361.3453284441285 0.00031587587790054406
361.7660633254474 0.00028830507140207673
362.18679820676635 0.0002728559125882804
362.6075330880853 0.00026501249349823497
363.02826796940417 0.00023981848066339275
363.4490028507231 0.00025336620454626034
363.86973773204204 0.00023054898537511493
364.290472613361 0.00022983594727601667
364.7112074946799 0.0002167635821258813
365.13194237599885 0.00019370868358836978
365.5526772573178 0.0001927579661229054
365.9734121386367 0.00019561011851929857
366.39414701995565 0.00017564505174454635
366.8148819012746 0.00017231754061542096
367.2356167825935 0.00015449158813796363
367.65635166391246 0.00014308297855239094
368.0770865452314 0.00014070618488872994
368.49782142655033 0.00014545977221605192
368.91855630786927 0.00014070618488874894
369.33929118918815 0.0001243063086094692
369.7600260705071 0.00012002808001487944
370.180760951826 0.00011574985142028968
370.60149583314495 0.000101964448171056
371.0222307144639 0.00010030069260649332
371.4429655957828 0.00010648035613201187
371.86370047710176 9.530942591280526e-05
372.2844353584207 9.198191478367989e-05
372.70517023973963 7.819651153444621e-05
373.12590512105857 8.342545759450036e-05
373.5466400023775 8.485153379269694e-05
373.96737488369644 7.439364167258864e-05
374.3881097650154 6.322271145338205e-05
374.8088446463343 6.72632606816057e-05
375.22957952765324 6.203431462155993e-05
375.6503144089721 5.1814101867809336e-05
376.07104929029106 5.0625705035978855e-05
376.49178417161 5.5854651096033e-05
376.91251905292893 4.8724270105050065e-05
377.33325393424786 4.4683720876826405e-05
377.7539888155668 4.325764467862982e-05
378.17472369688574 4.1356209747701035e-05
378.59545857820467 3.731566051947737e-05
379.0161934595236 3.969245418313835e-05
379.43692834084254 3.7077981153111276e-05
379.8576632221615 3.232439382578931e-05
380.2783981034804 2.923456206303004e-05
380.69913298479935 2.448097473570808e-05
381.1198678661183 2.7333127132104947e-05
381.54060274743716 2.4243295369341986e-05
381.9613376287561 2.804616523119955e-05
382.38207251007503 2.2104181072047104e-05
382.80280739139397 2.0678104873850517e-05
383.2235422727129 2.162882233931491e-05
383.64427715403184 1.6637555645626854e-05
384.0650120353508 2.2341860438413202e-05
384.4857469166697 1.9014349309287832e-05
384.90648179798865 1.5686838180162462e-05
385.3272166793076 1.5211479447430264e-05
385.7479515606265 1.5449158813796363e-05
386.16868644194545 1.3547723882867581e-05
386.5894213232644 1.4023082615599775e-05
387.0101562045833 9.744854021010013e-06
387.43089108590226 1.354772388286941e-05
387.85162596722114 9.03181592191172e-06
388.2723608485401 1.1646288951938797e-05
388.693095729859 5.466625426420251e-06
389.11383061117795 6.417342891884642e-06
389.5345654924969 1.0695571486474405e-05
389.9553003738158 7.605739723715132e-06
390.37603525513475 6.179663525518545e-06
390.7967701364537 6.179663525518545e-06
391.2175050177726 5.228946060054154e-06
391.63823989909156 4.991266693688055e-06
392.0589747804105 6.892701624616839e-06
392.47970966172943 4.51590796095586e-06
392.90044454304837 3.5651904954914685e-06
393.3211794243673 4.7535873273226e-06
393.7419143056862 4.753587327321958e-06
394.1626491870051 4.51590796095586e-06
394.58338406832405 2.852152396393175e-06
395.004118949643 2.614473030027077e-06
395.4248538309619 2.139114297294881e-06
395.84558871228086 1.901434930928783e-06
396.2663235935998 2.852152396393175e-06
396.68705847491873 2.139114297294881e-06
397.10779335623766 9.507174654643915e-07
397.5285282375566 1.1883968318304895e-06
397.94926311887554 1.4260761981965875e-06
398.36999800019447 1.1883968318304895e-06
398.7907328815134 1.901434930928783e-06
399.21146776283234 1.6637555645626855e-06
399.6322026441513 2.1391142972951703e-06
400.05293752547016 9.507174654643915e-07
400.4736724067891 7.130380990982938e-07
400.894407288108 4.7535873273219576e-07
401.31514216942696 4.7535873273219576e-07
401.7358770507459 1.4260761981965875e-06
402.15661193206483 9.507174654643915e-07
402.57734681338377 1.1883968318304895e-06
402.9980816947027 9.507174654643915e-07
403.41881657602164 7.130380990982938e-07
403.8395514573406 4.7535873273219576e-07
404.2602863386595 4.7535873273219576e-07
404.68102121997845 2.3767936636609788e-07
405.1017561012974 9.507174654643915e-07
405.5224909826163 4.7535873273219576e-07
405.94322586393525 4.753587327322601e-07
406.36396074525413 0.0
406.78469562657307 0.0
407.205430507892 2.3767936636609788e-07
407.62616538921094 2.3767936636609788e-07
408.0469002705299 7.130380990982938e-07
408.4676351518488 0.0
408.88837003316775 2.3767936636609788e-07
409.3091049144867 2.3767936636609788e-07
409.7298397958056 2.3767936636609788e-07
410.15057467712455 2.3767936636609788e-07
410.5713095584435 0.0
410.9920444397624 2.3767936636609788e-07
411.41277932108136 2.3767936636609788e-07
411.8335142024003 7.1303809909839e-07
412.2542490837192 2.3767936636609788e-07
412.6749839650381 0.0
413.09571884635704 0.0
413.516453727676 4.7535873273219576e-07
413.9371886089949 0.0
414.35792349031385 4.7535873273219576e-07
414.7786583716328 0.0
415.1993932529517 0.0
415.62012813427066 0.0
416.0408630155896 2.3767936636609788e-07
416.46159789690853 2.3767936636609788e-07
416.88233277822746 0.0
417.3030676595464 0.0
417.72380254086534 0.0
418.14453742218427 0.0
418.56527230350315 0.0
418.9860071848221 0.0
419.406742066141 0.0
419.82747694745996 2.3767936636609788e-07
420.2482118287789 0.0
420.6689467100978 0.0
421.08968159141676 0.0
421.5104164727357 0.0
421.93115135405463 0.0
422.35188623537357 0.0
422.7726211166925 0.0
423.19335599801144 0.0
423.6140908793304 2.3767936636609788e-07
