2.019512316442308 7.167388315695654e-07
2.4380748203644673 2.389129438565215e-07
2.856637324286627 0.0
3.2751998282087866 0.0
3.693762332130946 0.0
4.112324836053105 4.77825887713043e-07
4.530887339975265 0.0
4.949449843897424 2.3891294385652204e-07
5.368012347819583 4.77825887713042e-07
5.786574851741744 0.0
6.2051373556639025 0.0
6.623699859586061 0.0
7.042262363508222 0.0
7.4608248674303805 0.0
7.879387371352539 0.0
8.2979498752747 0.0
8.716512379196859 0.0
9.13507488311902 2.3891294385652204e-07
9.553637387041178 0.0
9.972199890963337 0.0
10.390762394885497 0.0
10.809324898807656 2.3891294385652204e-07
11.227887402729815 2.38912943856521e-07
11.646449906651975 2.3891294385652204e-07
12.065012410574134 0.0
12.483574914496293 0.0
12.902137418418453 0.0
13.320699922340612 0.0
13.739262426262771 2.38912943856521e-07
14.157824930184931 0.0
14.57638743410709 2.38912943856521e-07
14.99494993802925 2.3891294385652204e-07
15.41351244195141 0.0
15.832074945873568 4.77825887713042e-07
16.25063744979573 0.0
16.66919995371789 2.38912943856521e-07
17.08776245764005 0.0
17.506324961562207 9.55651775426084e-07
17.924887465484368 7.16738831569563e-07
18.343449969406528 4.77825887713042e-07
18.76201247332869 4.778258877130461e-07
19.180574977250846 0.0
19.599137481173006 0.0
20.017699985095167 1.4334776631391384e-06
20.436262489017324 7.16738831569563e-07
20.854824992939484 7.16738831569563e-07
21.273387496861645 2.3891294385652305e-07
21.6919500007838 7.16738831569563e-07
22.110512504705962 1.1945647192826051e-06
22.529075008628123 2.3891294385652305e-07
22.94763751255028 7.16738831569563e-07
23.36620001647244 9.55651775426084e-07
23.7847625203946 4.778258877130461e-07
24.203325024316758 7.16738831569563e-07
24.62188752823892 4.77825887713042e-07
25.04045003216108 7.167388315695692e-07
25.459012536083236 9.55651775426084e-07
25.877575040005397 2.866955326278252e-06
26.296137543927557 2.6280423824217312e-06
26.714700047849718 2.3891294385652306e-06
27.133262551771875 2.6280423824217312e-06
27.551825055694035 4.5393459332738995e-06
27.970387559616196 6.4506494841261216e-06
28.388950063538353 4.7782588771304205e-06
28.807512567460513 3.344781213991294e-06
29.226075071382674 4.300432989417415e-06
29.64463757530483 5.2560847648434624e-06
30.06320007922699 8.600865978834757e-06
30.481762583149152 9.078691866547875e-06
30.90032508707131 1.0273256585830404e-05
31.31888759099347 8.600865978834757e-06
31.73745009491563 8.600865978834757e-06
32.15601259883779 9.078691866547953e-06
32.574575102759944 1.170673424896953e-05
32.993137606682104 1.1228908361256488e-05
33.411700110604265 1.409586368753474e-05
33.830262614526426 1.409586368753474e-05
34.248825118448586 1.3140211912108657e-05
34.66738762237075 1.7679557845382556e-05
35.08595012629291 1.5290428406817343e-05
35.50451263021507 1.791847078923938e-05
35.92307513413722 1.624608018224343e-05
36.34163763805938 1.7679557845382556e-05
36.76020014198154 2.102433905937385e-05
37.1787626459037 1.93519484523782e-05
37.59732514982586 2.341346849793906e-05
38.015887653748024 2.1502164947087258e-05
38.43445015767018 2.0785426115517327e-05
38.85301266159234 1.8635209620808637e-05
39.2715751655145 2.38912943856521e-05
39.69013766943666 2.580259793650427e-05
40.10870017335882 2.365238144179558e-05
40.52726267728098 2.3413468497939456e-05
40.94582518120313 2.6280423824217315e-05
41.364387685125294 2.102433905937385e-05
41.782950189047455 2.2457816722512976e-05
42.201512692969615 2.0068687283947766e-05
42.620075196891776 1.887412256466516e-05
43.038637700813936 1.7679557845382556e-05
43.4572002047361 2.0068687283948105e-05
43.87576270865825 2.1741077890943414e-05
44.29432521258041 2.2457816722512976e-05
44.71288771650257 2.4608033217221666e-05
45.13145022042473 2.6519336768073834e-05
45.55001272434689 2.413020732950862e-05
45.96857522826905 2.5085859104935132e-05
46.387137732191206 2.2935642610226018e-05
46.80570023611337 2.6997162655786876e-05
47.22426274003553 2.0546513171660808e-05
47.64282524395769 2.4369120273365144e-05
48.06138774787985 2.6519336768073834e-05
48.47995025180201 2.3652381441795982e-05
48.89851275572416 2.7236075599643395e-05
49.31707525964632 2.890846620663904e-05
49.735637763568484 3.2014334476773815e-05
50.154200267490644 2.819172737506948e-05
50.572762771412805 3.583694157847816e-05
50.991325275334965 2.6519336768073834e-05
51.409887779257126 2.8908466206639532e-05
51.82845028317928 3.41645509714825e-05
52.24701278710144 3.249216036448686e-05
52.6655752910236 3.464237685919555e-05
53.08413779494576 4.013737456789553e-05
53.50270029886792 2.8430640318926e-05
53.92126280279008 3.559802863462224e-05
54.339825306712235 4.1570852231034654e-05
54.758387810634396 4.1331939287178135e-05
55.17695031455656 4.013737456789553e-05
55.59551281847872 3.344781213991294e-05
56.01407532240088 2.9864117982065124e-05
56.43263782632304 4.1570852231034654e-05
56.8512003302452 3.655368041004834e-05
57.26976283416735 4.5632372276595516e-05
57.68832533808951 4.061520045560857e-05
58.10688784201167 3.894280984861293e-05
58.525450345933834 5.23219347045781e-05
58.944012849855994 4.945497937829985e-05
59.362575353778155 4.826041465901806e-05
59.78113785770031 4.682693699587812e-05
60.19970036162247 4.2526504006460745e-05
60.61826286554463 4.5871285220452035e-05
61.03682536946679 4.4437807557312906e-05
61.45538787338895 4.65880240520216e-05
61.87395037731111 5.303867353614767e-05
62.29251288123327 5.279976059229204e-05
62.711075385155425 4.921606643444333e-05
63.129637889077586 5.829475830099112e-05
63.548200392999746 5.327758648000419e-05
63.96676289692191 4.99328052660129e-05
64.38532540084407 5.327758648000419e-05
64.80388790476623 5.5188890030858226e-05
65.22245040868837 5.542780297471288e-05
65.64101291261053 5.829475830099112e-05
66.0595754165327 6.617888544825632e-05
66.47813792045486 5.829475830099112e-05
66.89670042437702 5.471106414314331e-05
67.31526292829918 5.733910652556505e-05
67.73382543222134 5.6861280637852e-05
68.1523879361435 6.402866895354763e-05
68.57095044006566 5.80558453571346e-05
68.98951294398782 5.614454180628435e-05
69.40807544790997 6.402866895354763e-05
69.82663795183213 5.996714890798678e-05
70.24520045575429 6.116171362726937e-05
70.66376295967645 6.092280068341286e-05
71.08232546359861 6.737345016753893e-05
71.50088796752077 6.856801488682152e-05
71.91945047144293 7.119605726924326e-05
72.33801297536509 6.856801488682152e-05
72.75657547928725 6.71345372236824e-05
73.17513798320941 6.641779839211284e-05
73.59370048713157 6.809018899910848e-05
74.01226299105373 6.546214661668898e-05
74.43082549497588 6.737345016753893e-05
74.84938799889804 6.283410423426503e-05
75.2679505028202 6.546214661668676e-05
75.68651300674236 7.071823138153022e-05
76.10507551066452 6.116171362726937e-05
76.52363801458668 7.358518670780847e-05
76.94220051850884 6.47454077851172e-05
77.360763022431 6.617888544825632e-05
77.77932552635316 6.880692783067806e-05
78.19788803027532 6.952366666224761e-05
78.61645053419748 6.92847537183911e-05
79.03501303811964 6.665671133596936e-05
79.4535755420418 7.788561969722849e-05
79.87213804596395 7.167388315695631e-05
80.29070054988611 6.593997250439981e-05
80.70926305380827 7.549649025866064e-05
81.12782555773043 7.597431614637368e-05
81.54638806165259 6.737345016753893e-05
81.96495056557475 7.358518670780847e-05
82.38351306949691 7.430192553937803e-05
82.80207557341907 7.931909736036499e-05
83.22063807734123 7.239062198852587e-05
83.6392005812634 8.003583619193454e-05
84.05776308518556 7.931909736036499e-05
84.47632558910772 8.19471397427867e-05
84.89488809302988 7.645214203408932e-05
85.31345059695202 7.860235852879541e-05
85.73201310087418 8.099148796736062e-05
86.15057560479634 7.95580103042215e-05
86.5691381087185 8.218605268664323e-05
86.98770061264067 8.887561511462581e-05
87.40626311656283 8.911452805848233e-05
87.82482562048499 9.245930927247364e-05
88.24338812440715 8.648648567606062e-05
88.66195062832931 7.764670675336934e-05
89.08051313225147 7.979692324807802e-05
89.49907563617363 8.457518212520844e-05
89.91763814009579 8.481409506906496e-05
90.33620064401795 8.457518212521131e-05
90.7547631479401 8.027474913579106e-05
91.17332565186226 8.576974684449105e-05
91.59188815578442 7.884127147265193e-05
92.01045065970658 7.597431614637368e-05
92.42901316362874 8.505300801292149e-05
92.8475756675509 8.815887628305625e-05
93.26613817147306 8.887561511462581e-05
93.68470067539522 9.174257044090407e-05
94.10326317931738 9.484843871103883e-05
94.52182568323954 8.74421374514867e-05
94.9403881871617 9.198148338476059e-05
95.35895069108386 9.50873516548986e-05
95.77751319500601 9.843213286888666e-05
96.19607569892817 9.341496104789972e-05
96.61463820285033 9.31760481040432e-05
97.03320070677249 0.00010010452347588231
97.45176321069465 0.00011300582244413445
97.87032571461681 9.962669758816926e-05
98.28888821853897 0.0001058384341284388
98.70745072246113 9.843213286888666e-05
99.1260132263833 0.00010703299884772141
99.54457573030545 0.00012017321075983007
99.96313823422761 0.00011993429781597356
100.38170073814977 0.00010536060824072576
100.80026324207194 0.00011754516837741233
101.21882574599408 0.00010392713057758665
101.63738824991624 0.00011921755898440399
102.0559507538384 0.0001158727777704127
102.47451325776056 0.00011635060365812573
102.89307576168272 0.00011061669300556923
103.31163826560488 0.0001170673424896953
103.73020076952704 0.00011658951660198224
104.1487632734492 0.00012447364374924746
104.56732577737137 0.0001239958178615344
104.98588828129353 0.00012447364374924746
105.40445078521569 0.00013283559678422567
105.82301328913785 0.00012781842496323875
106.24157579306001 0.00012996864145795183
106.66013829698215 0.00013259668384036917
107.07870080090431 0.00014024189804377784
107.49726330482648 0.00013952515921220827
107.91582580874864 0.00013833059449292566
108.3343883126708 0.00012996864145794744
108.75295081659296 0.00013283559678422567
109.17151332051512 0.0001316410320649431
109.59007582443728 0.00014549798280862132
110.00863832835944 0.0001648499312609995
110.4272008322816 0.0001500373287418952
110.84576333620376 0.00015194863229274735
111.26432584012592 0.0001600716723838691
111.68288834404808 0.00015242645818046557
112.10145084797023 0.000159116020608443
112.52001335189239 0.00016771688658727776
112.93857585581455 0.0001600716723838691
113.35713835973671 0.0001670001477557082
113.77570086365887 0.00016341645359786036
114.19426336758103 0.00017201731957669513
114.61282587150319 0.0001638942794855734
115.03138837542535 0.00017297297135212124
115.44995087934751 0.00017130058074512556
115.86851338326967 0.0001799014467239603
116.28707588719183 0.00017082275485741252
116.705638391114 0.00018276840205023857
117.12420089503615 0.00018276840205024478
117.5427633989583 0.00019423622335535158
117.96132590288046 0.0001899357903659342
118.37988840680262 0.0002059429576043211
118.79845091072478 0.00019495296218692115
119.21701341464694 0.00020450947994118197
119.6355759185691 0.00020976556470602545
120.05413842249126 0.00022218903778656454
120.47270092641342 0.00022051664717956892
120.89126343033558 0.00022887860021454713
121.30982593425774 0.00022768403549526452
121.7283884381799 0.0002281618613829776
122.14695094210207 0.0002362849014740993
122.56551344602423 0.0002458414192283685
122.98407594994637 0.00024058533446351667
123.40263845386853 0.00025061967810549054
123.8212009577907 0.000244407941565221
124.23976346171285 0.0002501418522177775
124.65832596563502 0.0002895624879541035
125.07688846955718 0.00027928923136827307
125.49545097347934 0.0002766611889858513
125.9140134774015 0.00029099596561724263
126.33257598132366 0.00028478422907697305
126.75113848524582 0.0002960131374382295
127.16970098916798 0.00031106465290119036
127.58826349309014 0.00031894878004845557
128.0068259970123 0.0003280274719150145
128.42538850093445 0.0003285052978027053
128.84395100485662 0.0003473794203673934
129.26251350877877 0.0003631476746618996
129.68107601270094 0.00037198745358461583
130.0996385166231 0.00037652679951786437
130.51820102054526 0.00039970135507197326
130.9367635244674 0.00039802896446497753
131.35532602838956 0.0004180976517488976
131.77388853231173 0.0004255039530084784
132.19245103623388 0.00041857547763661057
132.61101354015605 0.00044246677202229194
133.0295760440782 0.00048786023135499935
133.44813854800037 0.0004897715349058847
133.86670105192252 0.0005256084764843283
134.2852635558447 0.0005557115074102868
134.70382605976684 0.0005705241099293528
135.12238856368901 0.0005841421477292137
135.54095106761116 0.0005829475830098916
135.95951357153334 0.0006063610515078709
136.37807607545548 0.0006128117009919972
136.79663857937763 0.0006300134329496245
137.2152010832998 0.000660594289763303
137.63376358722195 0.0006844855841489095
138.05232609114412 0.0007234283939975703
138.47088859506627 0.0007575929449690024
138.88945109898845 0.0007790951099161416
139.3080136029106 0.0008144542256068525
139.72657610683277 0.0008371509552732782
140.1451386107549 0.0008787218075042545
140.5637011146771 0.0009819321992503346
140.98226361859923 0.0010039121900851354
141.40082612252138 0.0010645960778246214
141.81938862644355 0.0011790353779319712
142.2379511303657 0.0012062714535315338
142.65651363428788 0.0013515305233963854
143.07507613821002 0.0015010900262504706
143.4936386421322 0.001522114365309947
143.91220114605434 0.0018322233664355976
144.33076364997652 0.0019354337581817425
144.74932615389866 0.002015947420261256
145.16788865782084 0.0024985515668515816
145.58645116174299 0.0025143198211459417
146.00501366566516 0.0027998207890546647
146.4235761695873 0.003232969956266552
146.84213867350945 0.0033512318634753065
147.26070117743163 0.0037069732368779063
147.67926368135377 0.003942063573632463
148.09782618527595 0.00399581898600045
148.5163886891981 0.004390503169251137
148.93495119312027 0.0044602657488575425
149.35351369704242 0.004648529148616172
149.7720762009646 0.004792593653761975
150.19063870488674 0.0048676123181325935
150.6092012088089 0.005011437910334555
151.02776371273106 0.0050200387763130495
151.44632621665323 0.005150246330715199
151.86488872057538 0.0051686426273921515
152.28345122449753 0.0052066297854649855
152.7020137284197 0.0052051963078022
153.12057623234185 0.0051409287259044445
153.53913873626402 0.0051516798083783375
153.95770124018617 0.005178199145146061
154.37626374410834 0.005095535266572053
154.7948262480305 0.005099596786617268
155.21338875195266 0.005064237670926848
155.6319512558748 0.004944781198998247
156.05051375979698 0.004964133147450962
156.46907626371913 0.0048379871130943865
156.8876387676413 0.004896998610227278
157.30620127156345 0.00487621318411176
157.7247637754856 0.0048979542620023716
158.14332627940777 0.004871196012290772
158.56188878332992 0.004825085814126135
158.9804512872521 0.004783753874839283
159.39901379117424 0.004934746855356274
159.81757629509642 0.0047510228015309386
160.23613879901856 0.004801194519740483
160.65470130294074 0.004731193027190847
161.07326380686288 0.004603852428115004
161.49182631078506 0.0046521128427743355
161.9103888147072 0.004548185712196436
162.32895131862938 0.004483918130299338
162.74751382255153 0.004478184219646782
163.16607632647367 0.004349649055851674
163.58463883039585 0.004311184071891068
164.003201334318 0.004336031018051853
164.42176383824017 0.004298043859978958
164.8403263421623 0.0043018664670803715
165.2588888460845 0.004125548714514545
165.67745135000663 0.004083977862283232
166.0960138539288 0.004076810473967813
166.51457635785096 0.004037628751175068
166.93313886177313 0.004020188106273815
167.35170136569528 0.004013259630901704
167.77026386961745 0.003910288152099812
168.1888263735396 0.003914110759201517
168.60738887746174 0.0038813796858929083
169.02595138138392 0.003868000561037206
169.44451388530607 0.003846259483146001
169.86307638922824 0.0039045542414472556
170.2816388931504 0.0037313423571510183
170.70020139707256 0.0037753023388208736
171.1187639009947 0.0037174854064073405
171.53732640491688 0.0037141406251936016
171.95588890883903 0.0036422278290925395
172.3744514127612 0.003641750003205073
172.79301391668335 0.003658234996330926
173.21157642060552 0.0036152306664369986
173.63013892452767 0.0035473793903817445
174.04870142844982 0.003560519602293612
174.467263932372 0.003496968759228017
174.88582643629414 0.003496013107452353
175.3043889402163 0.0034499029092882804
175.72295144413846 0.003386829892109927
176.14151394806063 0.003331163176191586
176.56007645198278 0.0033323577409106425
176.97863895590496 0.003315872747784768
177.3972014598271 0.0032119456172069595
177.81576396374928 0.0031921158428670857
178.23432646767142 0.0031629684637163743
178.6528889715936 0.0030944004488297656
179.07145147551574 0.0031099297901804397
179.4900139794379 0.002989517666476546
179.90857648336006 0.002968732240361231
180.3271389872822 0.0029606092002699078
180.7457014912044 0.0029386292094353084
181.16426399512653 0.0029594146355506256
181.5828264990487 0.0029269224751863384
182.00138900297085 0.0028509481590397686
182.41995150689303 0.002855965330860949
182.83851401081517 0.0028120053491911567
183.25707651473735 0.0028724503239870498
183.6756390186595 0.002879139886414837
184.09420152258167 0.002869822281604628
184.51276402650382 0.0028798566252466024
184.93132653042596 0.0028105718715280177
185.34988903434814 0.0028335075141384353
185.76845153827028 0.0028378079471276605
186.18701404219246 0.0027776018852760077
186.6055765461146 0.002790981010131784
187.02413905003678 0.0027761684076128682
187.44270155395893 0.002733402990662364
187.8612640578811 0.0027076003927260445
188.27982656180325 0.0026777362747437967
188.69838906572542 0.002699716265578779
189.11695156964757 0.002664357149888013
189.53551407356971 0.0026385545519513284
189.9540765774919 0.0026478721567619124
190.37263908141404 0.002607018043362269
190.7912015853362 0.0025945945702819063
191.20976408925836 0.0026165745611165295
191.62832659318053 0.0025764371865488103
192.04688909710268 0.0025826489230889047
192.46545160102485 0.002577392838324236
192.884014104947 0.0025050022163355377
193.30257660886917 0.0025179035153039602
193.72113911279132 0.0025253098165633416
194.1397016167135 0.0024772883148483507
194.55826412063564 0.002486128093771042
194.9768266245578 0.0025085859104933854
195.39538912847996 0.002490906352648173
195.8139516324021 0.002506435693998677
196.23251413632428 0.002492100917367455
196.65107664024643 0.002548484372117423
197.0696391441686 0.0025391667673071916
197.48820164809075 0.002548484372117423
197.90676415201293 0.0025116917787636906
198.32532665593507 0.002512169604651233
198.74388915985725 0.0024959235244691597
199.1624516637794 0.002550156762724419
199.58101416770157 0.0025530237180508702
199.99957667162371 0.002572136753559393
200.41813917554586 0.0025487232850612794
200.83670167946804 0.0025986560903274673
201.25526418339018 0.002588382833741461
201.67382668731236 0.002647633243818056
202.0923891912345 0.0025855158784151826
202.51095169515668 0.0026187247776114156
202.92951419907882 0.002610840650463973
203.348076703001 0.002637598900176082
203.76663920692314 0.0026557562839089974
204.18520171084532 0.002632820641298951
204.60376421476747 0.0027262356023466687
205.02232671868964 0.0027706734099041683
205.4408892226118 0.0027193071269750145
205.85945172653393 0.0027255188635150994
206.2780142304561 0.0027675675416340335
206.69657673437825 0.002762550369812859
207.11513923830043 0.002844975335443549
207.53370174222258 0.002825623386990978
207.95226424614475 0.002878900973471176
208.3708267500669 0.0028313572976435344
208.78938925398907 0.00293576225410903
209.20795175791122 0.0029235776939721485
209.6265142618334 0.002919038348039073
210.04507676575554 0.0029297894305124177
210.4636392696777 0.003013886786750115
210.88220177359986 0.003027026998662224
211.300764277522 0.0030255935209988795
211.71932678144418 0.0030614304625775643
212.13788928536633 0.0031130356584503634
212.5564517892885 0.003191638016979373
212.97501429321065 0.0031737195461899173
213.39357679713282 0.003239659518694535
213.81213930105497 0.0032243690902874983
214.23070180497714 0.0032561445118206352
214.6492643088993 0.0032692847237325226
215.06782681282147 0.0033048827523673675
215.4863893167436 0.003306794055917995
215.9049518206658 0.003328535133809164
216.32351432458793 0.0033208899196057553
216.74207682851008 0.0033796625037942314
217.16063933243225 0.003428400744341193
217.5792018363544 0.003430073134947956
217.99776434027658 0.003489801370912321
218.41632684419872 0.003525160486602848
218.8348893481209 0.003483828547315908
219.25345185204304 0.0035598028634620422
219.67201435596522 0.0035390174373467658
220.09057685988736 0.0036317156595628525
220.50913936380954 0.0036092578428405853
220.92770186773168 0.003675675641232451
221.34626437165386 0.003652262172734761
221.764826875576 0.003756428216256208
222.18338937949815 0.003677586944783303
222.60195188342033 0.003747110611445803
223.02051438734247 0.003725130620610749
223.43907689126465 0.003753083435042216
223.8576393951868 0.0037738688611574775
224.27620189910897 0.003784381030687421
224.69476440303112 0.0038412423113250143
225.1133269069533 0.003845542744314693
225.53188941087544 0.0038156786263323673
225.9504519147976 0.003826907534693884
226.36901441871976 0.003846020570202145
226.78757692264193 0.003855099262068954
227.20613942656408 0.003862744476272363
227.62470193048622 0.003919605756909951
228.0432644344084 0.0038794683823423198
228.46182693833055 0.0039035985896715645
228.88038944225272 0.00394970878783614
229.29895194617487 0.003986023555302061
229.71751445009704 0.00400131398370915
230.1360769540192 0.003970016388063675
230.55463945794136 0.003950186613723853
230.9732019618635 0.004012065066182421
231.39176446578568 0.004092339815318488
231.81032696970783 0.004011109414406995
232.22888947363 0.003976944863435784
232.64745197755215 0.004058892003178573
233.0660144814743 0.0040791996034061015
233.48457698539647 0.004025922016926372
233.90313948931862 0.004043840487715337
234.3217019932408 0.004126026540402258
234.74026449716294 0.004123637410963413
235.15882700108511 0.004135344145212663
235.57738950500726 0.004161146743148885
235.99595200892944 0.004182171082208542
236.41451451285158 0.004186471515197676
236.83307701677376 0.004170464347959572
237.2516395206959 0.004148962183012203
237.67020202461808 0.0041771539103875556
238.08876452854022 0.004235209755744692
238.50732703246237 0.0042548006171406385
238.92588953638455 0.004295415817596537
239.3444520403067 0.004228520193316422
239.76301454422887 0.0043011497282490945
240.181577048151 0.004316917982543332
240.6001395520732 0.0042741525655933055
241.01870205599533 0.00435681644416737
241.4372645599175 0.004287053864561559
241.85582706383966 0.004347259926413109
242.27438956776183 0.004364222745427218
242.69295207168398 0.00439719273167912
243.11151457560615 0.004440197061573594
243.5300770795283 0.004414394463637088
243.94863958345044 0.004476750741983339
244.36720208737262 0.004439719235685881
244.78576459129476 0.004516888116551233
245.20432709521694 0.004556547665231724
245.62288959913909 0.00460409134105886
246.04145210306126 0.004558697881726433
246.4600146069834 0.004582589176111774
246.87857711090558 0.004676243050103845
247.29713961482773 0.0046611915346405665
247.7157021187499 0.004686994132577388
248.13426462267205 0.004673376094777566
248.5528271265942 0.0047495893238674765
248.97138963051637 0.0047732417053095956
249.38995213443852 0.004779931267737254
249.8085146383607 0.004792115827874262
250.22707714228284 0.004841331894308377
250.645639646205 0.00487621318411176
251.06420215012716 0.004880274704156989
251.48276465404933 0.004890309047799295
251.90132715797148 0.004969150319271612
252.31988966189365 0.004993280526601459
252.7384521658158 0.004981095966464438
253.15701466973798 0.0050926683112457755
253.57557717366012 0.005013110300941551
253.99413967758227 0.0050460802871934085
254.41270218150444 0.005111303520866584
254.8312646854266 0.005085262009985878
255.24982718934876 0.0052207256491528745
255.6683896932709 0.005177482406314139
256.0869521971931 0.005263968891990906
256.50551470111526 0.005261101936664628
256.9240772050374 0.005234343686952697
257.34263970895955 0.0053029117018388
257.76120221288176 0.005347349509396835
258.1797647168039 0.005366223631961501
258.59832722072605 0.005434074908016017
259.01688972464825 0.0054613109836164
259.4354522285704 0.005495236621644026
259.85401473249254 0.005464177938942678
260.2725772364147 0.005536090735043493
260.69113974033684 0.0055446916010215746
261.10970224425904 0.005712408487609612
261.5282647481812 0.005602747446379465
261.94682725210333 0.005663909160006736
262.3653897560255 0.00574346717031018
262.7839522599477 0.005694728929764228
263.20251476386983 0.005774525853012309
263.621077267792 0.005836165392527294
264.0396397717141 0.00582804235243538
264.4582022756363 0.00584739430088855
264.87676477955847 0.005904733407414118
265.2953272834806 0.006000776410844442
265.71388978740276 0.006083201376474945
266.1324522913249 0.006096580501330082
266.5510147952471 0.006108287235579881
266.96957729916926 0.006150335913698629
267.3881398030914 0.0060970583272186235
267.80670230701355 0.006253785218387657
268.22526481093576 0.006206002629617201
268.6438273148579 0.006290816724686269
269.06238981878005 0.006442526444035164
269.4809523227022 0.006372763864428193
269.8995148266244 0.006350067134762688
270.31807733054654 0.00648481403509777
270.7366398344687 0.006518739673125397
271.15520233839084 0.006545259009893472
271.573764842313 0.006512527936584243
271.9923273462352 0.006596625292822626
272.41088985015733 0.006657548093506041
272.8294523540795 0.006678094606677702
273.2480148580016 0.006805435205752308
273.6665773619238 0.006727788498999861
274.085139865846 0.006901717122127414
274.5037023697681 0.006881648434843465
274.92226487369027 0.0068926384302608655
275.3408273776124 0.007022368158774006
275.7593898815346 0.006984142087757916
276.17795238545676 0.007148992019018921
276.5965148893789 0.007161415492099461
277.01507739330106 0.007078990526467997
277.43363989722326 0.007176705920506279
277.8522024011454 0.007239778937684403
278.27076490506755 0.007280155225196156
278.6893274089897 0.007349201065969694
279.1078899129119 0.0073623412778828015
279.52645241683405 0.007408212563103256
279.9450149207562 0.007455517325986848
280.36357742467834 0.007549171199978607
280.7821399286005 0.007550126851753008
281.2007024325227 0.0075752127108589685
281.61926493644484 0.007653337243500054
282.037827440367 0.007716171347734322
282.4563899442891 0.007767776543606276
282.87495244821133 0.007848051292743125
283.2935149521335 0.007833238690224021
283.7120774560556 0.00791518582996681
284.13063995997777 0.007978736673031563
284.5492024639 0.0080355979536705
284.9677649678221 0.008119934222851856
285.38632747174427 0.00818491854358083
285.8048899756664 0.008156248990318048
286.22345247958856 0.008219322007495056
286.64201498351076 0.008259459382064068
287.0605774874329 0.008300791321351248
287.47913999135505 0.008312259142656361
287.8977024952772 0.00833089435227604
288.3162649991994 0.008503867323629297
288.73482750312155 0.008513662754327415
289.1533900070437 0.008431715614584626
289.57195251096584 0.008607316628318007
289.99051501488805 0.008587486853979082
290.4090775188102 0.008707660064738918
290.82764002273234 0.008716260930717753
291.2462025266545 0.008802030677562247
291.66476503057663 0.00883356718615011
292.08332753449884 0.008833567186151308
292.501890038421 0.008790801769200988
292.9204525423431 0.008978348430128366
293.3390150462653 0.008927221060141856
293.7575775501875 0.008841929139186286
294.1761400541096 0.008982171037230069
294.59470255803177 0.008957801916956703
295.0132650619539 0.009071524478231178
295.4318275658761 0.008987666034938769
295.85039006979827 0.00907367469472712
296.2689525737204 0.009121218370554568
296.68751507764256 0.009062923612253576
297.1060775815647 0.008994594510309387
297.5246400854869 0.009035687536653932
297.94320258940905 0.009094221207898781
298.3617650933312 0.009049305574453752
298.78032759725335 0.008931043667243559
299.19889010117555 0.008981693211342356
299.6174526050977 0.008967358434710965
300.03601510901984 0.008960191046395267
300.454577612942 0.008896879116272079
300.8731401168642 0.008960429959339124
301.29170262078634 0.008824727407228616
301.7102651247085 0.008863431304133373
302.12882762863063 0.008688308116286538
302.5473901325528 0.008787456987985803
302.965952636475 0.008743735919261253
303.3845151403971 0.00871649984366161
303.8030776443193 0.008597521197621057
304.2216401482414 0.008576735771504375
304.6402026521636 0.008509362321337997
305.05876515608577 0.00844390017472131
305.4773276600079 0.008368164771518789
305.89589016393006 0.008352396517223123
306.31445266785227 0.00830126914723896
306.7330151717744 0.008122801178178134
307.15157767569656 0.008182529414142267
307.5701401796187 0.008147648124339213
307.98870268354085 0.007983753844852549
308.40726518746305 0.007900373227447705
308.8258276913852 0.007960101463411837
309.24439019530735 0.007901328879223131
309.6629526992295 0.007585724880387627
310.0815152031517 0.007610332913605879
310.50007770707384 0.00751524556195098
310.918640210996 0.00743951015874846
311.33720271491813 0.007445482982343863
311.75576521884034 0.007237867634133549
312.1743277227625 0.007194863304239374
312.59289022668463 0.007156398320278473
313.0114527306068 0.007031924676529222
313.4300152345289 0.0069411377578627986
313.8485777384511 0.006839838669668573
314.2671402423733 0.006806629770472515
314.6857027462954 0.006691712644477525
315.10426525021757 0.006527818364991059
315.52282775413977 0.006567239000728272
315.9413902580619 0.006377781036250045
316.35995276198406 0.0063947438552638585
316.7785152659062 0.006292489115292409
317.1970777698284 0.0061620426479476
317.61564027375056 0.006058115517370009
318.0342027776727 0.005908317101571965
318.45276528159485 0.00591835144521394
318.871327785517 0.005722920657138521
319.2898902894392 0.005719098050037594
319.70845279336135 0.0056512467739823396
320.1270152972835 0.005551381163450311
320.54557780120564 0.005413767307788215
320.96414030512784 0.005366462544905358
321.38270280905 0.005227893037468571
321.80126531297213 0.005178915883977982
322.2198278168943 0.005029834207010825
322.6383903208165 0.004988263354780472
323.05695282473863 0.004851605150894537
323.4755153286608 0.004803822562123231
323.8940778325829 0.004706107168085911
324.31264033650507 0.004673376094776932
324.7312028404273 0.004527400286081226
325.1497653443494 0.004482245739692342
325.56832784827157 0.0044057935976582535
325.9868903521937 0.004282514518627704
326.4054528561159 0.004153262616001903
326.82401536003806 0.004123159585075979
327.2425778639602 0.004004419851979284
327.66114036788235 0.0039494698748917464
328.07970287180456 0.0038684783869249195
328.4982653757267 0.003696699980292075
328.91682787964885 0.0037007615003376362
329.335390383571 0.0036546513021733264
329.75395288749314 0.0035277885289850303
330.17251539141535 0.00345683138466012
330.5910778953375 0.00336938924720863
331.00964039925964 0.003314917096009342
331.4282029031818 0.0032327310433222568
331.846765407104 0.003089383277008778
332.26532791102613 0.003046856773002316
332.6838904149483 0.0029718381086313657
333.1024529188704 0.002975660715732666
333.52101542279263 0.0028399581636225617
333.9395779267148 0.002815827956293052
334.3581404306369 0.002691593225487657
334.77670293455907 0.0026402269425585033
335.1952654384812 0.0025632969746363526
335.6138279424034 0.0025413169838019002
336.03239044632556 0.002474899185409785
336.4509529502477 0.0023951022621617043
336.86951545416986 0.0022945199127977945
337.28807795809206 0.0022899805668648316
337.7066404620142 0.002200388212918633
338.12520296593635 0.0021538001888666103
338.5437654698585 0.002042705669973047
338.9623279737807 0.0020317156745559236
339.38089047770285 0.0019693593962093695
339.799452981625 0.0019172763744486462
340.21801548554714 0.0018424966230215526
340.6365779894693 0.0018219501098496436
341.0551404933915 0.0017521875302437845
341.47370299731364 0.0017385694924439623
341.8922655012358 0.0016291473641576722
342.31082800515793 0.0016255636699996033
342.72939050908013 0.0015474391373587392
343.1479530130023 0.0015104076310609772
343.5665155169244 0.0014953561155980157
343.9850780208466 0.0014258324489355722
344.4036405247688 0.0013606092152629334
344.8222030286909 0.001301358805186514
345.24076553261307 0.001286785115611266
345.6593280365352 0.00125070926108893
346.07789054045736 0.001192892328675488
346.49645304437956 0.0011506047376130442
346.9150155483017 0.001118351490192413
347.33357805222386 0.0011009108452908862
347.752140556146 0.001051455865912442
348.1707030600682 0.0010184858796603838
348.58926556399035 0.0009740480721030692
349.0078280679125 0.0009236374409493415
349.42639057183465 0.0009207704856229382
349.84495307575685 0.0009073913607670976
350.263515579679 0.0008409735623749826
350.68207808360114 0.0008316559575645779
351.1006405875233 0.0007888905406142592
351.51920309144543 0.0007427803424498482
351.93776559536764 0.000717455570401157
352.3563280992898 0.0007078990526468957
352.77489060321193 0.0006954755795663563
353.1934531071341 0.0006651336356964867
353.6120156110563 0.0006218903928585453
354.0305781149784 0.0005893982324940574
354.44914061890057 0.0005960877949220402
354.8677031228227 0.000573868891143305
355.2862656267449 0.000570285196985535
355.70482813066707 0.0005131850034038246
356.1233906345892 0.000520113478775664
356.54195313851136 0.0005081678315828374
356.9605156424335 0.0004847543630848318
357.3790781463557 0.00043721068725744827
357.79764065027786 0.0004278930824470437
358.2162031542 0.0004028072233421081
358.63476565812215 0.0004018515715666274
359.05332816204435 0.0003803494066195944
359.4718906659665 0.0003590861546163633
359.89045316988864 0.00034068985793941057
360.3090156738108 0.0003380618155569428
360.727578177733 0.00031536508589061847
361.14614068165514 0.00030485291636093113
361.5647031855773 0.000299357918652231
361.98326568949943 0.00028980140089796984
362.4018281934216 0.0002725996689402627
362.8203906973438 0.0002470359839476511
363.23895320126593 0.0002510975039932121
363.6575157051881 0.00023509033675482466
364.0760782091102 0.00023795729208107069
364.4946407130324 0.0002154994753585893
364.91320321695457 0.00020880991293060648
365.3317657208767 0.00019375839746764512
365.75032822479886 0.00019949230812017473
366.16889072872107 0.00018659100915194925
366.5874532326432 0.00017392862312755322
367.00601573656536 0.00017990144672396644
367.4245782404875 0.0001560101523383135
367.84314074440965 0.00014836493813488442
368.26170324833186 0.00014955950285418723
368.680265752254 0.00013164103206494756
369.09882825617615 0.0001294908155702388
369.5173907600983 0.00012495146963694776
369.9359532640205 0.0001089443023985773
370.35451576794264 0.00010488278235301629
370.7730782718648 0.00010798865062315118
371.19164077578694 9.699865520573766e-05
371.61020327970914 9.843213286889e-05
372.0287657836313 9.723756814960735e-05
372.44732828755343 8.194713974278949e-05
372.8658907914756 8.003583619193725e-05
373.2844532953977 8.839778922690377e-05
373.7030157993199 7.836344558494155e-05
374.1215783032421 7.334627376395444e-05
374.5401408071642 6.832910194296732e-05
374.95870331108637 6.641779839210607e-05
375.37726581500857 5.471106414314517e-05
375.7958283189307 5.757801946942352e-05
376.21439082285286 5.256084764843641e-05
376.632953326775 5.2321934704579886e-05
377.05151583069716 4.945497937829482e-05
377.47007833461936 4.75436758274493e-05
377.8886408385415 4.133193928717954e-05
378.30720334246365 4.1809765174892597e-05
378.7257658463858 3.5598028634618006e-05
379.144328350308 3.750933218547507e-05
379.56289085423015 3.1297595645205314e-05
379.9814533581523 3.4642376859196727e-05
380.40001586207444 3.105868270134457e-05
380.81857836599664 3.3447812139914076e-05
381.2371408699188 2.6041510880361676e-05
381.65570337384094 2.2457816722513738e-05
382.0742658777631 2.2457816722513738e-05
382.49282838168523 1.8874122564663238e-05
382.91139088560743 1.7201731957670097e-05
383.3299533895296 2.3174555554083326e-05
383.7485158934517 1.696281901381357e-05
384.16707839737387 1.8157383733093748e-05
384.5856409012961 1.863520962080927e-05
385.0042034052182 1.9351948452378862e-05
385.42276590914037 1.7201731957670097e-05
385.8413284130625 1.3379124855963815e-05
386.2598909169847 1.5051515462961337e-05
386.67845342090686 1.098999541740034e-05
387.097015924829 1.2423473080539515e-05
387.51557842875116 1.0512169529687282e-05
387.9341409326733 1.146782130511184e-05
388.3527034365955 8.12304009112199e-06
388.77126594051765 4.778258877130582e-06
389.1898284444398 7.406301259552403e-06
389.60839094836194 7.406301259551397e-06
390.02695345228415 5.733910652556699e-06
390.4455159562063 7.406301259552403e-06
390.86407846012844 5.972823596413228e-06
391.2826409640506 5.972823596412417e-06
391.7012034679728 5.256084764843641e-06
392.11976597189494 5.972823596413228e-06
392.5383284758171 3.5836941578479367e-06
392.9568909797392 5.49499770870017e-06
393.3754534836614 4.7782588771299334e-06
393.7940159875836 4.778258877130582e-06
394.2125784915057 4.300432989417524e-06
394.63114099542787 2.8669553262783496e-06
395.04970349935 4.061520045560443e-06
395.4682660032722 2.389129438565291e-06
395.88682850719437 2.6280423824218206e-06
396.3053910111165 2.6280423824218206e-06
396.72395351503866 1.43347766313898e-06
397.14251601896086 1.4334776631391748e-06
397.561078522883 1.4334776631391748e-06
397.97964102680515 1.1945647192826456e-06
398.3982035307273 1.1945647192826456e-06
398.81676603464945 2.3891294385649667e-06
399.23532853857165 1.1945647192826456e-06
399.6538910424938 2.6280423824218206e-06
400.07245354641594 4.778258877130583e-07
400.4910160503381 9.556517754259867e-07
400.9095785542603 9.556517754261165e-07
401.32814105818244 4.778258877130583e-07
401.7467035621046 1.4334776631391748e-06
402.16526606602673 1.1945647192824834e-06
402.58382856994893 4.778258877130583e-07
403.0023910738711 1.4334776631391748e-06
403.4209535777932 1.4334776631391748e-06
403.8395160817154 7.167388315695874e-07
404.2580785856375 7.1673883156949e-07
404.6766410895597 2.3891294385652913e-07
405.09520359348187 2.3891294385652913e-07
405.513766097404 4.778258877130583e-07
405.93232860132616 9.556517754259867e-07
406.35089110524837 9.556517754261165e-07
406.7694536091705 1.1945647192826456e-06
407.18801611309266 2.3891294385652913e-07
407.6065786170148 2.389129438564967e-07
408.025141120937 0.0
408.44370362485915 4.778258877130583e-07
408.8622661287813 0.0
409.28082863270345 2.3891294385652913e-07
409.6993911366256 0.0
410.1179536405478 0.0
410.53651614446994 2.3891294385652913e-07
410.9550786483921 7.167388315695874e-07
411.37364115231424 7.1673883156949e-07
411.79220365623644 2.3891294385652913e-07
412.2107661601586 2.3891294385652913e-07
412.62932866408073 0.0
413.0478911680029 2.389129438564967e-07
413.4664536719251 2.3891294385652913e-07
413.8850161758472 0.0
414.3035786797694 2.3891294385652913e-07
414.7221411836915 2.3891294385652913e-07
415.14070368761367 0.0
415.55926619153587 2.3891294385652913e-07
415.977828695458 2.3891294385652913e-07
416.39639119938016 2.3891294385652913e-07
416.8149537033023 0.0
417.2335162072245 0.0
417.65207871114666 0.0
418.0706412150688 0.0
418.48920371899095 0.0
418.90776622291315 0.0
419.3263287268353 0.0
419.74489123075745 0.0
420.1634537346796 2.3891294385652913e-07
420.58201623860174 2.389129438564967e-07
