0.7329294593705297 4.0
0.9589268285408716 1.0
1.1849241977112137 2.0
1.4109215668815556 0.0
1.6369189360518979 3.0
1.8629163052222397 2.0
2.0889136743925816 1.0
2.314911043562924 2.0
2.5409084127332657 0.0
2.7669057819036076 2.0
2.99290315107395 1.0
3.2189005202442917 3.0
3.4448978894146336 2.0
3.670895258584976 3.0
3.8968926277553178 3.0
4.12288999692566 2.0
4.348887366096002 2.0
4.574884735266344 6.0
4.800882104436686 2.0
5.026879473607028 1.0
5.25287684277737 1.0
5.478874211947712 6.0
5.704871581118054 3.0
5.930868950288396 2.0
6.156866319458738 3.0
6.38286368862908 2.0
6.608861057799422 3.0
6.834858426969764 1.0
7.060855796140106 5.0
7.286853165310448 3.0
7.5128505344807905 2.0
7.738847903651132 3.0
7.964845272821474 2.0
8.190842641991816 2.0
8.416840011162158 2.0
8.642837380332502 0.0
8.868834749502842 0.0
9.094832118673184 0.0
9.320829487843527 0.0
9.546826857013869 0.0
9.77282422618421 0.0
9.998821595354553 0.0
10.224818964524895 0.0
10.450816333695236 0.0
10.676813702865578 2.0
10.90281107203592 0.0
11.128808441206262 3.0
11.354805810376604 2.0
11.580803179546946 3.0
11.80680054871729 1.0
12.032797917887631 4.0
12.258795287057973 2.0
12.484792656228315 0.0
12.710790025398657 3.0
12.936787394568999 4.0
13.16278476373934 2.0
13.388782132909682 1.0
13.614779502080024 7.0
13.840776871250366 3.0
14.06677424042071 5.0
14.292771609591052 2.0
14.518768978761393 4.0
14.744766347931735 4.0
14.970763717102077 1.0
15.196761086272419 3.0
15.42275845544276 1.0
15.648755824613103 1.0
15.874753193783445 2.0
16.100750562953788 3.0
16.32674793212413 2.0
16.552745301294472 3.0
16.778742670464815 1.0
17.004740039635156 4.0
17.2307374088055 5.0
17.45673477797584 8.0
17.682732147146183 10.0
17.908729516316527 5.0
18.134726885486867 4.0
18.36072425465721 6.0
18.58672162382755 7.0
18.812718992997894 6.0
19.038716362168234 2.0
19.264713731338578 6.0
19.490711100508918 9.0
19.71670846967926 6.0
19.9427058388496 4.0
20.168703208019945 2.0
20.39470057719029 4.0
20.62069794636063 6.0
20.846695315530972 6.0
21.072692684701313 8.0
21.298690053871656 4.0
21.524687423041996 4.0
21.75068479221234 6.0
21.97668216138268 4.0
22.202679530553024 12.0
22.428676899723364 9.0
22.654674268893707 11.0
22.88067163806405 11.0
23.10666900723439 7.0
23.332666376404735 17.0
23.558663745575075 19.0
23.78466111474542 33.0
24.01065848391576 24.0
24.236655853086102 12.0
24.462653222256442 12.0
24.688650591426786 20.0
24.91464796059713 19.0
25.14064532976747 14.0
25.366642698937813 16.0
25.592640068108153 41.0
25.818637437278497 40.0
26.044634806448837 34.0
26.27063217561918 26.0
26.49662954478952 28.0
26.722626913959864 46.0
26.948624283130204 45.0
27.174621652300548 58.0
27.40061902147089 38.0
27.62661639064123 56.0
27.852613759811575 78.0
28.078611128981915 59.0
28.30460849815226 77.0
28.5306058673226 80.0
28.756603236492943 78.0
28.982600605663283 100.0
29.208597974833626 122.0
29.434595344003966 104.0
29.66059271317431 111.0
29.886590082344654 91.0
30.112587451514994 119.0
30.338584820685337 142.0
30.564582189855678 159.0
30.79057955902602 133.0
31.01657692819636 143.0
31.242574297366705 153.0
31.468571666537045 116.0
31.69456903570739 179.0
31.92056640487773 151.0
32.14656377404807 161.0
32.37256114321841 170.0
32.598558512388756 208.0
32.8245558815591 188.0
33.05055325072944 190.0
33.27655061989978 185.0
33.50254798907012 196.0
33.72854535824047 247.0
33.95454272741081 242.0
34.18054009658115 282.0
34.40653746575149 252.0
34.632534834921834 266.0
34.85853220409218 252.0
35.08452957326252 280.0
35.31052694243286 323.0
35.5365243116032 291.0
35.762521680773546 280.0
35.98851904994389 287.0
36.214516419114226 303.0
36.44051378828457 319.0
36.66651115745491 292.0
36.89250852662526 300.0
37.1185058957956 291.0
37.34450326496594 304.0
37.57050063413628 297.0
37.796498003306624 294.0
38.02249537247697 312.0
38.248492741647304 312.0
38.47449011081765 300.0
38.70048747998799 314.0
38.926484849158335 277.0
39.15248221832867 293.0
39.378479587499015 330.0
39.60447695666936 346.0
39.8304743258397 336.0
40.056471695010046 326.0
40.28246906418038 326.0
40.508466433350726 360.0
40.73446380252107 359.0
40.96046117169141 387.0
41.18645854086175 367.0
41.412455910032094 359.0
41.63845327920244 303.0
41.86445064837278 322.0
42.090448017543125 328.0
42.31644538671346 332.0
42.542442755883805 331.0
42.76844012505415 335.0
42.99443749422449 357.0
43.22043486339483 333.0
43.44643223256517 335.0
43.672429601735516 334.0
43.89842697090586 367.0
44.124424340076196 370.0
44.35042170924654 351.0
44.57641907841688 329.0
44.80241644758723 332.0
45.02841381675757 331.0
45.25441118592791 340.0
45.48040855509825 305.0
45.706405924268594 308.0
45.93240329343894 343.0
46.158400662609274 345.0
46.38439803177962 360.0
46.61039540094996 375.0
46.836392770120305 355.0
47.06239013929065 357.0
47.288387508460985 351.0
47.51438487763133 352.0
47.74038224680167 386.0
47.966379615972016 382.0
48.19237698514235 404.0
48.4183743543127 370.0
48.64437172348304 359.0
48.870369092653384 406.0
49.09636646182373 358.0
49.322363830994064 377.0
49.54836120016441 412.0
49.77435856933475 398.0
50.000355938505095 418.0
50.22635330767543 432.0
50.452350676845775 422.0
50.67834804601612 457.0
50.90434541518646 457.0
51.1303427843568 414.0
51.35634015352714 424.0
51.582337522697486 451.0
51.80833489186783 485.0
52.03433226103817 480.0
52.26032963020851 456.0
52.48632699937885 448.0
52.7123243685492 468.0
52.93832173771954 491.0
53.16431910688988 467.0
53.39031647606022 479.0
53.616313845230565 503.0
53.84231121440091 517.0
54.06830858357125 575.0
54.29430595274159 546.0
54.52030332191193 574.0
54.746300691082276 521.0
54.97229806025262 546.0
55.198295429422956 557.0
55.4242927985933 557.0
55.65029016776364 539.0
55.87628753693399 583.0
56.10228490610432 568.0
56.32828227527467 539.0
56.55427964444501 546.0
56.780277013615354 560.0
57.0062743827857 528.0
57.232271751956034 584.0
57.45826912112638 641.0
57.68426649029672 584.0
57.910263859467065 553.0
58.1362612286374 569.0
58.362258597807745 561.0
58.58825596697809 614.0
58.81425333614843 613.0
59.040250705318776 615.0
59.26624807448911 623.0
59.492245443659456 646.0
59.7182428128298 654.0
59.944240182000144 667.0
60.17023755117048 705.0
60.396234920340824 639.0
60.62223228951117 643.0
60.84822965868151 703.0
61.074227027851855 655.0
61.30022439702219 630.0
61.526221766192535 712.0
61.75221913536288 668.0
61.97821650453322 707.0
62.20421387370356 707.0
62.4302112428739 717.0
62.656208612044246 707.0
62.88220598121459 705.0
63.108203350384926 669.0
63.33420071955527 710.0
63.56019808872561 696.0
63.78619545789596 690.0
64.0121928270663 723.0
64.23819019623663 720.0
64.46418756540697 755.0
64.69018493457732 712.0
64.91618230374766 737.0
65.142179672918 759.0
65.36817704208835 784.0
65.59417441125868 742.0
65.82017178042902 713.0
66.04616914959936 745.0
66.27216651876971 739.0
66.49816388794005 769.0
66.7241612571104 751.0
66.95015862628074 772.0
67.17615599545108 756.0
67.40215336462143 742.0
67.62815073379176 808.0
67.8541481029621 878.0
68.08014547213244 803.0
68.30614284130279 838.0
68.53214021047313 764.0
68.75813757964347 787.0
68.98413494881382 729.0
69.21013231798416 773.0
69.4361296871545 809.0
69.66212705632483 796.0
69.88812442549518 699.0
70.11412179466552 718.0
70.34011916383587 653.0
70.56611653300621 717.0
70.79211390217655 732.0
71.0181112713469 784.0
71.24410864051724 787.0
71.47010600968758 767.0
71.69610337885791 796.0
71.92210074802826 801.0
72.1480981171986 877.0
72.37409548636894 919.0
72.60009285553929 888.0
72.82609022470963 857.0
73.05208759387997 863.0
73.27808496305032 874.0
73.50408233222066 844.0
73.73007970139099 868.0
73.95607707056134 823.0
74.18207443973168 862.0
74.40807180890202 861.0
74.63406917807237 851.0
74.86006654724271 772.0
75.08606391641305 816.0
75.3120612855834 874.0
75.53805865475374 827.0
75.76405602392407 752.0
75.99005339309441 756.0
76.21605076226476 813.0
76.4420481314351 846.0
76.66804550060544 803.0
76.89404286977579 795.0
77.12004023894613 816.0
77.34603760811648 771.0
77.5720349772868 689.0
77.79803234645715 812.0
78.02402971562749 808.0
78.25002708479784 778.0
78.47602445396818 801.0
78.70202182313852 790.0
78.92801919230887 753.0
79.15401656147921 830.0
79.38001393064955 768.0
79.60601129981988 834.0
79.83200866899023 872.0
80.05800603816057 884.0
80.28400340733091 903.0
80.51000077650126 898.0
80.7359981456716 870.0
80.96199551484195 863.0
81.18799288401229 826.0
81.41399025318263 873.0
81.63998762235296 871.0
81.8659849915233 909.0
82.09198236069365 883.0
82.31797972986399 906.0
82.54397709903434 864.0
82.76997446820468 887.0
82.99597183737502 800.0
83.22196920654537 825.0
83.44796657571571 881.0
83.67396394488604 914.0
83.89996131405638 848.0
84.12595868322673 911.0
84.35195605239707 891.0
84.57795342156741 942.0
84.80395079073776 872.0
85.0299481599081 918.0
85.25594552907845 908.0
85.48194289824879 900.0
85.70794026741912 885.0
85.93393763658946 887.0
86.1599350057598 865.0
86.38593237493015 906.0
86.6119297441005 884.0
86.83792711327084 852.0
87.06392448244118 900.0
87.28992185161152 908.0
87.51591922078185 892.0
87.7419165899522 875.0
87.96791395912254 886.0
88.19391132829288 870.0
88.41990869746323 911.0
88.64590606663357 879.0
88.87190343580392 975.0
89.09790080497426 951.0
89.3238981741446 894.0
89.54989554331493 821.0
89.77589291248528 837.0
90.00189028165562 846.0
90.22788765082596 897.0
90.4538850199963 974.0
90.67988238916665 990.0
90.905879758337 955.0
91.13187712750734 899.0
91.35787449667768 925.0
91.58387186584801 949.0
91.80986923501835 927.0
92.0358666041887 911.0
92.26186397335904 880.0
92.48786134252938 854.0
92.71385871169973 924.0
92.93985608087007 901.0
93.16585345004042 886.0
93.39185081921076 895.0
93.61784818838109 914.0
93.84384555755143 945.0
94.06984292672178 876.0
94.29584029589212 910.0
94.52183766506246 926.0
94.7478350342328 967.0
94.97383240340315 1006.0
95.1998297725735 987.0
95.42582714174384 972.0
95.65182451091417 958.0
95.87782188008451 963.0
96.10381924925485 1013.0
96.3298166184252 990.0
96.55581398759554 934.0
96.78181135676589 997.0
97.00780872593623 995.0
97.23380609510657 1011.0
97.45980346427692 1072.0
97.68580083344725 1020.0
97.91179820261759 1058.0
98.13779557178793 1061.0
98.36379294095828 1023.0
98.58979031012862 1153.0
98.81578767929896 1054.0
99.04178504846931 1101.0
99.26778241763965 1036.0
99.49377978680998 1115.0
99.71977715598032 1128.0
99.94577452515067 1098.0
100.17177189432101 1143.0
100.39776926349136 1158.0
100.6237666326617 1169.0
100.84976400183204 1137.0
101.07576137100239 1186.0
101.30175874017273 1176.0
101.52775610934306 1146.0
101.7537534785134 1204.0
101.97975084768375 1181.0
102.20574821685409 1165.0
102.43174558602443 1244.0
102.65774295519478 1190.0
102.88374032436512 1207.0
103.10973769353546 1253.0
103.33573506270581 1215.0
103.56173243187614 1250.0
103.78772980104648 1186.0
104.01372717021682 1240.0
104.23972453938717 1228.0
104.46572190855751 1229.0
104.69171927772786 1246.0
104.9177166468982 1172.0
105.14371401606854 1303.0
105.36971138523889 1329.0
105.59570875440922 1354.0
105.82170612357956 1353.0
106.0477034927499 1373.0
106.27370086192025 1444.0
106.49969823109059 1494.0
106.72569560026093 1414.0
106.95169296943128 1522.0
107.17769033860162 1486.0
107.40368770777197 1425.0
107.6296850769423 1390.0
107.85568244611264 1381.0
108.08167981528298 1386.0
108.30767718445333 1402.0
108.53367455362367 1403.0
108.75967192279401 1398.0
108.98566929196436 1430.0
109.2116666611347 1339.0
109.43766403030504 1387.0
109.66366139947537 1457.0
109.88965876864572 1506.0
110.11565613781606 1477.0
110.3416535069864 1502.0
110.56765087615675 1501.0
110.79364824532709 1574.0
111.01964561449743 1650.0
111.24564298366778 1716.0
111.47164035283811 1708.0
111.69763772200845 1642.0
111.9236350911788 1655.0
112.14963246034914 1713.0
112.37562982951948 1652.0
112.60162719868983 1685.0
112.82762456786017 1693.0
113.05362193703051 1621.0
113.27961930620086 1736.0
113.50561667537119 1620.0
113.73161404454153 1701.0
113.95761141371187 1692.0
114.18360878288222 1739.0
114.40960615205256 1738.0
114.6356035212229 1720.0
114.86160089039325 1845.0
115.08759825956359 1763.0
115.31359562873394 1825.0
115.53959299790426 1910.0
115.76559036707461 1894.0
115.99158773624495 1940.0
116.2175851054153 1783.0
116.44358247458564 1833.0
116.66957984375598 1936.0
116.89557721292633 2021.0
117.12157458209667 2061.0
117.34757195126701 1991.0
117.57356932043734 1979.0
117.79956668960769 1975.0
118.02556405877803 2080.0
118.25156142794837 1937.0
118.47755879711872 1974.0
118.70355616628906 2057.0
118.9295535354594 2216.0
119.15555090462975 2109.0
119.38154827380009 2162.0
119.60754564297042 2227.0
119.83354301214077 2259.0
120.05954038131111 2419.0
120.28553775048145 2381.0
120.5115351196518 2343.0
120.73753248882214 2378.0
120.96352985799248 2350.0
121.18952722716283 2474.0
121.41552459633317 2511.0
121.6415219655035 2412.0
121.86751933467384 2479.0
122.09351670384419 2437.0
122.31951407301453 2688.0
122.54551144218487 2602.0
122.77150881135522 2647.0
122.99750618052556 2660.0
123.2235035496959 2683.0
123.44950091886624 2806.0
123.67549828803658 2890.0
123.90149565720692 2788.0
124.12749302637727 2884.0
124.35349039554761 2792.0
124.57948776471795 3193.0
124.8054851338883 3093.0
125.03148250305864 3227.0
125.25747987222898 3151.0
125.48347724139931 3163.0
125.70947461056966 3473.0
125.93547197974 3461.0
126.16146934891034 3327.0
126.38746671808069 3477.0
126.61346408725103 3409.0
126.83946145642138 3705.0
127.06545882559172 3649.0
127.29145619476206 3744.0
127.51745356393239 3669.0
127.74345093310274 3630.0
127.96944830227308 4026.0
128.19544567144342 4114.0
128.42144304061378 3986.0
128.6474404097841 3893.0
128.87343777895444 4025.0
129.0994351481248 4395.0
129.32543251729513 4456.0
129.55142988646548 4419.0
129.7774272556358 4401.0
130.00342462480617 4434.0
130.2294219939765 4753.0
130.45541936314683 4822.0
130.6814167323172 4868.0
130.90741410148752 4894.0
131.13341147065788 4822.0
131.3594088398282 5205.0
131.58540620899856 5119.0
131.8114035781689 5141.0
132.03740094733925 5148.0
132.26339831650958 5188.0
132.4893956856799 5778.0
132.71539305485027 5863.0
132.9413904240206 5934.0
133.16738779319095 5921.0
133.39338516236128 5953.0
133.61938253153164 6697.0
133.84537990070197 6832.0
134.07137726987233 6807.0
134.29737463904266 6933.0
134.523372008213 6850.0
134.74936937738335 7316.0
134.97536674655368 7592.0
135.20136411572403 7572.0
135.42736148489436 7472.0
135.65335885406472 7625.0
135.87935622323505 8006.0
136.1053535924054 8029.0
136.33135096157574 8134.0
136.55734833074607 8085.0
136.78334569991642 8026.0
137.00934306908675 8489.0
137.2353404382571 9215.0
137.46133780742744 8886.0
137.6873351765978 8948.0
137.91333254576813 9143.0
138.1393299149385 9857.0
138.36532728410882 10365.0
138.59132465327914 10513.0
138.8173220224495 10231.0
139.04331939161983 10276.0
139.2693167607902 11163.0
139.49531412996052 11743.0
139.72131149913088 11718.0
139.9473088683012 11710.0
140.17330623747156 11654.0
140.3993036066419 12936.0
140.62530097581222 13669.0
140.85129834498258 13840.0
141.0772957141529 13517.0
141.30329308332327 13974.0
141.5292904524936 15519.0
141.75528782166396 16720.0
141.98128519083429 16907.0
142.20728256000464 16977.0
142.43327992917497 16865.0
142.6592772983453 18918.0
142.88527466751566 21279.0
143.111272036686 21541.0
143.33726940585635 21623.0
143.56326677502668 21434.0
143.78926414419703 24724.0
144.01526151336736 28808.0
144.24125888253772 28637.0
144.46725625170805 28724.0
144.69325362087838 28402.0
144.91925099004874 32756.0
145.14524835921907 38264.0
145.37124572838943 38533.0
145.59724309755975 38247.0
145.8232404667301 38448.0
146.04923783590044 42890.0
146.2752352050708 51060.0
146.50123257424113 50904.0
146.72722994341146 50770.0
146.95322731258182 51021.0
147.17922468175215 54986.0
147.4052220509225 63490.0
147.63121942009283 63299.0
147.8572167892632 63199.0
148.08321415843352 62945.0
148.30921152760388 66028.0
148.5352088967742 72813.0
148.76120626594454 72416.0
148.9872036351149 71908.0
149.21320100428522 72144.0
149.43919837345558 73947.0
149.6651957426259 78468.0
149.89119311179627 78606.0
150.1171904809666 78641.0
150.34318785013696 78112.0
150.5691852193073 79041.0
150.79518258847762 80878.0
151.02117995764797 80768.0
151.2471773268183 81272.0
151.47317469598866 80830.0
151.699172065159 80601.0
151.92516943432935 80561.0
152.15116680349968 80808.0
152.37716417267 79985.0
152.60316154184036 80189.0
152.8291589110107 80059.0
153.05515628018105 78392.0
153.28115364935138 77630.0
153.50715101852174 77803.0
153.73314838769207 77974.0
153.95914575686243 77639.0
154.18514312603276 75598.0
154.41114049520309 75555.0
154.63713786437344 75909.0
154.86313523354377 75251.0
155.08913260271413 75431.0
155.31512997188446 72219.0
155.54112734105482 71894.0
155.76712471022515 71685.0
155.9931220793955 71774.0
156.21911944856583 71645.0
156.44511681773616 68323.0
156.67111418690652 68033.0
156.89711155607685 68249.0
157.1231089252472 68289.0
157.34910629441754 67915.0
157.5751036635879 64908.0
157.80110103275823 65067.0
158.02709840192858 65205.0
158.2530957710989 65142.0
158.47909314026924 64960.0
158.7050905094396 62396.0
158.93108787860993 62841.0
159.1570852477803 62728.0
159.38308261695062 62728.0
159.60907998612097 62634.0
159.8350773552913 59896.0
160.06107472446166 59697.0
160.287072093632 59603.0
160.51306946280232 59527.0
160.73906683197268 59654.0
160.965064201143 56646.0
161.19106157031337 56422.0
161.4170589394837 56629.0
161.64305630865405 56069.0
161.86905367782438 56322.0
162.09505104699474 53439.0
162.32104841616507 52833.0
162.5470457853354 52778.0
162.77304315450576 52583.0
162.9990405236761 52765.0
163.22503789284644 50503.0
163.45103526201677 49944.0
163.67703263118713 50248.0
163.90303000035746 49924.0
164.12902736952782 49895.0
164.35502473869815 48422.0
164.58102210786848 48212.0
164.80701947703884 48035.0
165.03301684620916 47913.0
165.25901421537952 48374.0
165.48501158454985 46044.0
165.7110089537202 45900.0
165.93700632289054 45789.0
166.1630036920609 45802.0
166.38900106123123 45437.0
166.61499843040156 43782.0
166.8409957995719 43271.0
167.06699316874224 43610.0
167.2929905379126 43425.0
167.51898790708293 43242.0
167.7449852762533 41691.0
167.97098264542362 40848.0
168.19698001459398 40742.0
168.4229773837643 40871.0
168.64897475293463 40856.0
168.874972122105 39281.0
169.10096949127532 38487.0
169.32696686044568 38394.0
169.552964229616 38358.0
169.77896159878637 38206.0
170.0049589679567 36622.0
170.23095633712705 35953.0
170.45695370629738 35899.0
170.6829510754677 35894.0
170.90894844463807 35863.0
171.1349458138084 34240.0
171.36094318297876 33352.0
171.5869405521491 33158.0
171.81293792131945 33278.0
172.03893529048977 33319.0
172.26493265966013 32104.0
172.49093002883046 31343.0
172.7169273980008 30930.0
172.94292476717115 31462.0
173.16892213634148 31050.0
173.39491950551184 30071.0
173.62091687468217 29207.0
173.84691424385252 29352.0
174.07291161302285 29189.0
174.29890898219318 29527.0
174.52490635136354 28501.0
174.75090372053387 27708.0
174.97690108970423 27495.0
175.20289845887456 27713.0
175.42889582804492 27468.0
175.65489319721524 26441.0
175.8808905663856 25399.0
176.10688793555593 25294.0
176.33288530472626 26122.0
176.55888267389662 25980.0
176.78488004306695 25040.0
177.0108774122373 23918.0
177.23687478140764 24014.0
177.462872150578 23916.0
177.68886951974832 23705.0
177.91486688891868 22709.0
178.140864258089 22272.0
178.36686162725934 22033.0
178.5928589964297 22077.0
178.81885636560003 22002.0
179.04485373477038 21675.0
179.2708511039407 20387.0
179.49684847311107 20754.0
179.7228458422814 20631.0
179.94884321145176 20638.0
180.1748405806221 20015.0
180.40083794979242 19028.0
180.62683531896278 18940.0
180.8528326881331 18652.0
181.07883005730346 18808.0
181.3048274264738 18087.0
181.53082479564415 16933.0
181.75682216481448 17213.0
181.98281953398484 16948.0
182.20881690315517 17102.0
182.4348142723255 16588.0
182.66081164149585 15671.0
182.88680901066618 15580.0
183.11280637983654 15455.0
183.33880374900687 15642.0
183.56480111817723 15196.0
183.79079848734756 14579.0
184.01679585651792 14731.0
184.24279322568825 14617.0
184.46879059485858 14702.0
184.69478796402893 14425.0
184.92078533319926 13615.0
185.14678270236962 13568.0
185.37278007153995 13634.0
185.5987774407103 13603.0
185.82477480988064 13482.0
186.050772179051 12404.0
186.27676954822132 12079.0
186.50276691739165 12225.0
186.728764286562 12032.0
186.95476165573234 11762.0
187.1807590249027 10991.0
187.40675639407303 10757.0
187.6327537632434 10770.0
187.85875113241372 10851.0
188.08474850158407 10878.0
188.3107458707544 9459.0
188.53674323992473 9659.0
188.7627406090951 9611.0
188.98873797826542 9575.0
189.21473534743578 9627.0
189.4407327166061 8508.0
189.66673008577646 8500.0
189.8927274549468 8455.0
190.11872482411715 8499.0
190.34472219328748 8534.0
190.5707195624578 7792.0
190.79671693162817 7533.0
191.0227143007985 7778.0
191.24871166996886 7524.0
191.47470903913919 7856.0
191.70070640830954 6971.0
191.92670377747987 6994.0
192.15270114665023 6994.0
192.37869851582056 6807.0
192.6046958849909 6923.0
192.83069325416125 5995.0
193.05669062333158 5859.0
193.28268799250193 5885.0
193.50868536167226 5850.0
193.73468273084262 5950.0
193.96068010001295 5116.0
194.1866774691833 5004.0
194.41267483835364 5009.0
194.63867220752397 5000.0
194.86466957669433 4732.0
195.09066694586465 4266.0
195.316664315035 4241.0
195.54266168420534 4186.0
195.7686590533757 4276.0
195.99465642254603 4226.0
196.2206537917164 3698.0
196.44665116088672 3658.0
196.67264853005705 3829.0
196.8986458992274 3679.0
197.12464326839773 3724.0
197.3506406375681 3349.0
197.57663800673842 3206.0
197.80263537590878 3099.0
198.0286327450791 3165.0
198.25463011424944 3381.0
198.4806274834198 2726.0
198.70662485259012 2592.0
198.93262222176048 2585.0
199.1586195909308 2588.0
199.38461696010117 2548.0
199.6106143292715 2187.0
199.83661169844186 2093.0
200.0626090676122 2059.0
200.28860643678252 2059.0
200.51460380595287 1969.0
200.7406011751232 1737.0
200.96659854429356 1609.0
201.1925959134639 1721.0
201.41859328263425 1631.0
201.64459065180458 1652.0
201.87058802097494 1351.0
202.09658539014526 1275.0
202.3225827593156 1318.0
202.54858012848595 1337.0
202.77457749765628 1284.0
203.00057486682664 1100.0
203.22657223599697 992.0
203.45256960516733 971.0
203.67856697433766 982.0
203.904564343508 1030.0
204.13056171267834 842.0
204.35655908184867 721.0
204.58255645101903 733.0
204.80855382018936 707.0
205.03455118935972 719.0
205.26054855853005 550.0
205.4865459277004 477.0
205.71254329687073 485.0
205.9385406660411 510.0
206.16453803521142 535.0
206.39053540438175 415.0
206.6165327735521 319.0
206.84253014272244 342.0
207.0685275118928 333.0
207.29452488106313 340.0
207.52052225023348 280.0
207.7465196194038 267.0
207.97251698857417 251.0
208.1985143577445 261.0
208.42451172691483 252.0
208.6505090960852 195.0
208.87650646525552 164.0
209.10250383442587 154.0
209.3285012035962 161.0
209.55449857276656 163.0
209.7804959419369 138.0
210.00649331110725 129.0
210.23249068027758 133.0
210.4584880494479 120.0
210.68448541861827 134.0
210.9104827877886 117.0
211.13648015695895 82.0
211.36247752612928 82.0
211.58847489529964 92.0
211.81447226446997 99.0
212.04046963364033 75.0
212.26646700281066 59.0
212.492464371981 51.0
212.71846174115134 54.0
212.94445911032167 66.0
213.17045647949203 57.0
213.39645384866236 35.0
213.62245121783272 49.0
213.84844858700305 50.0
214.0744459561734 39.0
214.30044332534374 38.0
214.52644069451406 44.0
214.75243806368442 44.0
214.97843543285475 47.0
215.2044328020251 53.0
215.43043017119544 48.0
215.6564275403658 58.0
215.88242490953613 63.0
216.10842227870648 61.0
216.3344196478768 65.0
216.56041701704714 59.0
216.7864143862175 45.0
217.01241175538783 49.0
217.2384091245582 42.0
217.46440649372852 50.0
217.69040386289888 51.0
217.9164012320692 51.0
218.14239860123956 26.0
218.3683959704099 37.0
218.59439333958022 26.0
218.82039070875058 38.0
219.0463880779209 29.0
219.27238544709127 40.0
219.4983828162616 40.0
219.72438018543195 46.0
219.95037755460228 36.0
220.17637492377264 49.0
220.40237229294297 45.0
220.6283696621133 41.0
220.85436703128366 41.0
221.080364400454 44.0
221.30636176962435 35.0
221.53235913879467 33.0
221.75835650796503 33.0
221.98435387713536 45.0
222.2103512463057 27.0
222.43634861547605 37.0
222.66234598464638 36.0
222.88834335381674 50.0
223.11434072298707 32.0
223.34033809215742 45.0
223.56633546132775 53.0
223.7923328304981 36.0
224.01833019966844 47.0
224.24432756883877 59.0
224.47032493800913 44.0
224.69632230717946 44.0
224.92231967634982 41.0
225.14831704552014 51.0
225.3743144146905 35.0
225.60031178386083 48.0
225.8263091530312 46.0
226.05230652220152 49.0
226.27830389137185 56.0
226.5043012605422 44.0
226.73029862971254 51.0
