2.1133106627201426 1.041960525368672e-06
2.4972023651994375 0.0
2.881094067678733 0.0
3.2649857701580283 0.0
3.648877472637323 7.814703940265039e-07
4.032769175116618 5.209802626843353e-07
4.4166608775959135 7.814703940265029e-07
4.800552580075209 2.6049013134216825e-07
5.184444282554503 0.0
5.5683359850338 0.0
5.952227687513094 7.814703940265047e-07
6.336119389992389 7.814703940265011e-07
6.720011092471685 5.209802626843365e-07
7.103902794950979 0.0
7.487794497430274 0.0
7.87168619990957 0.0
8.255577902388865 0.0
8.639469604868161 0.0
9.023361307347455 0.0
9.40725300982675 0.0
9.791144712306046 2.6049013134216825e-07
10.17503641478534 2.6049013134216825e-07
10.558928117264635 2.6049013134216703e-07
10.942819819743931 2.6049013134216825e-07
11.326711522223226 0.0
11.71060322470252 0.0
12.094494927181817 7.814703940265047e-07
12.478386629661111 1.041960525368673e-06
12.862278332140406 0.0
13.246170034619702 0.0
13.630061737098996 0.0
14.013953439578293 0.0
14.397845142057587 7.814703940265047e-07
14.781736844536882 5.209802626843341e-07
15.165628547016178 7.814703940265047e-07
15.549520249495473 5.209802626843341e-07
15.933411951974769 5.209802626843341e-07
16.317303654454065 1.3024506567108474e-06
16.701195356933358 1.0419605253686681e-06
17.085087059412654 1.5629407880530023e-06
17.46897876189195 0.0
17.852870464371243 0.0
18.23676216685054 2.6049013134216703e-07
18.620653869329836 1.3024506567108474e-06
19.00454557180913 1.0419605253686681e-06
19.388437274288425 1.302450656710835e-06
19.77232897676772 0.0
20.156220679247014 2.6049013134216703e-07
20.54011238172631 3.6468618387903385e-06
20.924004084205606 2.865391444763864e-06
21.3078957866849 2.60490131342167e-06
21.691787489164195 2.0839210507373362e-06
22.07567919164349 1.8234309193951862e-06
22.459570894122784 3.6468618387903385e-06
22.84346259660208 4.1678421014746725e-06
23.227354299081377 3.907351970132541e-06
23.61124600156067 4.428332232816839e-06
23.995137704039966 4.688822364159007e-06
24.379029406519262 6.772743414896343e-06
24.762921108998558 7.554213808922914e-06
25.14681281147785 5.991273020869842e-06
25.530704513957147 7.554213808922845e-06
25.914596216436443 1.3545486829792812e-05
26.298487918915736 1.146156577905535e-05
26.682379621395032 1.4587447355161354e-05
27.06627132387433 1.5629407880530165e-05
27.45016302635362 1.7973819062609527e-05
27.834054728832918 2.0578720376031198e-05
28.217946431312214 2.396509208347959e-05
28.601838133791507 2.5788523002874537e-05
28.985729836270803 2.13601907700577e-05
29.3696215387501 2.839342431629621e-05
29.753513241229395 1.849479932529403e-05
30.137404943708688 3.490567759985039e-05
30.521296646187984 2.9695874973007045e-05
30.90518834866728 3.308224668045552e-05
31.289080051146573 3.855253943864072e-05
31.67297175362587 4.167842101474634e-05
32.05686345610517 4.16784210147475e-05
32.44075515858446 5.079557561172258e-05
32.824646861063755 4.454381245951057e-05
33.20853856354305 4.167842101474672e-05
33.59243026602235 4.766969403561657e-05
33.976321968501644 4.27203815401154e-05
34.36021367098094 4.688822364159007e-05
34.744105373460236 4.610675324756357e-05
35.12799707593953 4.793018416695962e-05
35.51188877841882 4.81906742983009e-05
35.89578048089812 4.636724337890573e-05
36.279672183377414 4.7148713772932235e-05
36.66356388585671 5.209802626843341e-05
37.04745558833601 5.704733876393458e-05
37.4313472908153 6.069420060272605e-05
37.81523899329459 4.454381245951057e-05
38.19913069577389 5.3921457187828585e-05
38.583022398253185 4.35018519341419e-05
38.96691410073248 4.81906742983009e-05
39.35080580321178 5.3921457187828585e-05
39.734697505691074 5.4963417713197245e-05
40.11858920817037 5.574488810722478e-05
40.50248091064966 5.3400476925144244e-05
40.886372613128955 6.408057231017309e-05
41.27026431560825 5.0535085480380407e-05
41.65415601808755 5.887076968332975e-05
42.038047720566844 5.1577046005749074e-05
42.42193942304614 5.9652240077357365e-05
42.80583112552543 5.183753613709124e-05
43.189722828004726 6.147567099675142e-05
43.57361453048402 5.965224007735625e-05
43.95750623296332 6.199665125943576e-05
44.341397935442615 6.64249834922526e-05
44.72528963792191 6.30386117848056e-05
45.1091813404012 5.887076968332975e-05
45.493073042880496 6.017322034004059e-05
45.87696474535979 7.293723677580678e-05
46.26085644783909 7.215576638178027e-05
46.644748150318385 7.215576638178027e-05
47.02863985279768 7.241625651312244e-05
47.41253155527698 7.658409861459853e-05
47.79642325775627 7.736556900862361e-05
48.18031496023556 7.450017756385978e-05
48.56420666271486 8.15334111100983e-05
48.948098365194156 7.606311835191278e-05
49.33199006767345 7.788654927130794e-05
49.71588177015275 8.101243084741546e-05
50.09977347263204 8.101243084741396e-05
50.483665175111334 8.726419399962596e-05
50.86755687759063 8.804566439365247e-05
51.251448580069926 8.413831242351996e-05
51.63534028254922 9.039007557573196e-05
52.01923198502852 9.039007557573196e-05
52.403123687507815 9.71628189906301e-05
52.787015389987104 9.768379925331264e-05
53.1709070924664 9.63813485966018e-05
53.5547987949457 8.960860518170546e-05
53.93869049742499 9.559987820257531e-05
54.32258219990429 0.00010054919069807649
54.706473902383586 0.00010888487490102784
55.090365604862875 0.00010367507227418247
55.47425730734217 0.00010263311174881382
55.85814900982147 0.00011331320713384266
56.24204071230076 0.00010862438476968367
56.62593241478006 0.00012607722356960886
57.009824117259356 0.0001161785985786065
57.39371581973865 0.00012737967422632205
57.77760752221794 0.0001161785985786065
58.16149922469724 0.00011148977621444748
58.545390927176534 0.00011487614792189568
58.92928262965583 0.0001161785985786065
59.31317433213513 0.00011826251962934384
59.69706603461442 0.00012946359527705943
60.08095773709371 0.00012138840120544985
60.46484943957301 0.00011748104923531734
60.848741142052305 0.00012790065448900403
61.2326328445316 0.00012529575317558235
61.6165245470109 0.00012295134199350285
62.00041624949019 0.00013753878934866676
62.38430795196948 0.00012842163475168837
62.76819965444878 0.00013649682882329553
63.152091356928075 0.00012920310514571485
63.53598305940737 0.00014795839460235089
63.91987476188667 0.00013102653606511004
64.30376646436596 0.00011722055910397734
64.68765816684525 0.00011669957884129299
65.07154986932454 0.00012685869396363302
65.45544157180385 0.00011748104923531951
65.83933327428313 0.00012842163475169073
66.22322497676242 0.00014509300315758436
66.60711667924173 0.0001471769242083271
66.99100838172102 0.0001474374143396638
67.37490008420032 0.00015525211827993444
67.75879178667961 0.00015394966762321787
68.14268348915891 0.00015238672683517054
68.5265751916382 0.00014300908210685236
68.91046689411749 0.00014379055250087353
69.2943585965968 0.00013389192750987633
69.67825029907608 0.00013545486829792436
70.06214200155539 0.00013832025974269327
70.44603370403468 0.0001359758485606087
70.82992540651398 0.00015499162814859227
71.21381710899327 0.0001398832005307463
71.59770881147256 0.00012503526304423788
71.98160051395186 0.00012894261501437507
72.36549221643115 0.00015134476630979625
72.74938391891045 0.00014978182552174884
73.13327562138974 0.00015968045051275136
73.51716732386903 0.00014170663145013625
73.90105902634834 0.00015134476630980183
74.28495072882762 0.00015421015775456004
74.66884243130693 0.00016306682222019957
75.05273413378622 0.0001716629965544849
75.43662583626552 0.0001565545689366453
75.82051753874481 0.0001490003551277223
76.2044092412241 0.00016436927287690438
76.5883009437034 0.00014978182552174884
76.97219264618269 0.00014952133539040111
77.356084348662 0.00015785701959335614
77.73997605114128 0.0001648902531395887
78.12386775362059 0.00015603358867396095
78.50775945609988 0.00016436927287691045
78.89165115857917 0.00016801613471569463
79.27554286105847 0.00016801613471570086
79.65943456353776 0.0001682766248470368
80.04332626601706 0.0001714025064231491
80.42721796849635 0.00015603358867396095
80.81110967097564 0.00015968045051274542
81.19500137345494 0.00017062103602912256
81.57889307593423 0.0001703605458977741
81.96278477841354 0.00014847937486503796
82.34667648089282 0.00015551260841127084
82.73056818337213 0.00015316819722919705
83.11445988585142 0.0001510842761784597
83.4983515883307 0.00015473113801724438
83.88224329081001 0.0001760913287873082
84.2661349932893 0.0001737469176052222
84.6500266957686 0.00019510710837528672
85.03391839824789 0.0001716629965544849
85.4178101007272 0.00016879760510972737
85.80170180320648 0.0001492608452590645
86.18559350568577 0.00016098290116945625
86.56948520816508 0.00016983956563509605
86.95337691064437 0.00017504936826193303
87.33726861312367 0.00018312456233354684
87.72116031560296 0.00016671368405899
88.10505201808225 0.00016462976300824652
88.48894372056155 0.0001747888781305973
88.87283542304084 0.00018078015115146058
89.25672712552014 0.0001852084833842842
89.64061882799943 0.00018156162154548707
90.02451053047874 0.00018859485509173244
90.40840223295803 0.0002047452432349471
90.79229393543731 0.00020396377284091302
91.17618563791662 0.00020656867415434231
91.5600773403959 0.0001979724998200433
91.94396904287521 0.0001997959307394458
92.3278607453545 0.00021855122019607412
92.7117524478338 0.000207610634679711
93.09564415031309 0.00021360190770058093
93.47953585279238 0.0002109970063871514
93.86342755527168 0.00019927495047676147
94.24731925775097 0.00021568582875131033
94.63121096023028 0.00023079425636916425
95.01510266270957 0.00023470160833928818
95.39899436518887 0.00022454249321695216
95.78288606766816 0.00021750925967071351
96.16677777014745 0.0002339201379452617
96.55066947262675 0.00022089563137816175
96.93456117510604 0.00022037465111546925
97.31845287758534 0.0002297522958437956
97.70234458006463 0.0002427768024109042
98.08623628254392 0.0002550198385839768
98.47012798502323 0.00026361601291827793
98.85401968750251 0.00028054787145550874
99.23791138998182 0.00026934679580780573
99.6218030924611 0.00024798660503773845
100.00569479494041 0.00025580130897801277
100.3895864974197 0.0002380879800467451
100.77347819989899 0.00026335552278692606
101.15736990237829 0.0002870601247390734
101.54126160485758 0.000293832868153959
101.92515330733688 0.00028185032211222995
102.30904500981617 0.0002914884569718795
102.69293671229548 0.00030321051288228806
103.07682841477477 0.00032300776286429316
103.46072011725406 0.0003016475720942239
103.84461181973336 0.0003063363944583941
104.22850352221265 0.0003013870819628817
104.61239522469195 0.0002904464964465216
104.99628692717124 0.0003047734536703411
105.38017862965053 0.00033707422995675793
105.76407033212983 0.0003370742299567704
106.14796203460912 0.00031675599971206926
106.53185373708843 0.000340981581926903
106.91574543956771 0.0003334273681179676
107.29963714204702 0.00034853579573582594
107.68352884452631 0.0003443679536343512
108.0674205470056 0.00035556902928205147
108.4513122494849 0.00036338373322232975
108.83520395196419 0.00036937500624318606
109.21909565444349 0.00037823167070883356
109.60298735692278 0.00039412156872069146
109.98687905940209 0.00037823167070883356
110.37077076188137 0.0003988103910848651
110.75466246436066 0.000409490486469879
111.13855416683997 0.00041600273975344844
111.52244586931926 0.0004152212693594066
111.90633757179856 0.0004415307726249813
112.29022927427785 0.0004475220456458347
112.67412097675715 0.0004443961640697452
113.05801267923644 0.0004587231212935647
113.44190438171573 0.0004647143943144174
113.82579608419503 0.000491023897579994
114.20968778667432 0.0005100396771679535
114.59357948915363 0.0005139470291381051
114.97747119163292 0.0005186358515022641
115.3613628941122 0.0004951917396814504
115.74525459659151 0.0005767251507915685
116.1291462990708 0.0005850608349944963
116.5130380015501 0.0005874052461765976
116.89692970402939 0.0006025136737944212
117.2808214065087 0.000588186716570624
117.66471310898798 0.0006249158250898703
118.04860481146727 0.000682484144116465
118.43249651394657 0.0006530487592748249
118.81638821642586 0.0006720645388627785
119.20027991890517 0.0007087936473820496
119.58417162138446 0.0007116590388267872
119.96806332386376 0.000794234410462282
120.35195502634305 0.0008041330354532846
120.73584672882234 0.0007944949005935948
121.11973843130164 0.0008262746966173693
121.50363013378093 0.0008491978281754489
121.88752183626023 0.0008635247853992998
122.27141353873952 0.0008851454663007
122.65530524121881 0.0008854059564320094
123.03919694369812 0.000991164949756964
123.4230886461774 0.0010690514990282338
123.80698034865671 0.00105785042338056
124.190872051136 0.0011649118673621496
124.5747637536153 0.001182104216030776
124.95865545609459 0.0012089346995590197
125.34254715857388 0.001281090465940754
125.72643886105318 0.0013115678113078354
126.11033056353247 0.001351943781665822
126.49422226601177 0.0013993529855701472
126.87811396849106 0.001401957886883517
127.26200567097037 0.0014983392354801727
127.64589737344966 0.0015546051038500242
128.02978907592896 0.0015918551926319532
128.41368077840826 0.001729133491849401
128.79757248088754 0.001753359074064094
129.18146418336684 0.001758829366822279
129.56535588584615 0.0020068159718601665
129.94924758832542 0.0020068159718600177
130.33313929080472 0.0021211711395192267
130.71703099328403 0.002395727737953866
131.10092269576333 0.002401198030712051
131.48481439824263 0.0026588227706096468
131.8687061007219 0.002867735855945864
132.2525978032012 0.0029310349578620097
132.63648950568052 0.003486920898146442
133.0203812081598 0.0036924476117751494
133.4042729106391 0.003919334516174173
133.7881646131184 0.00487194692649246
134.1720563155977 0.004981613271787879
134.55594801807698 0.005446327666101928
134.93983972055628 0.006559141507195645
135.32373142303558 0.006560183467721499
135.70762312551486 0.007649813687125278
136.09151482799416 0.00856205012708553
136.47540653047346 0.008609198840858461
136.85929823295277 0.009899927441659608
137.24318993543204 0.010273470290003537
137.62708163791135 0.010426377997101385
138.01097334039065 0.011519134098082608
138.39486504286992 0.011442810489598502
138.77875674534923 0.01174002972945991
139.16264844782853 0.012213079807977277
139.54654015030783 0.012281849202652515
139.9304318527871 0.012375365159803442
140.3143235552664 0.012618402452345679
140.69821525774572 0.012679096652949343
141.082106960225 0.01238943162689592
141.4659986627043 0.012454814649862802
141.8498903651836 0.012489720327463578
142.23378206766287 0.012230011666514516
142.61767377014218 0.012307377235523139
143.00156547262148 0.012138579630413418
143.38545717510078 0.011982025061477665
143.76934887758006 0.011987495354234963
144.15324058005936 0.01168350337095866
144.53713228253866 0.011518613117819924
144.92102398501794 0.011473287834965535
145.30491568749724 0.01111745831555214
145.68880738997655 0.011050512351797206
146.07269909245585 0.011018211575511595
146.45659079493512 0.01076188928627009
146.84048249741443 0.010768922519816329
147.22437419989373 0.010638937944277378
147.608265902373 0.010403715355674617
147.9921576048523 0.010497491802957795
148.3760493073316 0.010295872441298962
148.75994100981092 0.010156249730900313
149.1438327122902 0.01012941924737132
149.5277244147695 0.009844443043682994
149.9116161172488 0.009726180524054374
150.29550781972807 0.009681376221462801
150.67939952220738 0.009352898165840335
151.06329122468668 0.009291422494843585
151.44718292716598 0.00915023684365681
151.83107462964526 0.008987430511567281
152.21496633212456 0.008909804452427316
152.59885803460386 0.008757678215724143
152.98274973708314 0.008651398242135892
153.36664143956244 0.00862222334742557
153.75053314204175 0.008367203508841592
154.13442484452105 0.008158550913637125
154.51831654700032 0.008202313255702004
154.90220824947963 0.00796448576578661
155.28609995195893 0.007977770762485651
155.6699916544382 0.007850391088258742
156.0538833569175 0.007613605558868718
156.4377750593968 0.0075047206839676936
156.82166676187612 0.007521913032636834
157.2055584643554 0.00723563437829124
157.5894501668347 0.007215055657915209
157.973341869314 0.007045476582411983
158.35723357179327 0.006877981427958452
158.74112527427258 0.006848546043116787
159.12501697675188 0.006621919628849596
159.50890867923115 0.006686000201159278
159.89280038171046 0.006678706477481697
160.27669208418976 0.006359085086324864
160.66058378666906 0.00644218143822349
161.04447548914834 0.006293181083095297
161.42836719162764 0.006167364349657033
161.81225889410695 0.006208782280540896
162.19615059658622 0.0059212011755386896
162.58004229906552 0.005959753714977329
162.96393400154483 0.005986584198505573
163.34782570402413 0.0057263545572951765
163.7317174065034 0.00574537033688273
164.1156091089827 0.005700566034291878
164.499500811462 0.0054197576727054286
164.8833925139413 0.005486703636459963
165.2672842164206 0.005344736514878485
165.6511759188999 0.005137646860461465
166.0350676213792 0.005204332334085445
166.41895932385847 0.005043088942784261
166.80285102633778 0.004915448778426601
167.18674272881708 0.004965723373776007
167.57063443129636 0.004659907959579939
167.95452613377566 0.00463698482802183
168.33841783625496 0.004528099953120806
168.72230953873427 0.004304859910560892
169.10620124121354 0.004342630979605186
169.49009294369284 0.004230620223128056
169.87398464617215 0.004249896492847691
170.25787634865142 0.0041326759337434035
170.64176805113073 0.004168102591605938
171.02565975361003 0.004095946825224159
171.40955145608933 0.004058436246311188
171.7934431585686 0.00390943589118317
172.1773348610479 0.003942778627994967
172.5612265635272 0.003879479526079109
172.9451182660065 0.0037461085788316347
173.3290099684858 0.003757309654479348
173.7129016709651 0.003631492921041352
174.09679337344437 0.0035681938191249383
174.48068507592367 0.0036046624375128404
174.86457677840298 0.003482753056044709
175.24846848088228 0.003444721496869008
175.63236018336156 0.0034499312994955966
176.01625188584086 0.0033855902370540825
176.40014358832016 0.0033530289706365604
176.78403529079944 0.003354331421293023
177.16792699327874 0.0032089779280040968
177.55181869575804 0.003231901059562207
177.93571039823735 0.003190222638547697
178.31960210071662 0.003097748641920993
178.70349380319593 0.0031613082339684807
179.08738550567523 0.003064145414978081
179.4712772081545 0.003035491500530216
179.8551689106338 0.002966201125593201
180.2390606131131 0.00285523232964144
180.6229523155924 0.002785681464573289
181.0068440180717 0.0028349140993967513
181.390735720551 0.002707794915301776
181.7746274230303 0.0027377512804063276
182.15851912550957 0.002749473336316522
182.54241082798887 0.0027236848133136483
182.92630253046818 0.002711702267271909
183.31019423294748 0.002718475010687006
183.69408593542676 0.0026421514022035514
184.07797763790606 0.0026374625798393924
184.46186934038536 0.002550198385839957
184.84576104286464 0.0025212839812607884
185.22965274534394 0.002572600537135194
185.61354444782324 0.002506175553642943
185.99743615030255 0.0025710375963473313
186.38132785278182 0.00253951829045474
186.76521955526113 0.002496537418783283
187.14911125774043 0.002514250747714736
187.5330029602197 0.0025090409450877066
187.916894662699 0.00250461261285489
188.3007863651783 0.0024621527214461173
188.68467806765761 0.002525712313493792
189.0685697701369 0.0025389973101920555
189.4524614726162 0.002508780454956364
189.8363531750955 0.0024548589977687186
190.22024487757477 0.002514771727977234
190.60413658005407 0.002501226241147442
190.98802828253338 0.00249679790891481
191.37191998501265 0.002529098685201053
191.75581168749196 0.002514771727977234
192.13970338997126 0.0025150322181085763
192.52359509245056 0.002535871428616137
192.90748679492984 0.0025525427970218475
193.29137849740914 0.002578852300287406
193.67527019988844 0.0025577525996488804
194.05916190236772 0.0026025569022395424
194.44305360484702 0.0026856532541376923
194.82694530732633 0.0026455377739109994
195.21083700980563 0.0026226146423530836
195.5947287122849 0.0026676794350750832
195.9786204147642 0.002745826474477732
196.3625121172435 0.002706231974513924
196.7464038197228 0.0028083441059998508
197.1302955222021 0.002755725099468734
197.5141872246814 0.00277213597774329
197.8980789271607 0.0028205871421731416
198.28197062963997 0.0028304857671639346
198.66586233211927 0.0028398634118922523
199.04975403459858 0.0028966502605250587
199.43364573707785 0.0028958687901308173
199.81753743955716 0.0028575767408235194
200.20142914203646 0.0029912081782020486
200.58532084451576 0.00295890740191584
200.96921254699504 0.00303236561895411
201.35310424947434 0.003029760717640689
201.73699595195365 0.003036012480793125
202.12088765443292 0.003077951391938989
202.50477935691222 0.0031305703984701055
202.88867105939153 0.003135780201096949
203.27256276187083 0.003194650970780514
203.6564544643501 0.003182668424738538
204.0403461668294 0.0032105408687921493
204.4242378693087 0.0032686301680816933
204.808129571788 0.0033134344706723037
205.1920212742673 0.003304056825943985
205.5759129767466 0.0032657647766366877
205.9598046792259 0.003331147799603817
206.34369638170517 0.0033449537765647052
206.72758808418448 0.0033243750561886744
207.11147978666378 0.0033517265199798493
207.49537148914305 0.0034879628586715525
207.87926319162236 0.003463216296194047
208.26315489410166 0.003438990713979481
208.64704659658094 0.003492130700773027
209.03093829906024 0.0035411028454653535
209.41483000153954 0.003508020598784899
209.79872170401885 0.0035408423553342735
210.18261340649812 0.0036010155756740505
210.56650510897742 0.0035601186250533313
210.95039681145673 0.003624980667757798
211.334288513936 0.003660407325620064
211.7181802164153 0.0036575419341753
212.1020719188946 0.0036317534111724257
212.4859636213739 0.003728916230163328
212.8698553238532 0.003660407325620064
213.2537470263325 0.003686716828885622
213.6376387288118 0.0036749947729754965
214.02153043129107 0.003703648687422863
214.40542213377037 0.0038002905261508044
214.78931383624968 0.003723966917667551
215.17320553872898 0.0037547047531662045
215.55709724120825 0.0037698131807837715
215.94098894368756 0.0037841401380075907
216.32488064616686 0.003806021309040614
216.70877234864614 0.0038002905261508044
217.09266405112544 0.0037896104307657765
217.47655575360474 0.0038727067826639255
217.86044745608405 0.0038456158090046256
218.24433915856332 0.003829986401123811
218.62823086104262 0.003897192855010089
219.01212256352193 0.0037909128814227677
219.3960142660012 0.0038997977563235108
219.7799059684805 0.003897453345141431
220.1637976709598 0.003902923637899617
220.5476893734391 0.003943039118126601
220.9315810759184 0.003980810187170923
221.3154727783977 0.003941736667469598
221.699364480877 0.003973776953624979
222.08325618335627 0.003983154598353003
222.46714788583557 0.003983675578615687
222.85103958831488 0.0039703905819172365
223.23493129079418 0.004003212338466645
223.61882299327345 0.00400816165096185
224.00271469575276 0.003984978029272397
224.38660639823206 0.003984457049010009
224.77049810071134 0.003995397634526084
225.15438980319064 0.004046453700269148
225.53828150566994 0.004055310364735081
225.92217320814922 0.004097509766012212
226.30606491062852 0.0040730236936660485
226.68995661310782 0.004093341923910737
227.07384831558713 0.004092039473254329
227.4577400180664 0.004134238874531457
227.8416317205457 0.0041193909370449535
228.225523423025 0.004116786035731837
228.60941512550428 0.004190504742901363
228.9933068279836 0.0041654976902925165
229.3771985304629 0.004209781012620684
229.7610902329422 0.0041681025916062465
230.14498193542147 0.004215772285641553
230.52887363790077 0.004232964634310136
230.91276534038008 0.004220461108006025
231.29665704285935 0.004258232177050326
231.68054874533865 0.004262660509283143
232.06444044781796 0.004323615200017209
232.44833215029726 0.004311632653975789
232.83222385277654 0.004249375512584692
233.21611555525584 0.0043410680388171335
233.60000725773514 0.0042795923678207
233.98389896021442 0.004456986147264396
234.36779066269372 0.004403325180207911
234.75168236517302 0.004346538331575319
235.13557406765233 0.004397854887450051
235.5194657701316 0.004466624282124056
235.9033574726109 0.00442260144992723
236.2872491750902 0.004561963670195624
236.67114087756948 0.004560140239275892
237.0550325800488 0.0045434688708699935
237.4389242825281 0.004558316808356497
237.8228159850074 0.0045674339629538105
238.20670768748667 0.004615364147120431
238.59059938996597 0.00455623288730576
238.97449109244528 0.004635942867496805
239.35838279492455 0.004685956972714156
239.74227449740386 0.004683352071400734
240.12616619988316 0.00470236785098906
240.51005790236243 0.0047057542226961605
240.89394960484174 0.0047654064627735155
241.27784130732104 0.004763843521985463
241.66173300980034 0.0048610063409764495
242.04562471227962 0.0048052614528688664
242.42951641475892 0.004856578008743272
242.81340811723823 0.00486699761399732
243.1972998197175 0.004931859656701157
243.5811915221968 0.00490685260409231
243.9650832246761 0.004995940229011329
244.3489749271554 0.005013393067811625
244.73286662963469 0.004999326600718778
245.116758332114 0.005033971788187285
245.5006500345933 0.00501026718623552
245.88454173707257 0.005079297071040821
246.26843343955187 0.005121756962449594
246.65232514203117 0.00512253843284362
247.03621684451048 0.005181930182790017
247.42010854698975 0.005261379672848993
247.80400024946906 0.005257993301141545
248.18789195194836 0.005212928508419736
248.57178365442763 0.005248355166281884
248.95567535690694 0.005267631436001205
249.33956705938624 0.005311914758329372
249.72345876186554 0.005323636814240164
250.10735046434482 0.005373650919457465
250.49124216682412 0.00542965629769603
250.87513386930343 0.005462478054245546
251.2590255717827 0.005516920491695654
251.642917274262 0.005469250797660038
252.0268089767413 0.005601058804119172
252.4107006792206 0.005621898014626961
252.79459238169989 0.005526558626555314
253.1784840841792 0.005607310567271384
253.5623757866585 0.005653156830388023
253.94626748913777 0.005681029274441216
254.33015919161707 0.005681810744835242
254.71405089409637 0.005728698968476832
255.09794259657568 0.0057102041691519615
255.48183429905495 0.005763344155945339
255.86572600153426 0.0057742847414621375
256.24961770401353 0.005817005123002255
256.6335094064928 0.005927452938690463
257.01740110897214 0.005941258915652476
257.4012928114514 0.005988668119556753
257.7851845139307 0.005958190774188835
258.16907621641 0.005991012530738833
258.5529679188893 0.006027481149125846
258.9368596213686 0.006106930639186103
259.3207513238479 0.006120215635883648
259.70464302632723 0.006172313662152991
260.0885347288065 0.006081142116183227
260.4724264312858 0.006269215991011354
260.8563181337651 0.006266871579830203
261.2402098362444 0.006217638945006531
261.62410153872366 0.006308029020581333
262.007993241203 0.006305424119268846
262.39188494368227 0.006382008217883447
262.77577664616155 0.006393730273792898
263.1596683486409 0.006429677911919066
263.54356005112015 0.006468751431620393
263.9274517535994 0.006577636306520451
264.31134345607876 0.006575552385470688
264.69523515855803 0.00659013983282585
265.0791268610373 0.006558881017063817
265.46301856351664 0.00657815728678411
265.8469102659959 0.006637809526860487
266.23080196847525 0.006676622556431455
266.6146936709545 0.006685218730765745
266.9985853734338 0.006789414783301613
267.38247707591313 0.006776650766866852
267.7663687783924 0.0068251019312964975
268.1502604808717 0.006814421835910459
268.534152183351 0.006792280174747383
268.9180438858303 0.006863914960866482
269.30193558830956 0.00688501466150418
269.6858272907889 0.0069780096383943585
270.06971899326817 0.006993378556143546
270.45361069574744 0.006933986806196502
270.8375023982268 0.006996764927850996
271.22139410070605 0.006911584654901079
271.6052858031854 0.007079340299486467
271.98917750566466 0.007098616569205788
272.37306920814393 0.007065013342261601
272.75696091062326 0.0071343037171996675
273.14085261310254 0.007154100967181673
273.5247443155818 0.007123884111944925
273.90863601806115 0.007140294990220538
274.2925277205404 0.007144723322453354
274.6764194230197 0.0071223211711568726
275.060311125499 0.007128051954047455
275.4442028279783 0.007107994213934108
275.8280945304576 0.007053812266613888
276.2119862329369 0.007078037848829756
276.5958779354162 0.007157747829019403
276.9797696378955 0.007062147950817883
277.3636613403748 0.007029847174531453
277.74755304285407 0.00703818285873336
278.1314447453334 0.007097053628417734
278.5153364478127 0.007017343648227028
278.89922815029195 0.007074390986989918
279.2831198527713 0.007019688059409107
279.66701155525055 0.007030889135056821
280.05090325772983 0.006958993858805348
280.43479496020916 0.006893350345708149
280.81868666268844 0.006817287227356232
281.2025783651677 0.006851411434561043
281.58647006764704 0.00682770683260992
281.9703617701263 0.006728720582699891
282.3542534726056 0.0066925124544423365
282.7381451750849 0.006607071691363093
283.1220368775642 0.006628952862394853
283.50592858004353 0.006600038457816852
283.8898202825228 0.006442702418486175
284.2737119850021 0.006495581915147676
284.6576036874814 0.006447651730981677
285.0414953899607 0.006367420770528285
285.42538709243996 0.006395553704712293
285.8092787949193 0.006224932668684111
286.19317049739857 0.0061639779779500406
286.57706219987784 0.006093906132618092
286.9609539023572 0.0061290723003501885
287.34484560483645 0.006116568774045763
287.7287373073157 0.005937872543944149
288.11262900979506 0.005949073619592742
288.49652071227433 0.005851650310469899
288.88041241475366 0.005811274340112727
289.26430411723294 0.005724270636244438
289.6481958197122 0.005704212896130247
290.03208752219155 0.005594546550836032
290.4159792246708 0.005493736870006608
290.7998709271501 0.005424706985200127
291.1837626296294 0.005418455222048717
291.5676543321087 0.0053403081826460625
291.951546034588 0.005193391748568304
292.3354377370673 0.0051616119525453264
292.7193294395466 0.005130874117046949
293.10322114202586 0.005096228929577684
293.4871128445052 0.004951396416552186
293.87100454698447 0.004867779084390626
294.2548962494638 0.004847200364015313
294.6387879519431 0.004728677354254621
295.02267965442235 0.004659126489185569
295.4065713569017 0.004607288953049164
295.79046305938095 0.004572383275449312
296.17435476186023 0.004484337611054991
296.55824646433956 0.004435625956494667
296.94213816681884 0.004331429903957794
297.3260298692981 0.004232443654047138
297.70992157177744 0.0041462214205735025
298.0938132742567 0.004114962604812441
298.477704976736 0.00402353056871074
298.8615966792153 0.0040118085128009375
299.2454883816946 0.0038615057070164986
299.6293800841739 0.0038643710984606907
300.0132717866532 0.0037255298584558797
300.3971634891325 0.003726832309112039
300.7810551916118 0.0036557185032561755
301.1649468940911 0.003601276065805659
301.54883859657036 0.0035278178487666415
301.9327302990497 0.0034270081679377397
302.31662200152897 0.0034509732600212207
302.70051370400824 0.0033142159410660846
303.0844054064876 0.0032092384181356764
303.46829710896685 0.003183189405001458
303.8521888114461 0.0031284864774191365
304.23608051392546 0.003018559641993199
304.61997221640473 0.003003711704506695
305.003863918884 0.0029388496618020566
305.38775562136334 0.00290759084604143
305.7716473238426 0.0028179822408593022
306.15553902632195 0.002771354507349469
306.5394307288012 0.002699719721230369
306.9233224312805 0.0026567388495585156
307.3072141337598 0.002555929168729485
307.6911058362391 0.002504091632592391
308.0749975387184 0.002432717336604273
308.4588892411977 0.0024220372412196035
308.842780943677 0.002319404129470784
309.22667264615626 0.0022759022775363028
309.6105643486356 0.0022165105275906228
309.99445605111487 0.0022107797447010946
310.37834775359414 0.0021149193763668585
310.7622394560735 0.0020503178237943104
311.14613115855275 0.002032344004731399
311.5300228610321 0.001967481962027497
311.91391456351136 0.0018695376726428367
312.29780626599063 0.0018791758075022192
312.68169796846996 0.0017911301431088398
313.06558967094924 0.001778366126673073
313.4494813734285 0.001720797807646196
313.83337307590784 0.0016757330149242539
314.2172647783871 0.0016061821498558912
314.6011564808664 0.001614778324189944
314.9850481833457 0.0015553865742441659
315.368939885825 0.0015019860973190186
315.7528315883043 0.001458223755253316
316.1367232907836 0.0014173268046328096
316.5206149932629 0.0014050837684597272
316.90450669574216 0.0013316255514210346
317.2883983982215 0.0013027111468422497
317.67229010070076 0.001281090465940659
318.0561818031801 0.0012355046929559668
318.44007350565937 0.0012097161699530909
318.82396520813865 0.0011412072654099282
319.207856910618 0.0011055201174162183
319.59174861309725 0.0010838994365148173
319.9756403155765 0.001062539245744601
320.35953201805586 0.0010114831800016907
320.74342372053513 0.001015911512234508
321.1273154230144 0.0009502679991361374
321.51120712549374 0.0009341176109930629
321.895098827973 0.0008705580189455706
322.2789905304523 0.0008588359630350453
322.6628822329316 0.0008481558676501431
323.0467739354109 0.000791108528886088
323.43066563789023 0.0007731347098235946
323.8145573403695 0.000776521081531043
324.1984490428488 0.000729111877626658
324.5823407453281 0.0006929037493702027
324.9662324478074 0.0006718040487314861
325.35012415028666 0.000692382769107416
325.734015852766 0.0006165801408869436
326.11790755524527 0.0006191850422003655
326.50179925772454 0.0006160591606241681
326.8856909602039 0.0005829769139438022
327.26958266268315 0.0005444243745051594
327.6534743651624 0.0005452058448991052
328.03736606764176 0.0005009225225710151
328.42125777012103 0.0004886794863978601
328.80514947260036 0.00048008331206364057
329.18904117507964 0.0004720081179920329
329.5729328775589 0.0004303296969772201
329.95682458003824 0.00042043107198628095
330.3407162825175 0.0004212125423803075
330.7246079849968 0.0003988103910848208
331.1084996874761 0.0003797946114969006
331.4923913899554 0.00039125617727595665
331.8762830924347 0.0003542665786253144
332.260174794914 0.0003388976608761781
332.6440664973933 0.0003297805062792018
333.02795819987256 0.00030659688458970223
333.4118499023519 0.0002894045359211636
333.79574160483116 0.00027898493066747643
334.17963330731044 0.00026309503265556437
334.56352500978977 0.00026517895370634076
334.94741671226905 0.00025866670042274797
335.3313084147484 0.00023730650965272734
335.71520011722765 0.00022610543400501356
336.0990918197069 0.00022115612150947937
336.48298352218626 0.00021047602612448267
336.86687522466553 0.0002068291642856921
337.2507669271448 0.00019198122679915935
337.63465862962414 0.00018390603272758015
338.0185503321034 0.00018078015115147397
338.4024420345827 0.0001747888781305779
338.786333737062 0.00016306682222020564
339.1702254395413 0.00015394966762322926
339.5541171420206 0.00015212623670381146
339.9380088444999 0.00014326957223819985
340.3219005469792 0.00013076604593375576
340.7057922494585 0.00013623633869196093
341.0896839519378 0.00011878349989203478
341.47357565441706 0.00012711918409496575
341.8574673568964 0.00011175026634579587
342.24135905937567 0.00011331320713384896
342.62525076185494 0.00010758242424430502
343.0091424643343 9.716281899063371e-05
343.39303416681355 0.00010263311174881951
343.7769258692928 9.559987820256646e-05
344.16081757177216 9.221350649513226e-05
344.54470927425143 8.674321373694644e-05
344.9286009767307 7.997047032203789e-05
345.31249267921004 7.47606676952061e-05
345.6963843816893 6.824841441165156e-05
346.0802760841686 6.642498349224645e-05
346.4641677866479 6.590400322957192e-05
346.8480594891272 5.939174994600859e-05
347.2319511916065 5.313998679380503e-05
347.6158428940858 5.4442437450515934e-05
347.9997345965651 4.1417930883400724e-05
348.3836262990444 5.1316555874409756e-05
348.7675180015237 4.5846263116223946e-05
349.15140970400296 4.298087167145359e-05
349.5353014064823 4.272038154011777e-05
349.91919310896157 4.662773351025049e-05
350.30308481144084 3.5687147993873584e-05
350.6869765139202 3.959449996401159e-05
351.07086821639945 3.881302956998504e-05
351.4547599188787 2.9435384841662154e-05
351.83865162135805 2.7872444053613423e-05
352.22254332383733 3.464518746850501e-05
352.60643502631666 2.7090973659586875e-05
352.99032672879594 2.735146379092906e-05
353.3742184312752 2.2402151295424292e-05
353.75811013375454 2.2662641426769793e-05
354.1420018362338 2.6569993396902514e-05
354.5258935387131 2.136019077005572e-05
354.9097852411924 2.422558221482288e-05
355.2936769436717 2.031823024469016e-05
355.677568646151 1.7452838799923577e-05
356.0614603486303 1.9536759850663615e-05
356.4453520511096 1.5368917749188706e-05
356.82924375358886 1.6410878274555005e-05
357.2131354560682 1.4847937486504348e-05
357.59702715854746 1.2503526304422861e-05
357.9809188610268 9.377644728318535e-06
358.36481056350607 1.3024506567109073e-05
358.74870226598534 1.2503526304422861e-05
359.1325939684647 1.0680095385029442e-05
359.51648567094395 8.335684202949807e-06
359.9003773734232 9.898624991001432e-06
360.28426907590256 6.251763152212356e-06
360.66816077838183 7.033233546238901e-06
361.0520524808611 8.335684202948574e-06
361.43594418334044 7.293723677581082e-06
361.8198358858197 6.512253283554537e-06
362.203727588299 7.293723677580002e-06
362.5876192907783 6.251763152212356e-06
362.9715109932576 4.688822364159268e-06
363.35540269573687 4.167842101474287e-06
363.7392943982162 4.688822364159268e-06
364.1231861006955 5.9912730208692876e-06
364.5070778031748 4.688822364159268e-06
364.8909695056541 2.344411182079634e-06
365.27486120813336 4.42833223281643e-06
365.6587529106127 4.428332232817086e-06
366.04264461309197 2.8653914447639966e-06
366.42653631557124 5.209802626842859e-06
366.8104280180506 3.646861838790541e-06
367.19431972052985 2.604901313421815e-06
367.5782114230091 2.6049013134214296e-06
367.96210312548845 1.562940788053089e-06
368.34599482796773 1.8234309193952705e-06
368.729886530447 1.8234309193950005e-06
369.11377823292634 1.3024506567109075e-06
369.4976699354056 2.0839210507371435e-06
369.88156163788494 2.344411182079634e-06
370.2654533403642 1.8234309193952705e-06
370.6493450428435 1.5629407880528577e-06
371.0332367453228 1.8234309193952705e-06
371.4171284478021 2.604901313421815e-07
371.8010201502814 1.0419605253685718e-06
372.1849118527607 2.604901313421815e-07
372.56880355524 2.604901313421815e-07
372.95269525771926 2.6049013134214294e-07
373.3365869601986 1.562940788053089e-06
373.72047866267786 2.604901313421815e-07
374.10437036515714 5.209802626842859e-07
374.48826206763647 1.041960525368726e-06
374.87215377011574 2.6049013134214294e-07
375.2560454725951 0.0
375.63993717507435 2.604901313421815e-07
376.0238288775536 7.814703940264288e-07
376.40772058003296 0.0
376.79161228251223 7.814703940265446e-07
377.1755039849915 2.6049013134214294e-07
377.55939568747084 5.20980262684363e-07
377.9432873899501 0.0
378.3271790924294 0.0
378.7110707949087 0.0
379.094962497388 0.0
379.47885419986727 2.6049013134214294e-07
379.8627459023466 0.0
380.2466376048259 2.604901313421815e-07
380.63052930730515 0.0
381.0144210097845 7.814703940265446e-07
381.39831271226376 0.0
381.7822044147431 2.604901313421815e-07
382.16609611722237 0.0
382.54998781970164 7.814703940264288e-07
382.933879522181 0.0
383.31777122466025 2.604901313421815e-07
383.7016629271395 2.6049013134214294e-07
384.08555462961885 0.0
384.46944633209813 2.604901313421815e-07
384.8533380345774 2.6049013134214294e-07
385.23722973705674 0.0
385.621121439536 0.0
386.0050131420153 2.6049013134214294e-07
