1.8104277428232338 1.665623444542775e-06
2.230690799454353 9.517848254530141e-07
2.650953856085472 9.517848254530133e-07
3.071216912716592 4.7589241272650706e-07
3.491479969347711 4.7589241272650706e-07
3.91174302597883 1.6656234445427731e-06
4.33200608260995 1.4276772381795228e-06
4.7522691392410685 4.7589241272650664e-07
5.172532195872188 1.6656234445427731e-06
5.592795252503308 9.517848254530152e-07
6.0130583091344265 4.7589241272650664e-07
6.433321365765546 1.4276772381795197e-06
6.853584422396666 2.8553544763590457e-06
7.2738474790277845 1.1897310318162664e-06
7.694110535658904 1.9035696509060344e-06
8.114373592290022 4.758924127265046e-07
8.534636648921143 7.138386190897629e-07
8.954899705552261 4.7589241272650664e-07
9.37516276218338 7.138386190897598e-07
9.7954258188145 1.4276772381795258e-06
10.215688875445618 9.517848254530092e-07
10.63595193207674 1.1897310318162715e-06
11.056214988707858 0.0
11.476478045338979 4.758924127265086e-07
11.896741101970097 7.138386190897629e-07
12.317004158601215 7.138386190897569e-07
12.737267215232336 1.6656234445427803e-06
13.157530271863454 1.4276772381795137e-06
13.577793328494575 4.758924127265086e-07
13.998056385125693 1.1897310318162715e-06
14.418319441756811 9.517848254530092e-07
14.838582498387932 9.517848254530172e-07
15.25884555501905 2.379462063632523e-07
15.679108611650172 4.758924127265086e-07
16.09937166828129 7.138386190897629e-07
16.519634724912407 4.758924127265046e-07
16.93989778154353 9.517848254530172e-07
17.360160838174647 9.517848254530092e-07
17.780423894805768 9.517848254530172e-07
18.200686951436886 2.1415158572692887e-06
18.620950008068004 1.1897310318162615e-06
19.041213064699125 1.1897310318162715e-06
19.461476121330243 4.758924127265086e-07
19.88173917796136 9.517848254530092e-07
20.302002234592482 1.9035696509060344e-06
20.7222652912236 1.6656234445427661e-06
21.14252834785472 4.758924127265086e-07
21.56279140448584 9.517848254530092e-07
21.98305446111696 9.517848254530172e-07
22.40331751774808 1.1897310318162715e-06
22.823580574379196 4.758924127265046e-07
23.243843631010318 1.4276772381795258e-06
23.664106687641436 1.9035696509060183e-06
24.084369744272557 1.9035696509060344e-06
24.504632800903675 2.1415158572692887e-06
24.924895857534793 1.4276772381795137e-06
25.345158914165914 1.4276772381795258e-06
25.765421970797032 3.0933006827222796e-06
26.185685027428153 7.138386190897629e-07
26.60594808405927 3.3312468890855606e-06
27.02621114069039 3.5691930954487844e-06
27.44647419732151 5.9486551590813575e-06
27.86673725395263 4.283031714538542e-06
28.28700031058375 3.3312468890855606e-06
28.707263367214868 3.5691930954488145e-06
29.127526423845985 7.138386190897569e-06
29.547789480477107 5.47276274635485e-06
29.968052537108225 8.32811722271383e-06
30.388315593739346 6.9004399845343755e-06
30.808578650370464 4.758924127265086e-06
31.228841707001582 5.472762746354803e-06
31.649104763632703 5.710708952718103e-06
32.06936782026382 5.710708952718055e-06
32.48963087689494 1.0469633079983101e-05
32.909893933526064 1.2135256524526073e-05
33.33015699015718 9.993740667256598e-06
33.7504200467883 1.5228557207248146e-05
34.17068310341942 1.451471858815839e-05
34.59094616005054 1.2611148937252373e-05
35.011209216681664 1.5704449619974916e-05
35.43147227331278 1.54665034136114e-05
35.8517353299439 1.4276772381795138e-05
36.27199838657502 1.3562933762705612e-05
36.692261443206135 1.1659364111799362e-05
37.11252449983726 1.3562933762705382e-05
37.53278755646838 1.1183471699073047e-05
37.95305061309949 1.570444961997465e-05
38.373313669730614 1.7132126858154167e-05
38.793576726361735 1.760801927088067e-05
39.213839782992856 1.808391168360748e-05
39.63410283962397 1.9749535128149943e-05
40.05436589625509 1.9035696509060185e-05
40.47462895288621 1.3800879969068868e-05
40.89489200951733 1.689418065179091e-05
41.31515506614845 1.8797750302696932e-05
41.73541812277957 1.855980409633368e-05
42.15568117941069 2.3556674429962377e-05
42.575944236041806 2.3318728223598725e-05
42.99620729267293 2.3318728223598725e-05
43.41647034930405 2.3794620636325633e-05
43.83673340593516 2.0939266159966202e-05
44.256996462566285 2.260488960450897e-05
44.677259519197406 2.688792131904796e-05
45.09752257582852 1.8797750302696932e-05
45.51778563245964 1.760801927088067e-05
45.93804868909076 2.260488960450897e-05
46.358311745721885 2.4746405461778657e-05
46.778574802353 2.5222297874504746e-05
47.19883785898412 2.260488960450897e-05
47.61910091561524 2.4746405461778657e-05
48.039363972246356 2.59361364935945e-05
48.45962702887748 2.5460244080867998e-05
48.8798900855086 2.6649975112684705e-05
49.30015314213971 3.474014612903484e-05
49.720416198770835 2.9505329589043282e-05
50.140679255401956 2.974327579540654e-05
50.56094231203308 2.688792131904796e-05
50.98120536866419 3.0457114414496293e-05
51.40146842529531 2.7125867525410763e-05
51.821731481926435 3.0933006827223327e-05
52.24199453855755 3.4978092335398086e-05
52.66225759518867 2.6887921319047507e-05
53.08252065181979 3.402630750994566e-05
53.502783708450906 3.854728543084687e-05
53.92304676508203 3.2598630271765566e-05
54.34330982171315 3.711960819266736e-05
54.76357287834427 3.664371577994147e-05
55.183835934975384 3.521603854176134e-05
55.604098991606506 3.783344681175711e-05
56.02436204823763 4.045085508175357e-05
56.44462510486874 3.735755439903061e-05
56.86488816149986 4.544772541538119e-05
57.285151218130984 3.9499070256299885e-05
57.705414274762106 4.068880128811683e-05
58.12567733139322 3.54539847481246e-05
58.54594038802434 3.2360684065402314e-05
58.96620344465546 4.806513368537778e-05
59.38646650128658 4.449594058992818e-05
59.8067295579177 3.997496266902639e-05
60.22699261454882 4.473388679629219e-05
60.647255671179934 4.2830317145385415e-05
61.067518727811056 4.1878532319932404e-05
61.48778178444218 4.8065133685376965e-05
61.9080448410733 5.044459574901034e-05
62.32830789770441 5.829682055899681e-05
62.748570954335534 5.353789643173177e-05
63.168834010966656 5.924860538445082e-05
63.58909706759777 6.0914228828992586e-05
64.00936012422889 5.163432678082662e-05
64.42962318086 5.1872272987189874e-05
64.84988623749112 5.829682055899583e-05
65.27014929412225 5.2110219193553134e-05
65.69041235075336 5.3775842638094106e-05
66.11067540738449 5.329995022536941e-05
66.5309384640156 5.472762746354896e-05
66.95120152064672 5.972449779717532e-05
67.37146457727785 6.281779847989966e-05
67.79172763390896 5.805887435263257e-05
68.21199069054009 5.758298193990803e-05
68.6322537471712 5.2110219193553134e-05
69.05251680380232 4.973075712991889e-05
69.47277986043345 5.115843436810011e-05
69.89304291706456 5.734503573354477e-05
70.31330597369568 6.139012124171806e-05
70.7335690303268 6.495931433716898e-05
71.15383208695792 6.519726054353223e-05
71.57409514358903 5.3299950225367615e-05
71.99435820022016 6.353163709898943e-05
72.41462125685128 6.329369089262618e-05
72.83488431348239 6.781466881352576e-05
73.25514737011352 6.638699157534851e-05
73.67541042674463 5.7820928146271284e-05
74.09567348337575 6.567315295625653e-05
74.51593654000688 6.234190606717316e-05
74.93619959663799 6.900439984534201e-05
75.35646265326912 6.448342192444246e-05
75.77672570990023 7.542894741715226e-05
76.19698876653135 6.924234605170525e-05
76.61725182316248 6.5911099162622e-05
77.03751487979359 6.710083019443829e-05
77.4577779364247 6.757672260716252e-05
77.87804099305583 7.400127017897273e-05
78.29830404968695 6.21039598608099e-05
78.71856710631806 5.9962444003538566e-05
79.13883016294919 5.306200401900616e-05
79.5590932195803 6.162806744808339e-05
79.97935627621142 6.0914228828991556e-05
80.39961933284255 6.75767226071648e-05
80.81988238947366 6.686288398807503e-05
81.24014544610478 6.543520674989327e-05
81.6604085027359 7.209770052806666e-05
82.08067155936702 7.709457086169245e-05
82.50093461599815 6.924234605170759e-05
82.92119767262926 7.661867844896853e-05
83.34146072926038 6.710083019443602e-05
83.7617237858915 7.185975432170341e-05
84.18198684252262 6.995618467079736e-05
84.60224989915373 6.638699157534627e-05
85.02251295578486 6.710083019443829e-05
85.44277601241598 7.257359294079317e-05
85.86303906904709 7.685662465532918e-05
86.28330212567822 6.876645363898107e-05
86.70356518230933 7.090796949625039e-05
87.12382823894045 7.876019430623518e-05
87.54409129557158 7.994992533805412e-05
87.96435435220269 8.494679567168251e-05
88.3846174088338 8.423295705258989e-05
88.80488046546493 8.304322602077646e-05
89.22514352209605 7.614278603624203e-05
89.64540657872716 8.18534949889574e-05
90.06566963535829 7.852224809987458e-05
90.4859326919894 6.781466881352576e-05
90.90619574862053 7.447716259169923e-05
91.32645880525165 7.185975432170341e-05
91.74672186188276 8.256733360804715e-05
92.16698491851389 8.351911843350297e-05
92.587247975145 7.852224809987458e-05
93.00751103177612 8.494679567167964e-05
93.42777408840725 7.376332397260946e-05
93.84803714503836 6.995618467079736e-05
94.26830020166948 7.685662465532918e-05
94.6885632583006 7.757046327442156e-05
95.10882631493172 9.279902048166997e-05
95.52908937156283 8.23293874016839e-05
95.94935242819396 8.87539349734946e-05
96.36961548482508 7.923608671896435e-05
96.78987854145619 8.613652670349587e-05
97.21014159808732 8.66124191162253e-05
97.63040465471843 8.708831152894887e-05
98.05066771134956 9.04195584180374e-05
98.47093076798068 8.732625773531508e-05
98.89119382461179 9.137134324348735e-05
99.31145688124292 8.685036532258856e-05
99.73171993787403 9.232312806894345e-05
100.15198299450515 0.00010564811562528223
100.57224605113628 0.00010088919149802068
100.99250910776739 9.113339703712717e-05
101.4127721643985 0.00010398249218073949
101.83303522102963 9.20851818625802e-05
102.25329827766075 9.898562184711463e-05
102.67356133429186 0.00010065124529165401
103.09382439092299 0.00010422043838710627
103.5140874475541 9.898562184711463e-05
103.93435050418522 0.00010469633079982925
104.35461356081635 9.827178322802486e-05
104.77487661744746 0.0001089793625143714
105.19513967407858 0.00010683784665709848
105.6154027307097 0.00010541016941892256
106.03566578734082 0.00011064498595891046
106.45592884397195 0.00011350034043527325
106.87619190060306 0.00010921730872073465
107.29645495723418 0.00012087667283253013
107.7167180138653 0.00010778963148255511
108.13698107049642 0.00010945525492709792
108.55724412712753 0.00011754542594344463
108.97750718375866 0.00011564185629254257
109.39777024038978 0.00011849721076890164
109.81803329702089 0.00012587354316615832
110.23829635365202 0.0001368190686588724
110.65855941028313 0.0001330119293570603
111.07882246691425 0.0001325360369443293
111.49908552354538 0.00012135256524526074
111.91934858017649 0.00013253603694433376
112.3396116368076 0.00013872263830977375
112.75987469343873 0.00013491549900796634
113.18013775006985 0.00013420166038887203
113.60040080670097 0.00014705075553249241
114.02066386333209 0.00014015031554795795
114.4409269199632 0.000136105230039778
114.86118997659433 0.00013919853072250494
115.28145303322545 0.00014562307829431287
115.70171608985656 0.00014252977761158574
116.12197914648769 0.00014919227138976171
116.5422422031188 0.00014895432518339846
116.96250525974992 0.00014705075553248743
117.38276831638105 0.00015561681896156962
117.80303137301216 0.00017441456926426687
118.22329442964327 0.00015537887275520113
118.6435574862744 0.00016941769893063848
119.06382054290552 0.00015609271137429615
119.48408359953663 0.00016061368929519258
119.90434665616776 0.00016227931273974082
120.32460971279887 0.00018773955682060923
120.74487276942999 0.0001779837623597097
121.16513582606112 0.0001998748133451353
121.58539888269223 0.0001922605347415046
122.00566193932336 0.00018536009475697668
122.42592499595447 0.00019130874991605808
122.84618805258559 0.00020273016782148753
123.26645110921672 0.00019440205059878041
123.68671416584783 0.0002091547153933023
124.10697722247895 0.0002143895319332867
124.52724027911007 0.00022390738018782423
124.94750333574119 0.00023128371258508514
125.3677663923723 0.0002272386270769021
125.78802944900343 0.00024341896910961124
126.20829250563455 0.00022890425052145256
126.62855556226566 0.00022081407950509438
127.04881861889679 0.0002424671842841582
127.4690816755279 0.00023556674429962377
127.88934473215902 0.00024389486152232948
128.30960778879015 0.00025460244080868425
128.72987084542126 0.00024651226979233355
129.15013390205237 0.00026531002009503083
129.5703969586835 0.00026935510560318796
129.99066001531463 0.00027435197593683454
130.41092307194575 0.000318372024114037
130.83118612857686 0.00030671266000223743
131.25144918520797 0.00029457740347771133
131.6717122418391 0.0002919599952077155
132.0919752984702 0.0002910082103822428
132.51223835510135 0.0003083782834467802
132.93250141173246 0.00032194121720948576
133.35276446836357 0.0003224171096222123
133.7730275249947 0.0003445461068139952
134.1932905816258 0.00034859119232214696
134.61355363825695 0.0003550157398939784
135.03381669488806 0.0003878523163721078
135.45407975151917 0.00041045720597661714
135.8743428081503 0.0004016531963411767
136.2946058647814 0.0004278272790411349
136.71486892141252 0.00043591745005745606
137.13513197804366 0.0004482906527883749
137.55539503467477 0.00044400762107383625
137.9756580913059 0.00045995001690017444
138.395921147937 0.0004782718747901452
138.81618420456812 0.00048659999201285917
139.23644726119923 0.0005142017519509622
139.65671031783037 0.0005479901132545794
140.0769733744615 0.0005494177904927589
140.4972364310926 0.000582016420764525
140.91749948772372 0.0006158047820681074
141.33776254435483 0.0006158047820680658
141.75802560098597 0.0006519726054353223
142.1782886576171 0.0006431685957998818
142.5985517142482 0.0007105073722006834
143.01881477087932 0.0007521479583142532
143.43907782751043 0.0007019413087716061
143.85934088414155 0.0008047340699204785
144.2796039407727 0.000838284485017752
144.6998669974038 0.0008547027732568167
145.12013005403492 0.0009317973441185117
145.54039311066603 0.0009279902048166996
145.96065616729715 0.0009708205219620859
146.38091922392826 0.0010759927451745724
146.8011822805594 0.001021978956330186
147.22144533719052 0.0011364310815909122
147.64170839382163 0.0012406515199780185
148.06197145045275 0.0012473140137561898
148.48223450708386 0.0014931124449293323
148.902497563715 0.0015478400723929824
149.32276062034612 0.0016908457424172994
149.74302367697723 0.002047051213343094
150.16328673360835 0.00212129042972843
150.58354979023946 0.002357808958853507
151.00381284687057 0.0026978340877464174
151.42407590350172 0.0026633318878239278
151.84433896013283 0.00322321931139667
152.26460201676394 0.003425949479218164
152.68486507339506 0.003515655199017112
153.10512813002617 0.004091485018416192
153.5253911866573 0.004247101837377475
153.94565424328843 0.004425323545943841
154.36591729991954 0.004765824567249661
154.78618035655066 0.004874565983557669
155.20644341318177 0.005068016249330997
155.6267064698129 0.005180326858734103
156.04696952644403 0.005258849106834328
156.46723258307514 0.005325711990822403
156.88749563970626 0.005411372625113175
157.30775869633737 0.005461103382243096
157.7280217529685 0.005461579274655823
158.1482848095996 0.005461103382242726
158.56854786623074 0.00554105330758115
158.98881092286186 0.005505123430420298
159.40907397949297 0.005490608711832139
159.8293370361241 0.005419462796129526
160.2496000927552 0.0053656869534914305
160.66986314938632 0.005381867295523768
161.09012620601746 0.005173426418749919
161.51038926264857 0.005248617419960707
161.9306523192797 0.005116795221635464
162.3509153759108 0.0051674777635908374
162.77117843254192 0.00515367688362142
163.19144148917306 0.005114891651984558
163.61170454580417 0.005010671213597452
164.0319676024353 0.005105849696142754
164.4522306590664 0.004992825248120207
164.87249371569752 0.004959274833022989
165.29275677232863 0.004947853415117217
165.71301982895977 0.004817458894030487
166.1332828855909 0.004817934786443214
166.553545942222 0.004752975472106046
166.97380899885312 0.0047917607037432555
167.39407205548423 0.004832449505031373
167.81433511211534 0.004666363052989504
168.2345981687465 0.004654227796465293
168.6548612253776 0.004661128236449828
169.07512428200872 0.004452211467262889
169.49538733863983 0.0044648226162001415
169.91565039527094 0.004434365501785645
170.33591345190206 0.004283269660744687
170.7561765085332 0.004307778120000392
171.17643956516432 0.004230921495345061
171.59670262179543 0.004152875139657912
172.01696567842654 0.004128842572815224
172.43722873505766 0.004042943992317815
172.8574917916888 0.00399773421310907
173.27775484831992 0.003899462429881044
173.69801790495103 0.003853538812052936
174.11828096158214 0.003853538812052936
174.53854401821326 0.0037766821873976043
174.95880707484437 0.00371505411994927
175.37907013147552 0.003721240721314966
175.79933318810663 0.003684359059328661
176.21959624473774 0.0036886420910431997
176.63985930136886 0.0036517604290568946
177.06012235799997 0.0036305832166905645
177.4803854146311 0.003655805514564823
177.90064847126223 0.0036289175932460224
178.32091152789334 0.003550395345146148
178.74117458452446 0.003574903804401563
179.16143764115557 0.0035280284017480015
179.5817006977867 0.003482818622538747
180.00196375441783 0.003474014612903542
180.42222681104894 0.003425711533011801
180.84248986768006 0.0033902575482636765
181.26275292431117 0.003364559357976444
181.6830159809423 0.003272950068526591
182.1032790375734 0.0032950790657181503
182.52354209420454 0.0031722988232349334
182.94380515083566 0.0031175711957713843
183.36406820746677 0.003122330119898649
183.7843312640979 0.0029945530070815806
184.204594320729 0.0030116851339397352
184.62485737736012 0.002932924939633299
185.04512043399126 0.002885097752154483
185.46538349062237 0.002882480343884487
185.8856465472535 0.0028260870929763954
186.3059096038846 0.002757320639337414
186.72617266051572 0.0028056237192289656
187.14643571714686 0.0027137764835729384
187.56669877377797 0.0027030689042865917
187.9869618304091 0.0026592868023157528
188.4072248870402 0.0025969448962485796
188.82748794367131 0.002696406410508421
189.24775100030243 0.002641678783044693
189.66801405693357 0.0026133631844876444
190.0882771135647 0.0026397752133939657
190.5085401701958 0.0026238328175676273
190.92880322682691 0.002621215409297632
191.34906628345803 0.0025591114494368217
191.76932934008914 0.0025253230881330684
192.1895923967203 0.002552686901865014
192.6098554533514 0.002532461474324137
193.03011850998251 0.002531747635705047
193.45038156661363 0.0025517351170395606
193.87064462324474 0.002551735117039388
194.2909076798759 0.002545548515674116
194.711170736507 0.002522229787450517
195.13143379313811 0.002483920448226033
195.55169684976923 0.0025215159488314273
195.97195990640034 0.0024798753627178574
196.39222296303146 0.0024232441656032383
196.8124860196626 0.002396832136697081
197.23274907629371 0.0024251477352543083
197.65301213292483 0.002376844655362567
198.07327518955594 0.002355191550583511
198.49353824618706 0.0023575710126471435
198.91380130281817 0.0023580469050597107
199.33406435944931 0.0023209272968672022
199.75432741608043 0.0023697062691716694
200.17459047271154 0.0023323487147726384
200.59485352934266 0.0023335384458044546
201.01511658597377 0.002353525927138968
201.4353796426049 0.002365185291250608
201.85564269923603 0.00231783399618448
202.27590575586714 0.0023106956099935823
202.69616881249826 0.002361854044361682
203.11643186912937 0.0023556674429962374
203.5366949257605 0.002311885341025242
203.95695798239163 0.0023537638733453314
204.37722103902274 0.0023152165879144837
204.79748409565386 0.002361616098155319
205.21774715228497 0.00237851027880711
205.63801020891609 0.0023877901808552772
206.0582732655472 0.0024170575642377943
206.47853632217834 0.002404922307713432
206.89879937880946 0.0024456111090015486
207.31906243544057 0.002394452674633448
207.73932549207169 0.0024399004000488305
208.1595885487028 0.0024860619640833023
208.57985160533391 0.0024684539448122543
209.00011466196506 0.002535078882594133
209.42037771859617 0.0025124739929896236
209.84064077522729 0.0025384101294832185
210.2609038318584 0.0025867132093749597
210.6811668884895 0.0025700569749293575
211.10142994512066 0.0025588735032304583
211.52169300175177 0.0025831440162795106
211.94195605838289 0.002602893551407661
212.362219115014 0.0026357301278857903
212.7824821716451 0.002657859125077573
213.20274522827623 0.0026718979512528242
213.62300828490737 0.002727577363542007
214.04327134153849 0.002740664404891986
214.4635343981696 0.002761841617258316
214.8837974548007 0.0027930125702919028
215.30406051143183 0.002820376384023677
215.72432356806294 0.002778497851703556
216.14458662469409 0.0028765316887254056
216.5648496813252 0.002905561125901723
216.9851127379563 0.0029364941327289463
217.40537579458743 0.0029433945727134806
217.82563885121854 0.002972186063683234
218.24590190784969 0.002994077114668854
218.6661649644808 0.0030333382387187913
219.0864280211119 0.0030342900235442445
219.50669107774303 0.0030473770648942237
219.92695413437414 0.0031282787750577306
220.34721719100526 0.0031661122218692743
220.7674802476364 0.0032003764755857973
221.1877433042675 0.003217508602443952
221.60800636089863 0.0032260746658730292
222.02826941752974 0.003266049628542056
222.44853247416086 0.003271760337494774
222.86879553079197 0.0033076902146554022
223.2890585874231 0.0033902575482636765
223.70932164405423 0.003333864297355584
224.12958470068534 0.00339858566548639
224.54984775731646 0.003417383415789087
224.97011081394757 0.003462831141204235
225.3903738705787 0.0034552168626008455
225.81063692720983 0.003468303903950824
226.23089998384094 0.0035308837562243608
226.65116304047206 0.00353302527208163
227.07142609710317 0.0035111342210962103
227.49168915373428 0.0036022676181330935
227.91195221036543 0.0036274899160078427
228.33221526699654 0.0035965569091806196
228.75247832362766 0.0035894185229897214
229.17274138025877 0.003661754169724152
229.59300443688988 0.0037421799874749317
230.013267493521 0.0036853108441538642
230.43353055015214 0.0037700196936194335
230.85379360678326 0.0037050603792822645
231.27405666341437 0.003713388496504978
231.69431972004548 0.0037464630191894705
232.1145827766766 0.0037183853668383547
232.53484583330774 0.0037892933363348567
232.95510888993886 0.003824985267289345
233.37537194656997 0.0037754924563657877
233.79563500320108 0.0037980973459702974
234.2158980598322 0.003857108005148385
234.6361611164633 0.003843307125179056
235.05642417309446 0.0038671017458156423
235.47668722972557 0.003898510645055592
235.89695028635668 0.0038761437016574455
236.3172133429878 0.003899462429881044
236.7374763996189 0.003930633382914632
237.15773945625003 0.0039215914270725625
237.57800251288117 0.003959186927678222
237.99826556951228 0.0038901825278328775
238.4185286261434 0.003971798076615475
238.8387916827745 0.0039651355828373034
239.25905473940563 0.0039358681994546224
239.67931779603674 0.003982029763488825
240.09958085266788 0.004016294017205403
240.519843909299 0.003996068589664527
240.9401069659301 0.004033426144063558
241.36037002256123 0.004073401106732585
241.78063307919234 0.004026287757872388
242.20089613582348 0.0040810153853362095
242.6211591924546 0.004026525704079023
243.0414222490857 0.004054603356429888
243.46168530571683 0.004062931473652601
243.88194836234794 0.00404603729300081
244.30221141897906 0.004060789957795058
244.7224744756102 0.004132649712117036
245.1427375322413 0.004136218905212485
245.56300058887243 0.004147164430705195
245.98326364550354 0.0041871393933742215
246.40352670213466 0.00416953137410334
246.82378975876577 0.004173576459611234
247.2440528153969 0.004227352302249612
247.66431587202803 0.004239963451186864
248.08457892865914 0.0041519233548324595
248.50484198529026 0.004194515725771482
248.92510504192137 0.004262330394584722
249.3453680985525 0.004233300957408693
249.76563115518363 0.004292311616586781
250.18589421181474 0.004279462521443164
250.60615726844586 0.004237821935329595
251.02642032507697 0.0043387111268276156
251.44668338170808 0.004318009806873721
251.86694643833923 0.004384634744655724
252.28720949497034 0.004397959732212067
252.70747255160146 0.00433680755717671
253.12773560823257 0.004384872690862088
253.54799866486368 0.0044155677514829475
253.9682617214948 0.004464346723787114
254.38852477812594 0.004499086869916451
254.80878783475706 0.004518122566425511
255.22905089138817 0.004535254693283666
255.64931394801928 0.004592123836604484
256.0695770046504 0.004538823886378807
256.48984006128154 0.004560952883571206
256.9101031179126 0.00457427787112693
257.33036617454377 0.004672311708149217
257.75062923117486 0.004702530876356717
258.170892287806 0.004701341145325537
258.5911553444371 0.004764396890011159
259.0114184010682 0.004780339285838143
259.4316814576993 0.0047425058390257405
259.85194451433046 0.004821266033331974
260.2722075709616 0.00481793478644354
260.6924706275927 0.004818172732649252
261.1127336842238 0.0048966949807497835
261.5329967408549 0.004870045005636437
261.95325979748606 0.004948567253736976
262.37352285411714 0.004947139576498128
262.7937859107483 0.005005912289469848
263.2140489673794 0.005068492141744066
263.6343120240105 0.005101804610634234
264.05457508064165 0.005148917959494852
264.47483813727274 0.0050682541955370175
264.8951011939039 0.005157484022923232
265.315364250535 0.005102756395460377
265.7356273071661 0.0051527250987959666
266.15589036379725 0.005251710720643786
266.57615342042834 0.005289306221248467
266.9964164770595 0.005338561085965658
267.4166795336906 0.005344985633538188
267.8369425903217 0.0053782981024283185
268.25720564695285 0.005375442747952687
268.67746870358394 0.005479663186339059
269.0977317602151 0.005448492233306212
269.51799481684617 0.005547477855152583
269.9382578734773 0.005550809102041668
270.35852093010845 0.005595067096425987
270.77878398673954 0.005634090274268802
271.1990470433707 0.0056229068025704905
271.61931010000177 0.005645035799761511
272.0395731566329 0.005765674526387674
272.45983621326405 0.005705236189972183
272.88009926989514 0.005715943769257757
273.3003623265263 0.005843482935869244
273.72062538315737 0.005865849879266598
274.1408884397885 0.005853000784122983
274.56115149641965 0.005922956968794577
274.98141455305074 0.0058967828860938196
275.4016776096819 0.005995054669322648
275.82194066631297 0.006053351489880831
276.2422037229441 0.006026939460975327
276.6624667795752 0.006178511194427896
277.08272983620634 0.006050734081610836
277.5029928928375 0.006180176817873274
277.92325594946857 0.006216582587446014
278.3435190060997 0.00631651999411943
278.7637820627308 0.0062993878672604215
279.18404511936194 0.006352925763692151
279.6043081759931 0.006383858770520235
280.02457123262417 0.0064383484517765545
280.4448342892553 0.006403608305648387
280.8650973458864 0.006512349721955522
281.28536040251754 0.006579450552149955
281.7056234591487 0.006567553241832683
282.12588651577977 0.006596344732801746
282.5461495724109 0.006682719205712505
282.966412629042 0.006711510696681554
283.38667568567314 0.006805023555783228
283.8069387423042 0.006799788739242316
284.22720179893537 0.006818586489545013
284.6474648555665 0.006928517636885766
285.0677279121976 0.00691614443415394
285.48799096882874 0.007057722426941023
285.9082540254598 0.007041066192494641
286.32851708209097 0.007118636655769057
286.7487801387221 0.007244748145142556
287.1690431953532 0.00722523655621979
287.58930625198434 0.007242844575491649
288.0095693086154 0.007308041836034196
288.42983236524657 0.0073351677035596065
288.8500954218777 0.007408455135120486
289.2703584785088 0.0074434332274548815
289.69062153513994 0.00754836750446209
290.110884591771 0.007526952345888378
290.53114764840217 0.007632838407721052
290.95141070503325 0.007608092002258243
291.3716737616644 0.007671623639357228
291.79193681829554 0.007671385693151902
292.2121998749266 0.007730634298535311
292.63246293155777 0.007912425200197899
293.05272598818885 0.007828668135556967
293.47298904482 0.007910759576752285
293.89325210145114 0.007982619331075063
294.3135151580822 0.008013552337901204
294.73377821471337 0.008125862947305754
295.15404127134445 0.008147040159670983
295.5743043279756 0.0081572718465446
295.99456738460674 0.008234366417407404
296.4148304412378 0.008351911843349732
296.83509349786897 0.008279576196616427
297.25535655450005 0.008292663237965285
297.6756196111312 0.00842519927491075
298.0958826677623 0.008448518003133208
298.5161457243934 0.00857201208423573
298.93640878102457 0.008528705874678773
299.35667183765565 0.00857724690077572
299.7769348942868 0.008612700885525008
300.1971979509179 0.008684084747432815
300.617461007549 0.008739764159721814
301.03772406418017 0.008700503035673055
301.45798712081125 0.008821141762298042
301.8782501774424 0.008870396627016433
302.2985132340735 0.008919889437938788
302.7187762907046 0.008904184988318813
303.13903934733577 0.008949394767529038
303.55930240396685 0.009030772370104056
303.979565460598 0.008986990268134437
304.3998285172291 0.009021730414262253
304.8200915738602 0.009134278969873302
305.2403546304913 0.00901054694256318
305.66061768712245 0.00904504914248585
306.0808807437536 0.009134516916079666
306.5011438003847 0.00919186195181197
306.9214068570158 0.0091763954483996
307.3416699136469 0.009247541364100968
307.76193297027805 0.009120478089902998
308.1821960269092 0.009133089238841485
308.6024590835403 0.009121191928522088
309.0227221401714 0.009091210706521548
309.4429851968025 0.0090971593616794
309.86324825343365 0.00908383437412306
310.2835113100648 0.009013402297040759
310.7037743666959 0.00905385315212129
311.124037423327 0.009003170610167139
311.5443004799581 0.008847315844997998
311.96456353658925 0.008869206895984616
312.38482659322034 0.00885707163945889
312.8050896498515 0.008806627043709884
313.2253527064826 0.008789256970646557
313.6456157631137 0.008725963279752747
314.06587881974485 0.00871596953908667
314.48614187637594 0.008552738441520307
314.9064049330071 0.008598662059348413
315.3266679896382 0.00837784797984446
315.7469310462693 0.008410684556321452
316.16719410290045 0.008388555559130807
316.58745715953154 0.008265537370439877
317.0077202161627 0.00818368387545092
317.4279832727938 0.008126576785924843
317.8482463294249 0.007983571115899436
318.26850938605605 0.00790100378229246
318.68877244268714 0.007820577964540616
319.1090354993183 0.007816056986620771
319.52929855594937 0.007590721929193726
319.9495616125805 0.0077168334185662435
320.36982466921165 0.007550984912732086
320.79008772584274 0.007476269803933008
321.2103507824739 0.007348730637323305
321.63061383910497 0.007204535236266187
322.0508768957361 0.00712910628884904
322.47113995236725 0.00705605680349648
322.89140300899834 0.006935180130662999
323.3116660656295 0.006869982870120401
323.73192912226057 0.006800502577861405
324.1521921788917 0.006616570160342621
324.57245523552285 0.006549707276355437
324.99271829215394 0.0064490560310629
325.4129813487851 0.006309143661722168
325.83324440541617 0.006218724103303284
326.2535074620473 0.006202305815065059
326.6737705186784 0.006095705914613488
327.09403357530954 0.005900114132982905
327.5142966319407 0.005831109733138353
327.93455968857177 0.005736407143004996
328.3548227452029 0.005671447828668599
328.775085801834 0.005521303772452626
329.19534885846514 0.00543492929954277
329.6156119150963 0.0052657495468192185
330.03587497172737 0.005268604901294865
330.4561380283585 0.00516771570979755
330.8764010849896 0.005038748865947975
331.29666414162074 0.004953326177864242
331.7169271982518 0.004865524027715536
332.13719025488297 0.004745837085914827
332.5574533115141 0.004673025546768307
332.9777163681452 0.00464256843235318
333.39797942477634 0.00450241811680584
333.8182424814074 0.004382017336385432
334.23850553803857 0.004236632204297492
334.6587685946697 0.004116707316290976
335.0790316513008 0.004013438662728773
335.49929470793194 0.003981315924870274
335.919557764563 0.00394348247805798
336.33982082119417 0.0038071393018118435
336.7600838778253 0.0037102951958225064
337.1803469344564 0.003688404144836587
337.60060999108754 0.003503519942492823
338.0208730477186 0.0034442713371079024
338.44113610434977 0.003394302633772081
338.86139916098085 0.003343144199403525
339.281662217612 0.003204421561093756
339.70192527424314 0.003122568066105224
340.1221883308742 0.0031392243005502287
340.54245138750537 0.0030319105614808168
340.96271444413645 0.0029400633258241963
341.3829775007676 0.00277659428205265
341.80324055739874 0.0027290050407803713
342.2235036140298 0.0026695184891891923
342.64376667066097 0.002586951155581498
343.06402972729205 0.0024998628440522017
343.4842927839232 0.00249605570475039
343.90455584055434 0.002372323677441826
344.3248188971854 0.002284521527293469
344.74508195381657 0.0021969573233520945
345.16534501044765 0.00216412074687367
345.5856080670788 0.002114627935950402
346.0058711237099 0.0020529998685020366
346.426134180341 0.0020004137568957604
346.84639723697217 0.0018988107267789139
347.26666029360325 0.0018816785999205036
347.6869233502344 0.0018012527821699722
348.1071864068655 0.0017677023670725116
348.5274494634966 0.0016858488720835568
348.94771252012777 0.001623031073603881
349.36797557675885 0.0016158926874127644
349.78823863339 0.0015378463317258296
350.2085016900211 0.001459086137419389
350.6287647466522 0.001450995966403039
351.04902780328337 0.0013917473610187804
351.46929085991445 0.0013246465308241584
351.8895539165456 0.0013018036950134635
352.3098169731767 0.0012454104441051994
352.7300800298078 0.0011673640884182145
353.1503430864389 0.0011507078539726298
353.57060614307005 0.0011200127933517717
353.9908691997012 0.0010626677576183745
354.4111322563323 0.0010250722570128389
354.8313953129634 0.0010017535287893768
355.2516583695945 0.0009701066833429304
355.67192142622565 0.0009322732365311752
356.0921844828568 0.0008965813055768105
356.5124475394879 0.000855892504288575
356.932710596119 0.0008280527981441879
357.3529736527501 0.0008118724561113757
357.77323670938125 0.0007902193513323209
358.1934997660124 0.0007245461983761645
358.6137628226435 0.0007359676162815021
359.0340258792746 0.0006802882039925958
359.4542889359057 0.0006374578868471206
359.87455199253685 0.0006269882537672228
360.29481504916794 0.0005920101614317417
360.7150781057991 0.0005660740249381485
361.1353411624302 0.0005384722650000855
361.5556042190613 0.0005042080112837061
361.97586727569245 0.0004880276692510717
362.39613033232354 0.00048422052994919384
362.8163933889547 0.00044305583624835326
363.2366564455858 0.0004330620955811558
363.6569195022169 0.0004309205797238281
364.07718255884805 0.0004071259590875591
364.49744561547914 0.0003800000915620947
364.9177086721103 0.0003619161798784884
365.3379717287414 0.0003428804833694755
365.7582347853725 0.0003188479165267419
366.17849784200365 0.00030433319793862545
366.59876089863474 0.0002995742738113194
367.0190239552659 0.0002931497262395516
367.43928701189697 0.00027530376076226895
367.8595500685281 0.00026197877320592746
368.27981312515925 0.00024032566842690514
368.70007618179034 0.00024746405461776986
369.1203392384215 0.00022247970294965973
369.54060229505257 0.0002217658643305399
369.9608653516837 0.0002177207788223648
370.38112840831485 0.00019963686713878555
370.80139146494594 0.00019273642715422458
371.2216545215771 0.0001758422465024583
371.64191757820817 0.00016513466721608872
372.0621806348393 0.0001679900216924476
372.48244369147045 0.00015323735689794744
372.90270674810154 0.0001491922713897516
373.3229698047327 0.00013943647692887765
373.74323286136377 0.00013324987556341452
374.1634959179949 0.00012063872662617911
374.583758974626 0.00012206640386434224
375.00402203125714 0.00011231060940344939
375.4242850878883 0.0001137382866416442
375.84454814451936 0.00010326865356164626
376.2648112011505 9.065750462440679e-05
376.6850742577816 9.303696668802693e-05
377.10533731441274 9.137134324348424e-05
377.5256003710439 7.519100121079408e-05
377.94586342767496 7.162180811533531e-05
378.3661264843061 7.185975432170828e-05
378.7863895409372 6.852850743261319e-05
379.20665259756834 7.162180811533531e-05
379.6269156541995 5.52035198762792e-05
380.04717871083056 5.686914332081442e-05
380.4674417674617 5.282405781264648e-05
380.8877048240928 5.401378884445553e-05
381.30796788072394 4.56856716217483e-05
381.728230937355 4.4733886796289166e-05
382.14849399398616 3.973701646266112e-05
382.5687570506173 3.6881661986307223e-05
382.9890201072484 3.6881661986302236e-05
383.40928316387954 3.378836130358468e-05
383.8295462205106 2.926738338267855e-05
384.24980927714176 3.355041509721687e-05
384.6700723337729 2.8791490969955964e-05
385.090335390404 2.8315598557225586e-05
385.51059844703514 2.355667442996397e-05
385.9308615036662 1.903569650905922e-05
386.35112456029736 2.2366943398144583e-05
386.7713876169285 1.7845965477245433e-05
387.1916506735596 1.8083911683606256e-05
387.61191373019074 1.5466503413612707e-05
388.0321767868218 1.5942395826337098e-05
388.45243984345296 1.4276772381796346e-05
388.87270290008405 1.3800879969067933e-05
389.2929659567152 1.5466503413610616e-05
389.71322901334634 1.0945525492710531e-05
390.1334920699774 1.1897310318162012e-05
390.55375512660856 9.041955841804353e-06
390.97401818323965 9.041955841803128e-06
391.3942812398708 5.710708952717765e-06
391.81454429650194 9.993740667257441e-06
392.234807353133 6.186601365444246e-06
392.65507040976416 7.85222480998799e-06
393.07533346639525 8.566063429076648e-06
393.4955965230264 9.041955841803128e-06
393.91585957965754 5.948655159081811e-06
394.3361226362886 6.424547571807486e-06
394.75638569291976 5.472762746355266e-06
395.17664874955085 3.8071393018118435e-06
395.596911806182 4.7589241272654485e-06
396.0171748628131 3.569193095448603e-06
396.4374379194442 3.331246889085363e-06
396.85770097607536 4.7589241272654485e-06
397.27796403270645 2.3794620636324024e-06
397.6982270893376 4.2830317145389035e-06
398.1184901459687 4.520977920901564e-06
398.5387532025998 2.6174082699956427e-06
398.95901625923096 2.3794620636327243e-06
399.37927931586205 3.569193095448603e-06
399.7995423724932 1.6656234445429067e-06
400.2198054291243 1.6656234445426814e-06
400.6400684857554 2.3794620636327243e-06
401.0603315423865 2.3794620636324024e-06
401.48059459901765 9.517848254529609e-07
401.9008576556488 2.3794620636327243e-06
402.3211207122799 1.6656234445426814e-06
402.741383768911 1.1897310318163621e-06
403.1616468255421 7.138386190897207e-07
403.58190988217325 1.6656234445426814e-06
404.0021729388044 7.138386190898172e-07
404.4224359954355 9.517848254529609e-07
404.8426990520666 0.0
405.2629621086977 7.138386190897207e-07
405.68322516532885 4.7589241272648044e-07
406.10348822196 7.138386190898172e-07
406.5237512785911 0.0
406.9440143352222 2.379462063632724e-07
407.3642773918533 2.3794620636324022e-07
407.78454044848445 4.758924127265448e-07
408.20480350511554 2.3794620636324022e-07
408.6250665617467 7.138386190897207e-07
409.0453296183778 7.138386190898172e-07
409.4655926750089 4.7589241272648044e-07
409.88585573164005 0.0
410.30611878827114 7.138386190897207e-07
410.7263818449023 9.517848254529609e-07
411.1466449015334 2.379462063632724e-07
411.5669079581645 0.0
411.98717101479565 2.379462063632724e-07
412.40743407142674 0.0
412.8276971280579 2.3794620636324022e-07
413.247960184689 0.0
413.6682232413201 0.0
414.08848629795125 0.0
414.50874935458233 2.3794620636324022e-07
414.9290124112135 2.379462063632724e-07
415.34927546784456 4.7589241272648044e-07
415.7695385244757 0.0
416.18980158110685 0.0
416.61006463773793 2.3794620636324022e-07
417.0303276943691 2.379462063632724e-07
417.45059075100016 0.0
417.8708538076313 0.0
418.29111686426245 0.0
418.71137992089353 0.0
419.1316429775247 2.379462063632724e-07
419.55190603415576 0.0
419.9721690907869 0.0
420.39243214741805 0.0
420.81269520404913 2.3794620636324022e-07
421.2329582606803 2.379462063632724e-07
421.65322131731136 0.0
422.0734843739425 2.379462063632724e-07
