0.5287917249014662 2.229877400081244e-06
0.8875558434897135 3.0660814251117105e-06
1.2463199620779608 2.787346750101555e-06
1.6050840806662081 7.5258362252741986e-06
1.9638481992544554 5.57469350020311e-06
2.3226123178427027 4.738489475172641e-06
2.6813764364309502 2.78734675010156e-06
3.040140555019197 3.623550775132019e-06
3.3989046736074444 3.0660814251117084e-06
3.757668792195692 3.902285450142175e-06
4.1164329107839395 9.476978950345304e-06
4.475197029372186 8.91950960032497e-06
4.833961147960434 1.0591917650385903e-05
5.192725266548681 1.0870652325396085e-05
5.551489385136928 5.853428175213262e-06
5.910253503725175 5.5746935002031065e-06
6.269017622313423 3.3448161001218636e-06
6.62778174090167 3.3448161001218636e-06
6.986545859489918 1.951142725071092e-06
7.3453099780781645 2.787346750101553e-07
7.704074096666412 0.0
8.06283821525466 5.853428175213262e-06
8.421602333842907 4.459754800162485e-06
8.780366452431155 6.968366875253883e-06
9.139130571019402 8.362040250304659e-07
9.49789468960765 5.574693500203106e-07
9.856658808195897 2.7873467501015533e-06
10.215422926784145 2.2298774000812535e-06
10.57418704537239 3.0660814251117084e-06
10.932951163960638 2.2298774000812425e-06
11.291715282548886 4.18102012515233e-06
11.650479401137133 1.9511427250710874e-06
12.00924351972538 2.2298774000812425e-06
12.368007638313628 5.574693500203106e-07
12.726771756901876 3.0660814251117084e-06
13.085535875490123 1.3936733750507766e-06
13.44429999407837 1.6724080500609403e-06
13.803064112666616 1.9511427250710874e-06
14.161828231254864 1.3936733750507766e-06
14.520592349843112 8.362040250304659e-07
14.879356468431359 3.623550775132019e-06
15.238120587019607 2.2298774000812425e-06
15.596884705607854 3.623550775132019e-06
15.955648824196102 2.5086120750914104e-06
16.314412942784347 3.623550775132019e-06
16.673177061372595 5.5746935002031065e-06
17.031941179960842 3.902285450142175e-06
17.39070529854909 1.1149387000406213e-06
17.749469417137338 1.6724080500609318e-06
18.108233535725585 8.362040250304659e-07
18.466997654313833 2.7873467501015533e-06
18.82576177290208 5.853428175213262e-06
19.184525891490328 6.132162850223417e-06
19.543290010078575 1.1149387000406213e-05
19.902054128666823 1.4494203100528077e-05
20.26081824725507 5.574693500203162e-06
20.619582365843314 5.853428175213262e-06
20.97834648443156 7.5258362252741935e-06
21.33711060301981 1.0870652325396058e-05
21.695874721608057 1.5330407125558544e-05
22.054638840196304 1.783901920064994e-05
22.413402958784552 2.0068896600731185e-05
22.7721670773728 2.0347631275741337e-05
23.130931195961047 2.090510062576165e-05
23.489695314549294 1.6445345825599164e-05
23.848459433137542 1.2821795050467146e-05
24.20722355172579 2.5364855425924133e-05
24.565987670314037 3.261195697618817e-05
24.924751788902284 3.1497018276147556e-05
25.283515907490532 2.3692447375863202e-05
25.64228002607878 3.038207957610693e-05
26.001044144667027 2.564359010093429e-05
26.359808263255275 2.7873467501015807e-05
26.71857238184352 3.12182836011374e-05
27.077336500431766 4.654869072669594e-05
27.436100619020014 5.2123384226899045e-05
27.79486473760826 5.7140608377081844e-05
28.15362885619651 4.9893506826817804e-05
28.512392974784756 5.825554707712246e-05
28.871157093373004 7.30284848526607e-05
29.22992121196125 6.884746472750836e-05
29.5886853305495 6.717505667744744e-05
29.947449449137746 4.7106160076716245e-05
30.306213567725994 5.351705760194982e-05
30.66497768631424 5.156591487687873e-05
31.02374180490249 7.776697432783334e-05
31.382505923490736 6.884746472750836e-05
31.741270042078984 5.9927955127183986e-05
32.10003416066723 5.5746935002031065e-05
32.458798279255475 6.633885265241697e-05
32.81756239784372 7.999685172791458e-05
33.17632651643197 7.525836225274194e-05
33.53509063502022 7.60945662777724e-05
33.893854753608466 5.9091751102152934e-05
34.25261887219671 6.076415915221386e-05
34.61138299078496 8.752268795318877e-05
34.97014710937321 8.027558640292474e-05
35.328911227961456 9.198244275335126e-05
35.6876753465497 8.724395327817862e-05
36.04643946513795 8.863762665322939e-05
36.4052035837262 8.780142262819893e-05
36.763967702314446 8.863762665322939e-05
37.12273182090269 0.00010229562572872701
37.48149593949094 6.187909785225448e-05
37.84026005807919 7.191354615262008e-05
38.199024176667436 6.633885265241697e-05
38.55778829525568 9.672093222852389e-05
38.91655241384393 8.947383067825985e-05
39.27531653243218 0.00010006574832864577
39.634080651020426 0.00010062321767866607
39.99284476960867 9.867207495359499e-05
40.35160888819692 0.00011651109415424723
40.71037300678516 9.950827897862545e-05
41.06913712537341 0.00011260880870410276
41.42790124396166 0.00012515186907955975
41.786665362549904 0.00011010019662901137
42.14542948113815 0.00010508297247882857
42.5041935997264 0.00010452550312880823
42.86295771831465 9.950827897862545e-05
43.221721836902894 0.00012905415452970192
43.58048595549114 0.00012403693037951912
43.93925007407939 0.00013657999075497612
44.29801419266764 0.00013741619478000656
44.656778311255884 0.0001360225214049558
45.01554242984413 0.00014076101088012844
45.37430654843238 0.00014800811243039248
45.73307066702063 0.0001485655817804128
46.091834785608874 0.00014438456165526045
46.45059890419712 0.00014494203100528076
46.80936302278537 0.00013880986815505736
47.16812714137362 0.0001572063567057276
47.526891259961864 0.00015330407125558544
47.88565537855011 0.0001298903585547324
48.24441949713836 0.00013936733750507767
48.60318361572661 0.00013435011335489487
48.961947734314855 0.00016556839695603225
49.3207118529031 0.00018006260005656033
49.67947597149135 0.0001672408050060932
50.0382400900796 0.00014884431645542296
50.397004208667845 0.0001572063567057276
50.75576832725609 0.00017420917188134709
51.11453244584434 0.00017616031460641817
51.47329656443259 0.00020375504743242354
51.832060683020835 0.00020208263938236261
52.19082480160908 0.00020486998613246824
52.54958892019732 0.00021908545455798207
52.90835303878557 0.00022075786260804302
53.26711715737382 0.00021406823040779927
53.625881275962065 0.00020319757808240325
53.98464539455031 0.00022689002545826643
54.34340951313856 0.00020737859820755557
54.70217363172681 0.00018257121213165173
55.060937750315055 0.00017811145733148925
55.4197018689033 0.00019622921120714934
55.77846598749155 0.0002146256997578196
56.1372301060798 0.00022605382143323595
56.495994224668046 0.00019176945640698686
56.85475834325629 0.00020068896600731185
57.21352246184454 0.00020431251678244386
57.57228658043279 0.00019121198705696657
57.931050699021036 0.0001808988040815908
58.28981481760928 0.00019622921120714934
58.64857893619753 0.00022633255610824614
59.00734305478578 0.0002288411681833375
59.366107173374026 0.0002065423941825251
59.72487129196227 0.0002146256997578196
60.08363541055052 0.00021852798520796178
60.44239952913877 0.00021546190378285006
60.801163647727016 0.00020570619015749462
61.15992776631526 0.00022131533195806334
61.51869188490351 0.00020877227158260634
61.87745600349176 0.00019957402730727121
62.236220122080006 0.0002059849248325048
62.59498424066825 0.00019399933380706812
62.9537483592565 0.00022995610688337814
63.31251247784475 0.0002578295743843988
63.67127659643299 0.0002673065533347442
64.03004071502123 0.00023859688180868826
64.38880483360948 0.00023413712700852583
64.74756895219774 0.00021211708768273241
65.10633307078598 0.00021323202638276462
65.46509718937423 0.00021936418923299656
65.82386130796247 0.0002048699861324601
66.18262542655073 0.00018424362018171632
66.54138954513897 0.00018758843628183082
66.90015366372722 0.00020403378210743774
67.25891778231546 0.00021434696508280523
67.61768190090372 0.00020486998613246824
67.97644601949196 0.00025058247283412467
68.33521013808021 0.0002555996969843175
68.69397425666845 0.0002282836988333127
69.05273837525671 0.00023274345363348428
69.41150249384495 0.00023943308583372817
69.77026661243319 0.0002639617372346119
70.12903073102144 0.00024556524868395174
70.48779484960968 0.00025113994218414493
70.84655896819794 0.00022689002545827093
71.20532308678618 0.00022187280130807926
71.56408720537443 0.0002397118205087383
71.92285132396267 0.0002098872102826428
72.28161544255093 0.00022967737220837254
72.64037956113917 0.0002486313301090536
72.99914367972742 0.00025225488088419554
73.35790779831567 0.0002597807171094596
73.71667191690392 0.00023803941245867735
74.07543603549216 0.00025141867685915515
74.43420015408041 0.00022605382143324045
74.79296427266866 0.00022438141338317058
75.15172839125691 0.00022326647468313887
75.51049250984515 0.00019399933380706428
75.8692566284334 0.00020236137405737676
76.22802074702165 0.00019845908860722665
76.5867848656099 0.00025336981958423623
76.94554898419814 0.0002447290446589115
77.3043131027864 0.0002419416979088196
77.66307722137464 0.00023190724960844465
78.02184133996289 0.0002199216585830169
78.38060545855113 0.00023859688180868826
78.73936957713939 0.0002254963520832201
79.09813369572763 0.00023971182050872884
79.45689781431588 0.00024946753413409396
79.81566193290412 0.00025643590100933784
80.17442605149238 0.00024026928985875864
80.53319017008062 0.00024166296323380944
80.89195428866886 0.0002519761462091754
81.25071840725711 0.0002469589220590025
81.60948252584535 0.0002519761462091754
81.9682466444336 0.00024751639140902285
82.32701076302185 0.0002542060236092566
82.6857748816101 0.000263404267884602
83.04453900019834 0.0002776197363101092
83.4033031187866 0.00028486683786038436
83.76206723737484 0.000286539245910434
84.12083135596309 0.00029824610226087214
84.47959547455133 0.0002854243072103934
84.83835959313959 0.0002870967152604657
85.19712371172783 0.000292113939410637
85.55588783031608 0.0002954587555107705
85.91465194890432 0.00030800181588621554
86.27341606749258 0.00030159091836099404
86.63218018608082 0.000305214469136114
86.99094430466907 0.0003091167545862684
87.34970842325731 0.00030577193848613433
87.70847254184557 0.00030939548926127853
88.0672366604338 0.00032751324313692605
88.42600077902206 0.0003219385496367358
88.7847648976103 0.0003227747536617535
89.14352901619856 0.0003185937335366139
89.5022931347868 0.0003191512028866215
89.86105725337505 0.0003199874069116646
90.21982137196329 0.00032361095768678393
90.57858549055155 0.0003289069165119898
90.93734960913979 0.0003509269558377786
91.29611372772804 0.00035427177193791444
91.65487784631628 0.00037211079113855
92.01364196490454 0.00037545560723868665
92.37240608349278 0.0003893923409891947
92.73117020208102 0.00040583768681477816
93.08993432066927 0.00039859058526453
93.44869843925751 0.00040611642148978826
93.80746255784577 0.0003913434837142658
94.16622667643401 0.000413084788365042
94.52499079502226 0.0004476478880663183
94.8837549136105 0.0004613058871417979
95.24251903219876 0.000438449643790983
95.601283150787 0.0004412369905410671
95.96004726937525 0.00043900711314100334
96.31881138796349 0.00042869393016561045
96.67757550655175 0.00043036633821568837
97.03633962513999 0.00042590658341550887
97.39510374372824 0.0004883431506178018
97.75386786231648 0.0004668805806420009
98.11263198090474 0.0004961477215180863
98.47139609949298 0.0005226275156440308
98.83016021808123 0.0005201189035689601
99.18892433666947 0.00044820535741632095
99.54768845525773 0.0004599122137667654
99.90645257384597 0.00047078286609214304
100.26521669243422 0.0005577480846953319
100.62398081102246 0.0005532883298951474
100.98274492961072 0.0005853428175213377
101.34150904819896 0.000606526652822086
101.70027316678721 0.0005939835924466528
102.05903728537545 0.0005959347351717003
102.41780140396371 0.0006112651422972827
102.77656552255195 0.0006246444066977456
103.1353296411402 0.0006486155887486443
103.49409375972844 0.0006828999537748671
103.8528578783167 0.0007272187671015097
104.21162199690494 0.0007353020726768043
104.57038611549318 0.0007748823965282165
104.92915023408143 0.0007325147259267027
105.28791435266967 0.0007194141962011967
105.64667847125793 0.0007389256234519363
106.00544258984617 0.0007422704395520288
106.36420670843442 0.0007601094587527086
106.72297082702266 0.0007587157853776278
107.08173494561092 0.0007768335392533183
107.44049906419916 0.0007687502336779931
107.79926318278741 0.0008136265163546596
108.15802730137565 0.0008083305575294344
108.51679141996391 0.0009136922646833073
108.87555553855215 0.0010112494009368235
109.2343196571404 0.0009942465857612436
109.59308377572864 0.0009864420148609201
109.9518478943169 0.0009934103817362133
110.31061201290514 0.0009867207495359305
110.6693761314934 0.0010697836826889975
111.02814025008163 0.0010795393963143102
111.38690436866989 0.0011065766597903386
111.74566848725813 0.0012097084895440501
112.10443260584638 0.0012055274694189456
112.46319672443462 0.0013577166019744396
112.82196084302288 0.001318972482148081
113.18072496161112 0.0014095612515263275
113.53948908019937 0.0014878856952042386
113.89825319878761 0.0014664231252283983
114.25701731737587 0.0015160378973802647
114.61578143596411 0.0015689974856321332
114.97454555455236 0.001547534915656413
115.3333096731406 0.0017144969859874994
115.69207379172884 0.001695264293411731
116.0508379103171 0.0018446660792172445
116.40960202890534 0.001959504765321353
116.7683661474936 0.001999921293197904
117.12713026608183 0.0021838861787045237
117.48589438467009 0.0022588658062823435
117.84465850325833 0.0022967737220836344
118.20342262184658 0.0023993480824874643
118.56218674043483 0.002454537548139379
118.92095085902308 0.0025682612955436218
119.27971497761132 0.002793478912951721
119.63847909619957 0.0027862318114015676
119.99724321478782 0.003042388977735785
120.35600733337607 0.0031477506848897464
120.71477145196431 0.0031633598266901904
121.07353557055256 0.0035744934723303027
121.4322996891408 0.003598464654381034
121.79106380772906 0.0038103030073888986
122.1498279263173 0.003980331159144939
122.50859204490555 0.004053080909322749
122.8673561634938 0.004772216370848775
123.22612028208205 0.005000778804357296
123.58488440067029 0.005221257932290126
123.94364851925855 0.006538836741063364
124.30241263784679 0.006544411434563307
124.66117675643504 0.007843872489460935
125.01994087502328 0.008995325431927555
125.37870499361154 0.009181520194834697
125.73746911219978 0.011487213426518292
126.09623323078803 0.011892493643983523
126.45499734937627 0.012517138050681293
126.81376146796451 0.01514727844407657
127.17252558655277 0.015275217659906833
127.531289705141 0.017086435578122183
127.89005382372926 0.018367778879145296
128.2488179423175 0.018537807030900032
128.60758206090574 0.020681276681728086
128.966346179494 0.021145927384971678
129.32511029808222 0.021185228974146438
129.68387441667048 0.02207076903665368
130.04263853525873 0.0222224006998592
130.401402653847 0.02212149874750728
130.7601667724352 0.02225361898346034
131.11893089102347 0.02241862991106635
131.47769500961172 0.021869801335971363
131.83645912819998 0.021969309614951728
132.1952232467882 0.02184387901119542
132.55398736537646 0.021550650133084742
132.9127514839647 0.021710365101865556
133.27151560255297 0.020914577604713238
133.6302797211412 0.02044797575874459
133.98904383972945 0.020359616866766374
134.3478079583177 0.019583898266213127
134.70657207690596 0.019368157627756802
135.06533619549418 0.019043152996693437
135.42410031408244 0.01871731216160657
135.7828644326707 0.01871759089628158
136.14162855125895 0.018173222075988198
136.50039266984717 0.017873024831000825
136.85915678843543 0.01790619425732703
137.21792090702368 0.017181205367625633
137.57668502561194 0.017166989899201474
137.93544914420016 0.016664152545481807
138.29421326278842 0.01596397104185631
138.65297738137667 0.016228768983117238
139.0117414999649 0.01572258681329752
139.37050561855315 0.01583129333655148
139.7292697371414 0.015596041270842912
140.08803385572966 0.015190761053379357
140.4467979743179 0.015147835913426591
140.80556209290614 0.014858788055441066
141.1643262114944 0.014376577067673505
141.52309033008265 0.01441559992217607
141.88185444867088 0.013829420900628582
142.24061856725913 0.01376475445602623
142.5993826858474 0.01356406549001892
142.95814680443564 0.013050914953326267
143.31691092302387 0.012973984183022431
143.67567504161212 0.012452750340753454
144.03443916020038 0.01213164799514176
144.39320327878863 0.012092625140641296
144.75196739737686 0.011484704814443202
145.1107315159651 0.011388541351564701
145.46949563455337 0.011160536387406399
145.82825975314162 0.010642368626563373
146.18702387172985 0.010603345772061108
146.5457879903181 0.010291999140074773
146.90455210890636 0.010222036736647224
147.2633162274946 0.0101361864567449
147.62208034608284 0.009554188455322904
147.9808444646711 0.009523248906396777
148.33960858325935 0.009326740960514623
148.6983727018476 0.009108491709982397
149.05713682043583 0.00915448293135835
149.41590093902408 0.00864913696556495
149.77466505761234 0.008370959759905481
150.13342917620056 0.008488864527434112
150.49219329478882 0.008091667615544649
150.85095741337707 0.008020869008092072
151.20972153196533 0.007745479149182656
151.56848565055355 0.007596634832726623
151.9272497691418 0.007631755401777901
152.28601388773006 0.007224524041588074
152.64477800631832 0.007140903639085594
153.00354212490655 0.00708989519355817
153.3623062434948 0.006694928159068788
153.72107036208305 0.006731721136170128
154.0798344806713 0.006538000537038592
154.43859859925954 0.006312504184954863
154.7973627178478 0.0063545931208813956
155.15612683643604 0.006031818367219642
155.5148909550243 0.005972726616117963
155.87365507361253 0.005795730097486045
156.23241919220078 0.005435604897372931
156.59118331078903 0.005428915265172688
156.9499474293773 0.005311567966993835
157.30871154796552 0.005030045945233164
157.66747566655377 0.005130669162911827
158.02623978514202 0.00483939142752622
158.38500390373028 0.00471953551727223
158.7437680223185 0.004623372054393354
159.10253214090676 0.004296695015281459
159.46129625949501 0.004257672160780038
159.82006037808327 0.004133077761050829
160.1788244966715 0.003966951894744452
160.53758861525975 0.003986463321995162
160.896352733848 0.003723337788785876
161.25511685243623 0.003677625302083917
161.61388097102449 0.003577838288430283
161.97264508961274 0.0035006287834524717
162.331409208201 0.0035067609463029724
162.69017332678922 0.0033880199747483714
163.04893744537748 0.0033202874487209045
163.40770156396573 0.0033358965905214725
163.76646568255399 0.0031190410133638234
164.1252298011422 0.003100087055462886
164.48399391973047 0.003029567182685318
164.84275803831872 0.0029353548625318878
165.20152215690698 0.002948176657582588
165.5602862754952 0.0027689502615508284
165.91905039408346 0.002796823729051843
166.2778145126717 0.002802677157227056
166.63657863125997 0.0027073498983737994
166.9953427498482 0.0027081861023986156
167.35410686843645 0.0026833787163227122
167.7128709870247 0.0026109077008200734
168.07163510561296 0.002611743904845311
168.43039922420118 0.002495511545365871
168.78916334278944 0.0024603909763145923
169.1479274613777 0.0024681955472148766
169.50669157996595 0.0023134978025844267
169.86545569855417 0.0023776067778365777
170.22421981714243 0.0023279920056847713
170.58298393573068 0.0022597020103072847
170.94174805431894 0.0023017909462339993
171.30051217290716 0.002227090053331097
171.65927629149542 0.0021797051585793715
172.01804041008367 0.002145142058878113
172.37680452867193 0.002113645040602133
172.73556864726015 0.0021334352025276864
173.0943327658484 0.002116989856702088
173.45309688443666 0.0021052830003518283
173.8118610030249 0.0020768520635006263
174.17062512161314 0.002104446796326631
174.5293892402014 0.0020659814111752303
174.88815335878965 0.002103053122951747
175.24691747737788 0.0020640302684501594
175.60568159596613 0.0020682112885753116
175.9644457145544 0.0020523234120997332
176.32320983314264 0.0021089065511269603
176.68197395173087 0.0020938548786762455
177.04073807031912 0.002079639410250728
177.39950218890738 0.0021390098960278898
177.75826630749563 0.002128975447727693
178.11703042608386 0.0021443058548530824
178.4757945446721 0.0021799838932543814
178.83455866326037 0.0022432566644816857
179.19332278184862 0.002162981078078934
179.55208690043685 0.002189739606879737
179.9108510190251 0.002240190583056574
180.26961513761336 0.0022323860121562897
180.6283792562016 0.0022438141338318837
180.98714337478984 0.0022468802152568177
181.3459074933781 0.0022778197641829443
181.70467161196635 0.0022800496415830256
182.0634357305546 0.002261374418357525
182.42219984914283 0.0022959375180586043
182.78096396773108 0.0023494545756605526
183.13972808631934 0.0023346816378850147
183.4984922049076 0.0023631125747362374
183.85725632349582 0.002431681304788547
184.21602044208407 0.0023792791858866387
184.57478456067233 0.0023622763707112065
184.93354867926055 0.002409382530787735
185.2923127978488 0.0024615059150146328
185.65107691643706 0.0024645719964397446
186.00984103502532 0.0024645719964399397
186.36860515361354 0.0024977414227659524
186.7273692722018 0.002504431054966196
187.08613339079005 0.0025074971363913076
187.4448975093783 0.0025398303586926865
187.80366162796653 0.002544847582842668
188.1624257465548 0.0025626866020433173
188.52118986514304 0.002629582924045753
188.8799539837313 0.002607841619395168
189.23871810231952 0.0026761316147724482
189.59748222090778 0.0026616374116719206
189.95624633949603 0.002692298225923037
190.3150104580843 0.0027157119386241046
190.6737745766725 0.002770622669600889
191.03253869526077 0.0027923639742516806
191.39130281384902 0.0028355678488782544
191.75006693243728 0.00288657629440534
192.1088310510255 0.0028606539696291676
192.46759516961376 0.00288406768233002
192.826359288202 0.0028890849064802026
193.18512340679027 0.0029509640043326895
193.5438875253785 0.002978837471833471
193.90265164396675 0.002975771390408359
194.261415762555 0.00303291199878544
194.62017988114326 0.0030209264077602433
194.97894399973148 0.0030379292229356226
195.33770811831974 0.0030819693015872265
195.696472236908 0.003165310969415512
196.05523635549622 0.0031212708907636575
196.41400047408447 0.0031664259081153018
196.77276459267273 0.0032132533335170067
197.13152871126098 0.0032631468403440823
197.4902928298492 0.0031909545595161953
197.84905694843746 0.0032600807589187124
198.20782106702572 0.0032901841038198085
198.56658518561397 0.0033356178558467267
198.9253493042022 0.0033409138146716557
199.28411342279045 0.003348439650896929
199.6428775413787 0.003397775688373726
200.00164165996696 0.003330043162346524
200.3604057785552 0.003393594668248574
200.71916989714344 0.0034501778072756344
201.0779340157317 0.0034284365026248423
201.43669813431995 0.0034989563754026878
201.79546225290818 0.0034326175227499946
202.15422637149643 0.0034883644577520245
202.5129904900847 0.0035251574348533644
202.87175460867294 0.003468016826476558
203.23051872726117 0.003568361309479938
203.58928284584943 0.0035382579645788412
203.94804696443768 0.0036313553460322313
204.30681108302593 0.0036126801228068377
204.66557520161416 0.0036756741593588454
205.02433932020242 0.0036851511383091907
205.38310343879067 0.0036539328547080534
205.74186755737892 0.0035834129819307696
206.10063167596715 0.0036157462042316632
206.4593957945554 0.003731142359685865
206.81815991314366 0.0036464070184827795
207.17692403173191 0.0036528179160083027
207.53568815032014 0.003700481545434749
207.8944522689084 0.0036296829379821706
208.25321638749665 0.0037107947284104187
208.61198050608488 0.0037124671364601853
208.97074462467313 0.0037771335810625403
209.32950874326139 0.0037885617027379566
209.68827286184964 0.0036806913835093196
210.04703698043787 0.003782429539887733
210.40580109902612 0.003745357828111383
210.76456521761438 0.0037448003587613626
211.12332933620263 0.003787446764038216
211.48209345479086 0.003827305822564367
211.8408575733791 0.0038618689222656255
212.19962169196737 0.003790234110788017
212.55838581055562 0.003788840437413267
212.91714992914385 0.0037445216240863527
213.2759140477321 0.003771280152887327
213.63467816632036 0.0038362253321646916
213.9934422849086 0.003788840437413267
214.35220640349684 0.0038158777008889507
214.7109705220851 0.0037595732965369005
215.06973464067335 0.0038172713742640014
215.4284987592616 0.003878314268091532
215.78726287784983 0.0037754611730124793
216.14602699643808 0.0038195012516640827
216.50479111502634 0.003853506882015321
216.8635552336146 0.0038178288436143243
217.22231935220282 0.0039376847538683864
217.58108347079107 0.0038549005553903722
217.93984758937933 0.00381392655816388
218.29861170796758 0.003864377534341023
218.6573758265558 0.0038947596139168234
219.01613994514406 0.003918173326617676
219.37490406373232 0.00390897508234265
219.73366818232054 0.003971969118894634
220.0924323009088 0.0038691160238158895
220.45119641949705 0.003967509364094473
220.8099605380853 0.003932946264393525
221.16872465667353 0.003903957858192158
221.5274887752618 0.003938242223218406
221.88625289385004 0.003947440467493742
222.2450170124383 0.003993152954195722
222.60378113102652 0.003898104430016945
222.96254524961478 0.003959147323844168
223.32130936820303 0.004017681605596299
223.6800734867913 0.00394019336594379
224.0388376053795 0.003953293895668955
224.39760172396777 0.004013221850796137
224.75636584255602 0.004032733278046847
225.11512996114428 0.004029388461947045
225.4738940797325 0.0040555895213976794
225.83265819832076 0.00407482221397338
226.191422316909 0.004119141027299994
226.55018643549727 0.004107434170949892
226.9089505540855 0.004174051758276993
227.26771467267375 0.004127503067550298
227.626478791262 0.004116911149899913
227.98524290985026 0.004156770208426694
228.34400702843848 0.004159557555176465
228.70277114702674 0.004226175142503891
229.061535265615 0.0042314711013290845
229.42029938420325 0.004252376201955182
229.77906350279147 0.004254048610004907
230.13782762137973 0.004285266893606043
230.49659173996798 0.004279413465431169
230.8553558585562 0.004246522773779632
231.21411997714446 0.00437223211220921
231.57288409573272 0.004304499586181744
231.93164821432097 0.004367493622734383
232.2904123329092 0.004417108394885844
232.64917645149745 0.00437306831623424
233.0079405700857 0.0044343899447364735
233.36670468867396 0.004454737576012567
233.7254688072622 0.004452507698612133
234.08423292585044 0.004524142510089741
234.4429970444387 0.004460591004187427
234.80176116302695 0.00449320296116397
235.16052528161518 0.004594662382867309
235.51928940020343 0.0045603780178410614
235.8780535187917 0.004533619489040087
236.23681763737994 0.0046618374395451245
236.59558175596817 0.004610828994017898
236.95434587455642 0.004661001235519725
237.31310999314468 0.004632849033343701
237.67187411173293 0.0046448346243695045
238.03063823032116 0.004662673643569786
238.3894023489094 0.004705877518196359
238.74816646749767 0.004798417430299728
239.10693058608592 0.004790334124724814
239.46569470467415 0.004831308121950926
239.8244588232624 0.0048444086516764035
240.18322294185066 0.00487506946592752
240.5419870604389 0.004923011830029656
240.90075117902714 0.004926914115479408
241.2595152976154 0.004962034684530687
241.61827941620365 0.004882595302153181
241.97704353479187 0.00489207228110314
242.33580765338013 0.00498516966255653
242.69457177196838 0.0050434252096336505
243.05333589055664 0.004971232928806415
243.41210000914486 0.005098893409960671
243.77086412773312 0.005007189701882331
244.12962824632137 0.005082448064135072
244.48839236490963 0.005109485327611461
244.84715648349786 0.005103631899435843
245.2059206020861 0.005120913449286472
245.56468472067436 0.005201189035689396
245.92344883926262 0.005212895892040235
246.28221295785085 0.0052608382561415675
246.6409770764391 0.005196171811539213
246.99974119502735 0.005172200629488339
247.3585053136156 0.005249410134466568
247.71726943220384 0.005291499070392684
248.0760335507921 0.005279234744692237
248.43479766938034 0.005292335274417715
248.7935617879686 0.005311567966993835
249.15232590655683 0.005315470252443557
249.51109002514508 0.005356444249670049
249.86985414373333 0.005365085024595363
250.2286182623216 0.005409961307272427
250.58738238090982 0.005401320532346683
250.94614649949807 0.005404665348446805
251.30491061808632 0.005497762729900195
251.66367473667458 0.0054810386494000204
252.0224388552628 0.005480759914724576
252.38120297385106 0.005497205260550175
252.73996709243931 0.0055239637893515865
253.09873121102754 0.005571906153452895
253.4574953296158 0.0055521159915271736
253.81625944820405 0.005551837256852164
254.1750235667923 0.005559363093077878
254.53378768538053 0.005539851665826727
254.8925518039688 0.005539015461801697
255.25131592255704 0.0056178973748295695
255.6100800411453 0.005608699130554678
255.96884415973352 0.005549049910101623
256.3276082783218 0.0055036161580758435
256.68637239691003 0.005528702278826759
257.04513651549826 0.005572463622802473
257.40390063408654 0.005602845702379466
257.76266475267477 0.0056454921076560215
258.121428871263 0.005530653421550954
258.4801929898513 0.005579431989678611
258.8389571084395 0.005549607379451643
259.1977212270278 0.005447033019048779
259.556485345616 0.00543198134659823
259.91524946420424 0.005470446731748767
260.2740135827925 0.005397696981571979
260.63277770138075 0.005376791880946216
260.991541819969 0.005404944083121387
261.35030593855726 0.005353099433570351
261.7090700571455 0.005369266044720091
262.06783417573376 0.005251640011866648
262.426598294322 0.005283973234167828
262.7853624129102 0.005181398873763264
263.1441265314985 0.005176102914938891
263.5028906500867 0.005104468103461278
263.86165476867495 0.005046770025733372
264.22041888726324 0.005039801658858918
264.57918300585146 0.004980709907756762
264.9379471244397 0.004930258931579139
265.29671124302797 0.004915207259129371
265.6554753616162 0.004867822364376871
266.0142394802045 0.004750753800873369
266.3730035987927 0.004721207925322292
266.73176771738093 0.00462727433984313
267.0905318359692 0.004570412466141788
267.44929595455744 0.004483447247538614
267.80806007314567 0.004482611043512874
268.16682419173395 0.004416829660211184
268.5255883103222 0.004305335790206433
268.88435242891046 0.004339341420558356
269.2431165474987 0.004283873220231332
269.6018806660869 0.0041620661672512275
269.9606447846752 0.004172658084902273
270.3194089032634 0.004115238741850178
270.67817302185165 0.004078724499423199
271.03693714043993 0.003943538182043912
271.39570125902816 0.003897268225991606
271.75446537761644 0.003836225332164996
272.11322949620467 0.00376208190861229
272.4719936147929 0.0037149757485349824
272.8307577333812 0.003693234443884777
273.1895218519694 0.003573378533630403
273.54828597055763 0.0035368642912035108
273.9070500891459 0.0035145655172032575
274.26581420773414 0.003402514177848629
274.6245783263224 0.003355129283097439
274.98334244491065 0.003238060719593167
275.3421065634989 0.003216598149616874
275.70087068208716 0.0031413397873646374
276.0596348006754 0.0031405035833396064
276.4183989192636 0.003040159100335463
276.7771630378519 0.0029699179622333814
277.1359271564401 0.002930616373056947
277.49469127502834 0.002863720051054052
277.8534553936166 0.00283751899160355
278.21221951220485 0.0027313210804242416
278.57098363079314 0.00270846483707384
278.92974774938136 0.002654390310121867
279.2885118679696 0.002566867622168266
279.6472759865579 0.0025044310549663944
280.0060401051461 0.0024428306917891464
280.3648042237343 0.002350290779685397
280.7235683423226 0.002350290779685769
281.08233246091083 0.0022864605391080778
281.4410965794991 0.002232943481506487
281.79986069808734 0.0021270243050026216
282.15862481667557 0.002133713937202528
282.51738893526385 0.0021203346728023774
282.8761530538521 0.002009955741498349
283.2349171724403 0.001953372602470975
283.5936812910286 0.001905430238369535
283.9524454096168 0.0018443873445420152
284.3112095282051 0.0017839019200651001
284.6699736467933 0.0017699651863145914
285.02873776538155 0.0017301061277878627
285.38750188396983 0.0017119883739124759
285.74626600255806 0.0016163823803839869
286.1050301211463 0.0015943623410579306
286.46379423973457 0.0015026586329798368
286.8225583583228 0.0015040523063546492
287.1813224769111 0.0014466329633027921
287.5400865954993 0.0014226617812519173
287.89885071408753 0.0013627338261245144
288.2576148326758 0.0013596677446996183
288.61637895126404 0.0012880329332220042
288.97514306985227 0.00126573415922099
289.33390718844055 0.001228941182119848
289.6926713070288 0.0011846223687932305
290.051435425617 0.001138909882091382
290.4101995442053 0.0010998870275901384
290.7689636627935 0.001066996335938769
291.1277277813818 0.00103772919506287
291.48649189997 0.0009911805043361713
291.84525601855825 0.0009967551978362168
292.20402013714653 0.0009421232015343811
292.56278425573475 0.0009256778557087808
292.921548374323 0.0009047727550828746
293.28031249291126 0.0008306293315303123
293.6390766114995 0.0008348103516553325
293.9978407300878 0.0007963449665040611
294.356604848676 0.0007511899491524133
294.7153689672642 0.0007467301943521322
295.0741330858525 0.0007026901157006434
295.43289720444074 0.0006781614642997482
295.79166132302896 0.0006645034652241445
296.15042544161724 0.0006246444066977953
296.50918956020547 0.0006012306939968455
296.86795367879375 0.0005633227781955574
297.226717797382 0.0005532883298951912
297.5854819159702 0.0005256935970691009
297.9442460345585 0.0005181677608439096
298.3030101531467 0.00048527706919270923
298.66177427173494 0.00046548690726691327
299.0205383903232 0.00047357021284228203
299.37930250891145 0.00047189780479222097
299.7380666274997 0.00042813646081555615
300.09683074608796 0.0003916222183892915
300.4555948646762 0.00038939234098914845
300.81435898326447 0.00037238952581358965
301.1731231018527 0.00036402748556328446
301.5318872204409 0.00033336667131211276
301.8906513390292 0.000329185651187013
302.24941545761743 0.00031859373353662645
302.60817957620566 0.0003074443465361709
302.96694369479394 0.00029796736758587374
303.32570781338217 0.0003001972449859075
303.68447193197045 0.0002628467985345921
304.0432360505587 0.00025671463568436827
304.4020001691469 0.000242220432583801
304.7607642877352 0.0002207578626080561
305.1195284063234 0.0002151831691078527
305.47829252491164 0.00021852798520794012
305.8370566434999 0.000196229211207161
306.19582076208815 0.00018758843628181597
306.55458488067643 0.00018312868148168292
306.91334899926466 0.00018675223225681517
307.2721131178529 0.0001558126833306614
307.63087723644117 0.00016417472358099124
307.9896413550294 0.00014494203100528938
308.3484054736176 0.0001346288480298917
308.7071695922059 0.00014689317373036057
309.0659337107941 0.00013908860283005375
309.4246978293824 0.0001229219916794858
309.78346194797064 0.00011149387000406876
310.14222606655886 0.00010396803377877763
310.50099018514715 0.00011511742077920098
310.8597543037354 0.00010341056442877377
311.2185184223236 9.031003470328138e-05
311.5772825409119 9.588472820349913e-05
311.9360466595001 8.891636132824483e-05
312.29481077808833 8.389913717804844e-05
312.6535748966766 7.274975017765486e-05
313.01233901526484 7.274975017764334e-05
313.3711031338531 7.525836225274641e-05
313.72986725244135 6.271530187728868e-05
314.0886313710296 6.076415915220785e-05
314.44739548961786 6.828999537749211e-05
314.8061596082061 5.3795792276963174e-05
315.1649237267943 5.574693500202554e-05
315.5236878453826 5.100844552686145e-05
315.8824519639708 4.9893506826812864e-05
316.2412160825591 4.2367670601546125e-05
316.59998020114733 3.5678038401302e-05
316.95874431973556 3.762918112636724e-05
317.31750843832384 3.818665047639355e-05
317.67627255691207 4.208893592653595e-05
318.0350366755003 3.31694263262052e-05
318.3938007940886 3.4841834376271485e-05
318.7525649126768 3.121828360113431e-05
319.1113290312651 2.4249916725884956e-05
319.4700931498533 2.787346750101719e-05
319.82885726844154 2.4249916725881113e-05
320.1876213870298 2.508612075091547e-05
320.54638550561805 2.1462569975783238e-05
320.9051496242063 1.8953957900688684e-05
321.26391374279456 1.8675223225681517e-05
321.6226778613828 1.58878764755798e-05
321.981441979971 1.616661115058741e-05
322.3402060985593 1.4772937775539111e-05
322.6989702171475 1.4494203100526642e-05
323.0577343357358 1.5330407125559455e-05
323.416498454324 1.2821795050467906e-05
323.77526257291225 1.2821795050465875e-05
324.13402669150054 1.1428121675417048e-05
324.49279081008876 8.362040250305156e-06
324.851554928677 8.362040250303831e-06
325.2103190472653 1.0034448300366187e-05
325.5690831658535 9.198244275334216e-06
325.9278472844418 8.083305575294984e-06
326.28661140303 7.247101550264469e-06
326.64537552161823 8.64077492531396e-06
327.0041396402065 7.525836225274641e-06
327.36290375879474 8.640774925315328e-06
327.72166787738297 6.689632200243065e-06
328.08043199597125 6.689632200244125e-06
328.4391961145595 4.181020125151916e-06
328.79796023314776 2.787346750101719e-06
329.156724351736 3.3448161001220626e-06
329.5154884703242 3.3448161001215324e-06
329.8742525889125 4.181020125152578e-06
330.2330167075007 3.6235507751322343e-06
330.59178082608895 3.3448161001215324e-06
330.95054494467723 2.229877400081375e-06
331.30930906326546 4.181020125151916e-06
331.66807318185374 2.787346750101719e-06
332.02683730044197 2.5086120750915468e-06
332.3856014190302 2.5086120750911495e-06
332.7443655376185 1.951142725071203e-06
333.1031296562067 1.951142725071203e-06
333.46189377479493 1.9511427250708942e-06
333.8206578933832 1.1149387000406875e-06
334.17942201197144 1.3936733750508594e-06
334.53818613055967 1.9511427250708942e-06
334.89695024914795 5.574693500203438e-07
335.2557143677362 5.574693500202555e-07
335.61447848632446 8.362040250305157e-07
335.9732426049127 5.574693500203438e-07
336.3320067235009 5.574693500202555e-07
336.6907708420892 2.787346750101719e-07
337.0495349606774 5.574693500203438e-07
337.40829907926565 8.362040250303831e-07
337.76706319785393 2.787346750101719e-07
338.12582731644216 5.574693500202555e-07
338.48459143503044 8.362040250305157e-07
338.84335555361866 8.362040250305157e-07
339.2021196722069 0.0
339.5608837907952 5.574693500203438e-07
339.9196479093834 0.0
340.2784120279716 0.0
340.6371761465599 5.574693500203438e-07
340.99594026514814 0.0
341.3547043837364 0.0
341.71346850232464 5.574693500203438e-07
342.07223262091287 0.0
342.43099673950115 0.0
342.7897608580894 2.787346750101719e-07
343.1485249766776 0.0
343.5072890952659 0.0
343.8660532138541 0.0
344.2248173324424 2.787346750101719e-07
344.5835814510306 0.0
344.94234556961885 2.7873467501012773e-07
345.30110968820713 2.787346750101719e-07
345.65987380679536 2.787346750101719e-07
346.0186379253836 0.0
346.37740204397187 2.787346750101719e-07
346.7361661625601 0.0
347.0949302811483 0.0
347.4536943997366 0.0
347.81245851832483 2.7873467501012773e-07
348.1712226369131 0.0
348.52998675550134 0.0
348.88875087408957 2.7873467501012773e-07
349.24751499267785 0.0
349.6062791112661 0.0
349.9650432298543 0.0
350.3238073484426 2.787346750101719e-07
350.6825714670308 0.0
351.0413355856191 0.0
351.4000997042073 0.0
351.75886382279555 0.0
352.11762794138383 0.0
352.47639205997206 2.787346750101719e-07
352.8351561785603 0.0
353.19392029714857 0.0
353.5526844157368 0.0
353.9114485343251 0.0
354.2702126529133 0.0
354.6289767715015 0.0
354.9877408900898 0.0
355.34650500867804 0.0
355.70526912726626 0.0
356.06403324585455 0.0
356.4227973644428 0.0
356.781561483031 0.0
357.1403256016193 0.0
357.4990897202075 0.0
357.8578538387958 0.0
358.216617957384 0.0
358.57538207597224 0.0
358.9341461945605 0.0
359.29291031314875 2.787346750101719e-07
