0.6180346820078082 18.0
0.8441536529199865 16.0
1.0702726238321647 12.0
1.296391594744343 17.0
1.5225105656565212 18.0
1.7486295365686995 17.0
1.9747485074808777 23.0
2.200867478393056 19.0
2.426986449305234 14.0
2.6531054202174125 26.0
2.8792243911295907 19.0
3.105343362041769 22.0
3.3314623329539472 22.0
3.5575813038661255 17.0
3.7837002747783037 18.0
4.0098192456904815 12.0
4.23593821660266 6.0
4.462057187514839 10.0
4.688176158427017 12.0
4.9142951293391945 8.0
5.140414100251373 36.0
5.366533071163552 29.0
5.59265204207573 27.0
5.8187710129879076 25.0
6.044889983900086 26.0
6.271008954812265 36.0
6.497127925724443 31.0
6.723246896636621 41.0
6.949365867548799 37.0
7.175484838460978 43.0
7.401603809373156 17.0
7.627722780285334 17.0
7.853841751197512 19.0
8.079960722109691 25.0
8.306079693021868 13.0
8.532198663934047 6.0
8.758317634846225 5.0
8.984436605758404 6.0
9.210555576670581 7.0
9.43667454758276 6.0
9.662793518494938 12.0
9.888912489407117 9.0
10.115031460319296 8.0
10.341150431231473 12.0
10.567269402143651 12.0
10.79338837305583 13.0
11.019507343968007 9.0
11.245626314880186 11.0
11.471745285792364 6.0
11.697864256704543 14.0
11.923983227616722 6.0
12.150102198528899 3.0
12.376221169441077 5.0
12.602340140353256 5.0
12.828459111265433 5.0
13.054578082177612 8.0
13.28069705308979 12.0
13.506816024001969 17.0
13.732934994914148 16.0
13.959053965826325 11.0
14.185172936738503 13.0
14.411291907650682 9.0
14.637410878562859 5.0
14.863529849475038 4.0
15.089648820387216 10.0
15.315767791299395 6.0
15.541886762211574 10.0
15.76800573312375 5.0
15.99412470403593 10.0
16.220243674948108 4.0
16.446362645860283 7.0
16.672481616772465 8.0
16.89860058768464 4.0
17.124719558596823 4.0
17.350838529508998 9.0
17.57695750042118 10.0
17.803076471333355 11.0
18.02919544224553 6.0
18.255314413157713 9.0
18.481433384069888 6.0
18.70755235498207 13.0
18.933671325894245 15.0
19.159790296806428 17.0
19.385909267718603 14.0
19.612028238630785 12.0
19.83814720954296 17.0
20.064266180455135 12.0
20.290385151367317 21.0
20.516504122279493 13.0
20.742623093191675 18.0
20.96874206410385 12.0
21.194861035016032 6.0
21.420980005928207 21.0
21.647098976840383 8.0
21.873217947752565 13.0
22.09933691866474 14.0
22.325455889576922 22.0
22.551574860489097 7.0
22.77769383140128 8.0
23.003812802313455 6.0
23.229931773225637 27.0
23.456050744137812 34.0
23.682169715049987 40.0
23.90828868596217 26.0
24.134407656874345 41.0
24.360526627786527 27.0
24.586645598698702 36.0
24.812764569610884 31.0
25.03888354052306 33.0
25.265002511435235 27.0
25.491121482347417 34.0
25.717240453259592 40.0
25.943359424171774 43.0
26.16947839508395 35.0
26.39559736599613 47.0
26.621716336908307 44.0
26.84783530782049 66.0
27.073954278732664 66.0
27.30007324964484 72.0
27.52619222055702 82.0
27.752311191469197 63.0
27.97843016238138 75.0
28.204549133293554 79.0
28.430668104205736 81.0
28.65678707511791 89.0
28.882906046030087 71.0
29.10902501694227 98.0
29.335143987854444 88.0
29.561262958766626 99.0
29.7873819296788 88.0
30.013500900590984 110.0
30.23961987150316 109.0
30.46573884241534 101.0
30.691857813327516 104.0
30.91797678423969 107.0
31.144095755151874 117.0
31.37021472606405 102.0
31.59633369697623 113.0
31.822452667888406 110.0
32.04857163880059 113.0
32.27469060971276 132.0
32.50080958062494 134.0
32.72692855153712 140.0
32.9530475224493 163.0
33.17916649336148 151.0
33.40528546427365 173.0
33.631404435185836 221.0
33.85752340609801 227.0
34.08364237701019 197.0
34.30976134792237 214.0
34.53588031883455 217.0
34.761999289746726 256.0
34.9881182606589 266.0
35.21423723157108 261.0
35.44035620248326 280.0
35.66647517339544 253.0
35.892594144307616 209.0
36.1187131152198 223.0
36.34483208613197 234.0
36.570951057044155 244.0
36.79707002795633 226.0
37.023188998868505 201.0
37.24930796978069 213.0
37.47542694069286 220.0
37.701545911605045 235.0
37.92766488251722 202.0
38.1537838534294 232.0
38.37990282434158 261.0
38.60602179525376 267.0
38.832140766165935 271.0
39.05825973707811 263.0
39.28437870799029 284.0
39.51049767890247 249.0
39.73661664981465 290.0
39.962735620726825 290.0
40.18885459163901 279.0
40.41497356255118 269.0
40.64109253346336 262.0
40.86721150437554 297.0
41.093330475287715 281.0
41.3194494461999 300.0
41.54556841711207 282.0
41.771687388024255 300.0
41.99780635893643 259.0
42.223925329848605 290.0
42.45004430076079 295.0
42.67616327167296 333.0
42.902282242585144 342.0
43.12840121349732 295.0
43.3545201844095 320.0
43.58063915532168 344.0
43.80675812623386 355.0
44.032877097146034 340.0
44.25899606805821 335.0
44.48511503897039 354.0
44.71123400988257 353.0
44.93735298079475 287.0
45.163471951706924 327.0
45.38959092261911 338.0
45.61570989353128 329.0
45.841828864443464 298.0
46.06794783535564 304.0
46.294066806267814 321.0
46.52018577718 291.0
46.74630474809217 311.0
46.972423719004354 306.0
47.19854268991653 371.0
47.42466166082871 394.0
47.650780631740886 326.0
47.87689960265306 364.0
48.103018573565244 367.0
48.32913754447742 390.0
48.5552565153896 389.0
48.781375486301776 388.0
49.00749445721396 380.0
49.233613428126134 381.0
49.45973239903831 419.0
49.68585136995049 446.0
49.911970340862666 399.0
50.13808931177485 434.0
50.364208282687024 447.0
50.590327253599206 469.0
50.81644622451138 453.0
51.04256519542356 460.0
51.26868416633574 449.0
51.494803137247914 477.0
51.720922108160096 474.0
51.94704107907227 453.0
52.17316004998445 468.0
52.39927902089663 457.0
52.62539799180881 434.0
52.851516962720986 507.0
53.07763593363317 540.0
53.30375490454534 482.0
53.52987387545752 504.0
53.7559928463697 513.0
53.982111817281876 529.0
54.20823078819406 562.0
54.43434975910623 528.0
54.660468730018415 539.0
54.88658770093059 570.0
55.112706671842766 553.0
55.33882564275495 589.0
55.56494461366712 532.0
55.791063584579305 541.0
56.01718255549148 563.0
56.24330152640366 593.0
56.46942049731584 553.0
56.69553946822801 585.0
56.921658439140195 515.0
57.14777741005237 584.0
57.37389638096455 523.0
57.60001535187673 510.0
57.82613432278891 554.0
58.052253293701085 550.0
58.27837226461327 552.0
58.50449123552544 550.0
58.73061020643762 590.0
58.9567291773498 606.0
59.182848148261975 548.0
59.40896711917416 597.0
59.63508609008633 589.0
59.861205060998515 589.0
60.08732403191069 617.0
60.31344300282287 633.0
60.53956197373505 612.0
60.76568094464722 635.0
60.991799915559405 639.0
61.21791888647158 585.0
61.44403785738376 591.0
61.67015682829594 659.0
61.89627579920812 636.0
62.122394770120295 753.0
62.34851374103247 719.0
62.57463271194465 762.0
62.80075168285683 737.0
63.02687065376901 793.0
63.252989624681184 815.0
63.47910859559337 794.0
63.70522756650554 781.0
63.93134653741772 771.0
64.15746550832989 785.0
64.38358447924207 802.0
64.60970345015426 745.0
64.83582242106642 839.0
65.0619413919786 827.0
65.28806036289079 798.0
65.51417933380296 730.0
65.74029830471514 675.0
65.96641727562732 790.0
66.19253624653949 716.0
66.41865521745167 701.0
66.64477418836385 720.0
66.87089315927604 708.0
67.0970121301882 741.0
67.32313110110039 708.0
67.54925007201257 728.0
67.77536904292474 762.0
68.00148801383692 789.0
68.2276069847491 771.0
68.45372595566128 798.0
68.67984492657345 763.0
68.90596389748563 717.0
69.13208286839782 690.0
69.35820183930998 713.0
69.58432081022217 730.0
69.81043978113435 729.0
70.03655875204653 748.0
70.2626777229587 758.0
70.48879669387088 796.0
70.71491566478306 785.0
70.94103463569525 758.0
71.16715360660741 738.0
71.3932725775196 782.0
71.61939154843178 757.0
71.84551051934395 788.0
72.07162949025613 772.0
72.29774846116831 768.0
72.5238674320805 755.0
72.74998640299266 739.0
72.97610537390484 796.0
73.20222434481703 845.0
73.4283433157292 777.0
73.65446228664138 825.0
73.88058125755356 794.0
74.10670022846574 786.0
74.33281919937791 758.0
74.55893817029009 792.0
74.78505714120227 704.0
75.01117611211444 734.0
75.23729508302662 741.0
75.4634140539388 735.0
75.68953302485099 803.0
75.91565199576316 773.0
76.14177096667534 874.0
76.36788993758752 846.0
76.5940089084997 770.0
76.82012787941187 835.0
77.04624685032405 861.0
77.27236582123624 854.0
77.4984847921484 895.0
77.72460376306059 855.0
77.95072273397277 815.0
78.17684170488495 774.0
78.40296067579712 721.0
78.6290796467093 791.0
78.85519861762148 739.0
79.08131758853365 636.0
79.30743655944583 734.0
79.53355553035802 636.0
79.7596745012702 695.0
79.98579347218237 715.0
80.21191244309455 697.0
80.43803141400673 699.0
80.6641503849189 763.0
80.89026935583108 682.0
81.11638832674326 693.0
81.34250729765544 803.0
81.56862626856761 799.0
81.7947452394798 776.0
82.02086421039198 805.0
82.24698318130415 797.0
82.47310215221633 871.0
82.69922112312851 850.0
82.92534009404069 926.0
83.15145906495286 910.0
83.37757803586504 906.0
83.60369700677722 884.0
83.82981597768939 856.0
84.05593494860157 896.0
84.28205391951376 885.0
84.50817289042594 846.0
84.73429186133811 877.0
84.96041083225029 842.0
85.18652980316247 820.0
85.41264877407465 881.0
85.63876774498682 861.0
85.864886715899 798.0
86.09100568681119 807.0
86.31712465772335 811.0
86.54324362863554 751.0
86.76936259954772 805.0
86.9954815704599 836.0
87.22160054137207 913.0
87.44771951228425 832.0
87.67383848319643 854.0
87.8999574541086 832.0
88.12607642502078 844.0
88.35219539593297 906.0
88.57831436684515 855.0
88.80443333775732 909.0
89.0305523086695 847.0
89.25667127958168 832.0
89.48279025049385 782.0
89.70890922140603 823.0
89.93502819231821 805.0
90.1611471632304 757.0
90.38726613414256 721.0
90.61338510505475 693.0
90.83950407596693 724.0
91.06562304687911 692.0
91.29174201779128 734.0
91.51786098870346 767.0
91.74397995961564 734.0
91.97009893052781 726.0
92.19621790144 808.0
92.42233687235218 820.0
92.64845584326436 841.0
92.87457481417653 824.0
93.10069378508871 824.0
93.32681275600089 820.0
93.55293172691306 798.0
93.77905069782524 834.0
94.00516966873742 806.0
94.2312886396496 761.0
94.45740761056177 779.0
94.68352658147396 853.0
94.90964555238614 826.0
95.1357645232983 833.0
95.36188349421049 824.0
95.58800246512267 835.0
95.81412143603485 828.0
96.04024040694702 880.0
96.2663593778592 871.0
96.49247834877139 864.0
96.71859731968355 879.0
96.94471629059574 945.0
97.17083526150792 851.0
97.3969542324201 812.0
97.62307320333227 879.0
97.84919217424445 834.0
98.07531114515663 880.0
98.3014301160688 874.0
98.52754908698098 844.0
98.75366805789317 858.0
98.97978702880535 861.0
99.20590599971752 861.0
99.4320249706297 946.0
99.65814394154188 931.0
99.88426291245406 960.0
100.11038188336623 905.0
100.33650085427841 919.0
100.5626198251906 936.0
100.78873879610276 999.0
101.01485776701495 938.0
101.24097673792713 992.0
101.46709570883931 1014.0
101.69321467975148 1007.0
101.91933365066366 975.0
102.14545262157584 922.0
102.37157159248801 983.0
102.59769056340019 1005.0
102.82380953431237 1060.0
103.04992850522456 1065.0
103.27604747613672 1028.0
103.50216644704891 984.0
103.72828541796109 956.0
103.95440438887326 975.0
104.18052335978544 1001.0
104.40664233069762 1003.0
104.6327613016098 1021.0
104.85888027252197 1056.0
105.08499924343415 1076.0
105.31111821434634 1093.0
105.53723718525852 988.0
105.76335615617069 1105.0
105.98947512708287 1066.0
106.21559409799505 1027.0
106.44171306890722 1084.0
106.6678320398194 1119.0
106.89395101073158 1120.0
107.12006998164377 1120.0
107.34618895255593 1064.0
107.57230792346812 1112.0
107.7984268943803 1069.0
108.02454586529247 1076.0
108.25066483620465 1083.0
108.47678380711683 1094.0
108.70290277802901 1173.0
108.92902174894118 1094.0
109.15514071985336 1121.0
109.38125969076555 1109.0
109.60737866167771 1093.0
109.8334976325899 1226.0
110.05961660350208 1234.0
110.28573557441426 1213.0
110.51185454532643 1280.0
110.73797351623861 1316.0
110.9640924871508 1352.0
111.19021145806296 1391.0
111.41633042897514 1345.0
111.64244939988733 1344.0
111.86856837079951 1425.0
112.09468734171168 1462.0
112.32080631262386 1382.0
112.54692528353604 1411.0
112.77304425444821 1396.0
112.99916322536039 1400.0
113.22528219627257 1476.0
113.45140116718476 1416.0
113.67752013809692 1464.0
113.9036391090091 1468.0
114.12975807992129 1516.0
114.35587705083347 1492.0
114.58199602174564 1556.0
114.80811499265782 1510.0
115.03423396357 1603.0
115.26035293448217 1553.0
115.48647190539435 1354.0
115.71259087630654 1464.0
115.93870984721872 1493.0
116.16482881813089 1472.0
116.39094778904307 1496.0
116.61706675995525 1514.0
116.84318573086742 1580.0
117.0693047017796 1554.0
117.29542367269178 1515.0
117.52154264360396 1546.0
117.74766161451613 1819.0
117.97378058542832 1742.0
118.1998995563405 1717.0
118.42601852725267 1763.0
118.65213749816485 1752.0
118.87825646907703 1683.0
119.10437543998921 1683.0
119.33049441090138 1676.0
119.55661338181356 1643.0
119.78273235272574 1657.0
120.00885132363793 1794.0
120.2349702945501 1770.0
120.46108926546228 1711.0
120.68720823637446 1841.0
120.91332720728663 1771.0
121.13944617819881 2008.0
121.36556514911099 2052.0
121.59168412002317 2080.0
121.81780309093534 2009.0
122.04392206184752 2068.0
122.2700410327597 2229.0
122.49616000367187 2147.0
122.72227897458406 2122.0
122.94839794549624 2142.0
123.17451691640842 2204.0
123.40063588732059 2160.0
123.62675485823277 2267.0
123.85287382914495 2260.0
124.07899280005712 2280.0
124.3051117709693 2217.0
124.53123074188149 2502.0
124.75734971279367 2492.0
124.98346868370584 2617.0
125.20958765461802 2515.0
125.4357066255302 2536.0
125.66182559644237 2586.0
125.88794456735455 2604.0
126.11406353826673 2768.0
126.34018250917892 2671.0
126.56630148009108 2663.0
126.79242045100327 2631.0
127.01853942191545 2704.0
127.24465839282762 2643.0
127.4707773637398 2666.0
127.69689633465198 2605.0
127.92301530556416 2758.0
128.14913427647633 2798.0
128.3752532473885 2687.0
128.6013722183007 2617.0
128.82749118921288 2724.0
129.05361016012506 2833.0
129.27972913103724 2756.0
129.50584810194943 2878.0
129.7319670728616 2849.0
129.9580860437738 2786.0
130.18420501468594 3088.0
130.41032398559813 3199.0
130.6364429565103 3157.0
130.8625619274225 3329.0
131.08868089833467 3252.0
131.31479986924685 3543.0
131.54091884015904 3576.0
131.7670378110712 3635.0
131.99315678198337 3540.0
132.21927575289556 3589.0
132.44539472380774 3598.0
132.67151369471992 3723.0
132.8976326656321 3805.0
133.12375163654428 3789.0
133.34987060745644 3676.0
133.57598957836862 3830.0
133.8021085492808 4274.0
134.02822752019298 4133.0
134.25434649110517 4208.0
134.48046546201735 4155.0
134.70658443292953 4406.0
134.93270340384169 4715.0
135.15882237475387 4743.0
135.38494134566605 4817.0
135.61106031657823 4797.0
135.83717928749041 5031.0
136.0632982584026 5085.0
136.28941722931478 5180.0
136.51553620022693 5226.0
136.74165517113912 5254.0
136.9677741420513 5460.0
137.19389311296348 5641.0
137.42001208387566 5600.0
137.64613105478784 5414.0
137.87225002570003 5630.0
138.09836899661218 5753.0
138.32448796752436 6075.0
138.55060693843654 6051.0
138.77672590934873 6067.0
139.0028448802609 6142.0
139.2289638511731 6505.0
139.45508282208527 6907.0
139.68120179299746 6822.0
139.9073207639096 6866.0
140.1334397348218 6912.0
140.35955870573397 7216.0
140.58567767664616 7834.0
140.81179664755834 7868.0
141.03791561847052 7928.0
141.2640345893827 7884.0
141.49015356029486 8245.0
141.71627253120704 8738.0
141.94239150211922 8731.0
142.1685104730314 8644.0
142.3946294439436 8721.0
142.62074841485577 9038.0
142.84686738576795 9747.0
143.0729863566801 9762.0
143.2991053275923 9709.0
143.52522429850447 9868.0
143.75134326941665 10375.0
143.97746224032883 11355.0
144.20358121124102 11491.0
144.4297001821532 11312.0
144.65581915306535 11158.0
144.88193812397753 11880.0
145.10805709488972 12892.0
145.3341760658019 12981.0
145.56029503671408 13166.0
145.78641400762626 12934.0
146.01253297853845 13347.0
146.2386519494506 14828.0
146.46477092036278 14713.0
146.69088989127496 14825.0
146.91700886218715 14653.0
147.14312783309933 15295.0
147.3692468040115 17336.0
147.5953657749237 17436.0
147.82148474583585 17420.0
148.04760371674803 17425.0
148.2737226876602 18205.0
148.4998416585724 22331.0
148.72596062948458 22925.0
148.95207960039676 22739.0
149.17819857130894 22775.0
149.4043175422211 23711.0
149.63043651313328 31025.0
149.85655548404546 30788.0
150.08267445495764 31120.0
150.30879342586982 31071.0
150.534912396782 32159.0
150.7610313676942 42229.0
150.98715033860634 42036.0
151.21326930951852 41502.0
151.4393882804307 41962.0
151.6655072513429 42406.0
151.89162622225507 54235.0
152.11774519316725 54238.0
152.34386416407943 54036.0
152.56998313499162 54042.0
152.79610210590377 54592.0
153.02222107681595 67461.0
153.24834004772814 67356.0
153.47445901864032 67409.0
153.7005779895525 67699.0
153.92669696046468 67478.0
154.15281593137686 78567.0
154.37893490228902 78517.0
154.6050538732012 78833.0
154.83117284411338 78841.0
155.05729181502556 78920.0
155.28341078593775 84605.0
155.50952975684993 84992.0
155.7356487277621 85163.0
155.96176769867427 84648.0
156.18788666958645 84369.0
156.41400564049863 86857.0
156.6401246114108 86955.0
156.866243582323 86597.0
157.09236255323518 86698.0
157.31848152414736 86569.0
157.5446004950595 85643.0
157.7707194659717 85229.0
157.99683843688388 85377.0
158.22295740779606 85346.0
158.44907637870824 85308.0
158.67519534962042 84024.0
158.9013143205326 82974.0
159.12743329144476 83501.0
159.35355226235694 83762.0
159.57967123326912 83523.0
159.8057902041813 80855.0
160.0319091750935 79859.0
160.25802814600567 80074.0
160.48414711691785 80430.0
160.71026608783 80167.0
160.9363850587422 75878.0
161.16250402965437 75548.0
161.38862300056655 74817.0
161.61474197147874 75518.0
161.84086094239092 74989.0
162.0669799133031 72083.0
162.29309888421525 71285.0
162.51921785512744 71521.0
162.74533682603962 71153.0
162.9714557969518 71627.0
163.19757476786398 68617.0
163.42369373877617 68308.0
163.64981270968835 67727.0
163.8759316806005 67764.0
164.10205065151268 68025.0
164.32816962242487 65101.0
164.55428859333705 64233.0
164.78040756424923 64097.0
165.0065265351614 64594.0
165.2326455060736 64054.0
165.45876447698575 61561.0
165.68488344789793 60169.0
165.9110024188101 60172.0
166.1371213897223 59917.0
166.36324036063448 60239.0
166.58935933154666 58169.0
166.81547830245884 57527.0
167.041597273371 57202.0
167.26771624428318 57169.0
167.49383521519536 57487.0
167.71995418610754 56343.0
167.94607315701973 54536.0
168.1721921279319 54771.0
168.3983110988441 54908.0
168.62443006975627 55182.0
168.85054904066843 52907.0
169.0766680115806 52034.0
169.3027869824928 51644.0
169.52890595340497 51845.0
169.75502492431715 51472.0
169.98114389522934 49637.0
170.20726286614152 48927.0
170.43338183705367 48749.0
170.65950080796586 48866.0
170.88561977887804 48593.0
171.11173874979022 46785.0
171.3378577207024 45802.0
171.56397669161458 46223.0
171.79009566252677 45456.0
172.01621463343892 46088.0
172.2423336043511 44011.0
172.46845257526329 42085.0
172.69457154617547 42357.0
172.92069051708765 42289.0
173.14680948799983 42309.0
173.372928458912 41033.0
173.59904742982417 39012.0
173.82516640073635 39331.0
174.05128537164853 39065.0
174.27740434256071 38849.0
174.5035233134729 38159.0
174.72964228438508 36418.0
174.95576125529726 36360.0
175.18188022620942 36387.0
175.4079991971216 36680.0
175.63411816803378 35258.0
175.86023713894596 33800.0
176.08635610985814 33794.0
176.31247508077033 34018.0
176.5385940516825 33806.0
176.76471302259466 33060.0
176.99083199350684 31963.0
177.21695096441903 31896.0
177.4430699353312 31725.0
177.6691889062434 32335.0
177.89530787715557 31413.0
178.12142684806776 29584.0
178.3475458189799 29689.0
178.5736647898921 29477.0
178.79978376080427 29767.0
179.02590273171646 29277.0
179.25202170262864 27746.0
179.47814067354082 27139.0
179.704259644453 27605.0
179.93037861536516 27663.0
180.15649758627734 26901.0
180.38261655718952 25381.0
180.6087355281017 25322.0
180.8348544990139 25318.0
181.06097346992607 25336.0
181.28709244083825 24594.0
181.51321141175043 23596.0
181.7393303826626 23141.0
181.96544935357477 23471.0
182.19156832448695 23704.0
182.41768729539913 22786.0
182.64380626631132 21413.0
182.8699252372235 21005.0
183.09604420813568 21034.0
183.32216317904783 21226.0
183.54828214996002 20882.0
183.7744011208722 19103.0
184.00052009178438 19217.0
184.22663906269656 18984.0
184.45275803360875 19124.0
184.67887700452093 18946.0
184.90499597543308 17510.0
185.13111494634526 17161.0
185.35723391725745 17402.0
185.58335288816963 17274.0
185.8094718590818 17313.0
186.035590829994 15819.0
186.26170980090617 15877.0
186.48782877181833 15720.0
186.7139477427305 15833.0
186.9400667136427 15830.0
187.16618568455488 14374.0
187.39230465546706 14324.0
187.61842362637924 14357.0
187.84454259729142 14230.0
188.07066156820358 13912.0
188.29678053911576 12824.0
188.52289951002794 12679.0
188.74901848094012 12742.0
188.9751374518523 12840.0
189.2012564227645 12913.0
189.42737539367667 11426.0
189.65349436458882 11375.0
189.879613335501 11451.0
190.1057323064132 11465.0
190.33185127732537 11524.0
190.55797024823755 10152.0
190.78408921914973 10294.0
191.01020819006192 10014.0
191.23632716097407 9923.0
191.46244613188625 10155.0
191.68856510279844 8887.0
191.91468407371062 8949.0
192.1408030446228 8649.0
192.36692201553498 8847.0
192.59304098644716 8895.0
192.81915995735932 7785.0
193.0452789282715 7789.0
193.27139789918368 7942.0
193.49751687009586 7808.0
193.72363584100805 7723.0
193.94975481192023 7000.0
194.1758737828324 6887.0
194.40199275374457 6826.0
194.62811172465675 6827.0
194.85423069556893 6922.0
195.0803496664811 6097.0
195.3064686373933 6100.0
195.53258760830548 6305.0
195.75870657921766 6240.0
195.9848255501298 6082.0
196.210944521042 5255.0
196.43706349195418 5077.0
196.66318246286636 5140.0
196.88930143377854 5224.0
197.11542040469072 5136.0
197.3415393756029 4291.0
197.5676583465151 4192.0
197.79377731742724 4099.0
198.01989628833942 4232.0
198.2460152592516 4080.0
198.4721342301638 3552.0
198.69825320107597 3484.0
198.92437217198815 3578.0
199.15049114290034 3478.0
199.3766101138125 3245.0
199.60272908472467 3056.0
199.82884805563685 2839.0
200.05496702654904 2869.0
200.28108599746122 2843.0
200.5072049683734 2802.0
200.73332393928558 2496.0
200.95944291019774 2320.0
201.18556188110992 2309.0
201.4116808520221 2401.0
201.63779982293428 2417.0
201.86391879384647 2063.0
202.09003776475865 1856.0
202.31615673567083 1837.0
202.54227570658298 1808.0
202.76839467749517 1850.0
202.99451364840735 1602.0
203.22063261931953 1294.0
203.4467515902317 1343.0
203.6728705611439 1395.0
203.89898953205608 1320.0
204.12510850296823 1057.0
204.3512274738804 1013.0
204.5773464447926 916.0
204.80346541570478 992.0
205.02958438661696 956.0
205.25570335752914 838.0
205.48182232844132 704.0
205.70794129935348 712.0
205.93406027026566 701.0
206.16017924117784 669.0
206.38629821209003 579.0
206.6124171830022 430.0
206.8385361539144 477.0
207.06465512482657 432.0
207.29077409573873 429.0
207.5168930666509 366.0
207.7430120375631 292.0
207.96913100847527 295.0
208.19524997938746 309.0
208.42136895029964 282.0
208.64748792121182 240.0
208.87360689212397 218.0
209.09972586303616 194.0
209.32584483394834 198.0
209.55196380486052 192.0
209.7780827757727 164.0
210.00420174668488 127.0
210.23032071759707 149.0
210.45643968850925 145.0
210.6825586594214 115.0
210.90867763033359 131.0
211.13479660124577 75.0
211.36091557215795 94.0
211.58703454307013 102.0
211.81315351398231 93.0
212.0392724848945 79.0
212.26539145580665 55.0
212.49151042671883 53.0
212.71762939763101 50.0
212.9437483685432 62.0
213.16986733945538 48.0
213.39598631036756 45.0
213.62210528127974 47.0
213.8482242521919 53.0
214.07434322310408 47.0
214.30046219401626 55.0
214.52658116492844 64.0
214.75270013584063 37.0
214.9788191067528 55.0
215.204938077665 45.0
215.43105704857714 49.0
215.65717601948933 43.0
215.8832949904015 35.0
216.1094139613137 56.0
216.33553293222587 35.0
216.56165190313806 54.0
216.78777087405024 28.0
217.0138898449624 44.0
217.24000881587457 34.0
217.46612778678676 38.0
217.69224675769894 51.0
217.91836572861112 54.0
218.1444846995233 43.0
218.3706036704355 55.0
218.59672264134764 58.0
218.82284161225982 56.0
219.048960583172 61.0
219.2750795540842 58.0
219.50119852499637 67.0
219.72731749590855 60.0
219.95343646682073 53.0
220.1795554377329 46.0
220.40567440864507 48.0
220.63179337955725 47.0
220.85791235046943 33.0
221.08403132138162 36.0
221.3101502922938 25.0
221.53626926320598 33.0
221.76238823411813 34.0
221.98850720503032 29.0
222.2146261759425 31.0
222.44074514685468 40.0
222.66686411776686 35.0
222.89298308867905 42.0
223.11910205959123 35.0
223.34522103050338 36.0
223.57134000141556 42.0
223.79745897232775 29.0
224.02357794323993 40.0
224.2496969141521 53.0
224.4758158850643 34.0
224.70193485597648 39.0
224.92805382688863 38.0
225.1541727978008 24.0
225.380291768713 42.0
225.60641073962518 27.0
225.83252971053736 48.0
226.05864868144954 54.0
226.28476765236172 52.0
226.5108866232739 58.0
226.73700559418606 44.0
