1.5102006843437765 4.614958197967157e-07
1.9435740572339102 1.153739549491789e-06
2.376947430124044 1.8459832791868618e-06
2.8103208030141777 1.6152353692885057e-06
3.243694175904311 6.922437296950739e-07
3.6770675487944446 1.15373954949179e-06
4.110440921684578 6.922437296950725e-07
4.543814294574712 4.61495819796716e-07
4.977187667464846 6.922437296950739e-07
5.410561040354979 2.7689749187802956e-06
5.843934413245113 2.0767311890852174e-06
6.277307786135247 2.7689749187802956e-06
6.7106811590253805 1.6152353692885057e-06
7.144054531915514 1.84598327918686e-06
7.577427904805648 6.922437296950739e-07
8.010801277695782 1.1537395494917923e-06
8.444174650585914 6.922437296950725e-07
8.877548023476049 2.307479098983575e-07
9.310921396366183 6.922437296950725e-07
9.744294769256317 1.845983279186875e-06
10.177668142146448 1.6152353692885025e-06
10.611041515036582 2.3074790989835748e-06
11.044414887926717 1.1537395494917874e-06
11.477788260816851 4.61495819796715e-07
11.911161633706985 6.922437296950725e-07
12.34453500659712 6.922437296950781e-07
12.77790837948725 0.0
13.211281752377385 0.0
13.64465512526752 4.61495819796715e-07
14.078028498157654 9.2299163959343e-07
14.511401871047788 1.153739549491797e-06
14.944775243937919 4.61495819796715e-07
15.378148616828053 1.1537395494917874e-06
15.811521989718187 2.307479098983575e-07
16.24489536260832 6.922437296950725e-07
16.678268735498456 9.229916395934375e-07
17.111642108388587 2.307479098983575e-07
17.54501548127872 6.922437296950725e-07
17.978388854168855 6.922437296950725e-07
18.41176222705899 6.922437296950781e-07
18.84513559994912 1.1537395494917874e-06
19.278508972839255 1.1537395494917874e-06
19.71188234572939 1.384487459390145e-06
20.145255718619524 1.1537395494917874e-06
20.578629091509658 1.1537395494917874e-06
21.012002464399792 2.3074790989835937e-07
21.445375837289923 6.922437296950725e-07
21.878749210180057 2.307479098983575e-07
22.31212258307019 1.1537395494917874e-06
22.745495955960326 9.2299163959343e-07
23.17886932885046 1.6152353692885156e-06
23.61224270174059 3.230470738577005e-06
24.045616074630725 2.76897491878029e-06
24.47898944752086 9.2299163959343e-07
24.912362820410994 2.307479098983575e-07
25.34573619330113 3.461218648475362e-06
25.779109566191263 2.9997228286786717e-06
26.212482939081394 3.922714468272077e-06
26.645856311971528 4.384210288068792e-06
27.079229684861662 4.153462378170435e-06
27.512603057751797 4.153462378170435e-06
27.94597643064193 4.384210288068828e-06
28.37934980353206 3.461218648475362e-06
28.812723176422196 5.307201927662222e-06
29.24609654931233 6.2301935672556525e-06
29.679469922202465 7.614681026645798e-06
30.1128432950926 5.768697747458984e-06
30.54621666798273 5.307201927662222e-06
30.979590040872864 6.2301935672556525e-06
31.412963413763 6.46094147715401e-06
31.846336786653133 1.0383655945426002e-05
32.27971015954327 7.61468102664586e-06
32.7130835324334 1.0383655945426172e-05
33.14645690532353 1.0614403855324357e-05
33.57983027821367 1.6613849512681874e-05
34.0132036511038 1.4998614143393116e-05
34.44657702399394 1.499861414339336e-05
34.87995039688407 1.7075345332478316e-05
35.31332376977421 1.4537118323596641e-05
35.74669714266434 1.3383378774104843e-05
36.18007051555447 1.1306647585019424e-05
36.61344388844461 1.1768143404816328e-05
37.04681726133474 1.5460109963189824e-05
37.480190634224876 1.845983279186875e-05
37.913564007115006 1.7075345332478316e-05
38.346937380005144 1.2460387134511407e-05
38.780310752895275 1.2691135044409767e-05
39.213684125785406 1.6844597422579956e-05
39.647057498675544 2.3767034719531017e-05
40.080430871565675 2.099805980075036e-05
40.51380424445581 1.9152076521563827e-05
40.94717761734594 1.9613572341360547e-05
41.380550990236074 1.3844874593901334e-05
41.81392436312621 2.0305816071055624e-05
42.24729773601634 2.515152217892076e-05
42.68067110890648 2.4459278449226093e-05
43.11404448179661 2.1459555620547424e-05
43.54741785468674 2.053656398095365e-05
43.98079122757688 2.261329517003922e-05
44.41416460046701 2.768974918780267e-05
44.84753797335715 2.3767034719531017e-05
45.28091134624728 1.7075345332478594e-05
45.71428471913741 1.9152076521563516e-05
46.14765809202755 2.4228530539327737e-05
46.58103146491768 2.676675754820925e-05
47.01440483780782 2.6766757548209686e-05
47.44777821069795 2.238254726014086e-05
47.88115158358808 2.4920774269022407e-05
48.314524956478216 2.7459001277904763e-05
48.74789832936835 2.8151245007599385e-05
49.181271702258485 2.5151522178921173e-05
49.614645075148616 2.976648037688787e-05
50.04801844803875 2.7459001277904763e-05
50.481391820928884 3.0920219926380156e-05
50.914765193819015 3.0227976196684584e-05
51.34813856670915 2.8151245007599846e-05
51.781511939599284 3.0227976196684584e-05
52.21488531248942 3.1843211565973596e-05
52.64825868537955 3.715041349363586e-05
53.08163205826968 4.2688363331195786e-05
53.51500543115982 3.853490095302602e-05
53.94837880404995 3.761190931343196e-05
54.38175217694009 4.153462378170469e-05
54.81512554983022 3.6688917673839145e-05
55.24849892272035 3.69196655837369e-05
55.68187229561049 3.8304153043127655e-05
56.11524566850062 4.015013632231388e-05
56.54861904139076 3.3919942755058825e-05
56.98199241428089 3.207395947587195e-05
57.41536578717102 4.314985915099249e-05
57.84873916006116 3.461218648475391e-05
58.28211253295129 3.553517812434676e-05
58.715485905841426 4.038088423221289e-05
59.14885927873156 4.591883406977352e-05
59.58223265162169 4.638032988956948e-05
60.015606024511825 3.8304153043127655e-05
60.448979397401956 4.084238005200894e-05
60.882352770292094 5.0764540177639066e-05
61.315726143182225 4.730332152916368e-05
61.749099516072356 5.076454017763823e-05
62.182472888962494 5.099528808753742e-05
62.615846261852624 5.168753181723165e-05
63.04921963474276 4.845706107865547e-05
63.48259300763289 5.4687254645911176e-05
63.915966380523024 5.4687254645910275e-05
64.34933975341316 5.8609969114183285e-05
64.78271312630329 5.837922120428492e-05
65.21608649919342 5.307201927662265e-05
65.64945987208355 5.39950109162161e-05
66.08283324497368 5.999445657357344e-05
66.51620661786382 5.607174210529949e-05
66.94957999075396 6.045595239337016e-05
67.38295336364409 6.0225204483471795e-05
67.81632673653422 6.368642313194719e-05
68.24970010942435 6.0225204483471795e-05
68.68307348231448 5.584099419540114e-05
69.11644685520463 5.745622956469149e-05
69.54982022809476 5.330276718652102e-05
69.98319360098489 5.976370866367508e-05
70.41656697387502 6.391717104184555e-05
70.84994034676515 5.9532960753774774e-05
71.2833137196553 6.437866686164227e-05
71.71668709254543 6.322492731215048e-05
72.15006046543556 5.999445657357344e-05
72.58343383832569 6.622465014082698e-05
73.01680721121583 6.0225204483471795e-05
73.45018058410596 6.322492731215048e-05
73.8835539569961 6.691689387052422e-05
74.31692732988623 5.907146493398e-05
74.75030070277636 6.36864231319451e-05
75.1836740756665 6.668614596062586e-05
75.61704744855663 7.337783534767829e-05
76.05042082144676 6.599390223093078e-05
76.4837941943369 6.368642313194719e-05
76.91716756722703 7.0839608338794e-05
77.35054094011717 6.737838969032094e-05
77.7839143130073 6.853212923981274e-05
78.21728768589743 6.76091376002193e-05
78.65066105878756 6.230193567255704e-05
79.0840344316777 6.207118776265664e-05
79.51740780456784 6.830138132991438e-05
79.95078117745797 6.368642313194719e-05
80.3841545503481 6.0686700303268515e-05
80.81752792323823 6.184043985276031e-05
81.25090129612836 6.807063342001378e-05
81.6842746690185 7.453157489717008e-05
82.11764804190864 8.030027264462907e-05
82.55102141479877 7.545456653676352e-05
82.9843947876889 7.014736460910124e-05
83.41776816057903 6.830138132991214e-05
83.85114153346917 8.329999547330774e-05
84.2845149063593 7.407007907737337e-05
84.71788827924944 7.176259997838977e-05
85.15126165213957 6.99166166992029e-05
85.5846350250297 7.453157489716764e-05
86.01800839791984 8.214625592381595e-05
86.45138177080997 7.822354145554383e-05
86.8847551437001 7.960802891493398e-05
87.31812851659024 7.845428936544219e-05
87.75150188948037 8.23770038337116e-05
88.18487526237051 9.20684160494454e-05
88.61824863526064 8.929944113066508e-05
89.05162200815077 7.753129772584875e-05
89.4849953810409 6.830138132991438e-05
89.91836875393103 7.314708743777751e-05
90.35174212682118 6.922437296950782e-05
90.78511549971131 7.060886042889797e-05
91.21848887260144 6.253268358245539e-05
91.65186224549157 8.099251637432415e-05
92.0852356183817 8.145401219411819e-05
92.51860899127185 8.145401219412087e-05
92.95198236416198 7.522381862686516e-05
93.38535573705211 8.23770038337143e-05
93.81872910994224 8.23770038337143e-05
94.25210248283237 7.983877682482974e-05
94.68547585572252 7.176259997838977e-05
95.11884922861265 8.030027264462907e-05
95.55222260150278 8.491523084259624e-05
95.98559597439291 8.145401219412087e-05
96.41896934728304 9.114542440984896e-05
96.85234272017318 8.653046621188477e-05
97.28571609306331 8.514597875249462e-05
97.71908946595345 8.906869322076673e-05
98.15246283884358 8.606897039208523e-05
98.58583621173372 8.629971830198641e-05
99.01920958462385 9.114542440985196e-05
99.45258295751398 9.391439932863228e-05
99.88595633040411 9.183766813954703e-05
100.31932970329424 9.114542440984896e-05
100.75270307618439 9.899085334639618e-05
101.18607644907452 9.36836514187339e-05
101.61944982196465 0.00010499029900375352
102.05282319485478 9.391439932863228e-05
102.48619656774491 9.160692022964568e-05
102.91956994063506 9.599113051771749e-05
103.35294331352519 9.460664305832735e-05
103.78631668641532 0.0001056825427334486
104.21969005930545 0.0001084515176522289
104.65306343219558 0.00011260498003039567
105.08643680508573 0.0001061440385532453
105.51981017797586 0.00011168198839080594
105.95318355086599 0.00010891301347202564
106.38655692375612 0.00010475955109385515
106.81993029664625 0.00010452880318395337
107.2533036695364 0.00010914376138192399
107.68667704242652 0.0001119127363007043
108.12005041531665 0.00011145124048090758
108.55342378820679 0.00011583545076897642
108.98679716109692 0.0001211426526966347
109.42017053398706 0.0001282958379034878
109.85354390687719 0.00012852658581338617
110.28691727976732 0.00012045040896694359
110.72029065265745 0.00012598835880450423
111.15366402554758 0.0001273728462638902
111.58703739843773 0.0001391409896687107
112.02041077132786 0.0001301418211826747
112.45378414421799 0.00013060331700247142
112.88715751710812 0.0001522936205329172
113.32053088999825 0.00013544902311033252
113.7539042628884 0.0001402947292182025
114.18727763577853 0.00014790941024484837
114.62065100866866 0.00014306370413698282
115.05402438155879 0.0001522936205329172
115.48739775444892 0.00013637201474992592
115.92077112733907 0.00014375594786667788
116.3541445002292 0.00015552409127149423
116.78751787311933 0.00015621633500118932
117.22089124600946 0.00016036979737935977
117.65426461889959 0.00016313877229813471
118.08763799178973 0.0001675229825862089
118.52101136467986 0.00017029195750498924
118.95438473757 0.00015944680573976635
119.38775811046013 0.0001578315703704778
119.82113148335026 0.00016198503274864298
120.2545048562404 0.00017629140316234658
120.68787822913053 0.00018136785718011046
121.12125160202066 0.0001931360005849268
121.5546249749108 0.00019590497550370714
121.98799834780093 0.00019475123595420895
122.42137172069107 0.00020675012726893
122.8547450935812 0.00020467339607984478
123.28811846647133 0.00021459555620547422
123.72149183936146 0.00022636369961029053
124.1548652122516 0.00021621079157475566
124.58823858514174 0.00023490137227652987
125.02161195803187 0.00022797893497957908
125.454985330922 0.00025059223014961833
125.88835870381213 0.00024390054076256588
126.32173207670226 0.00023697810346560733
126.7551054495924 0.00023605511182602163
127.18847882248254 0.0002436697928526675
127.62185219537267 0.00024136231375367602
128.0552255682628 0.0002365166076458106
128.48859894115296 0.00025174596969911836
128.92197231404307 0.00024159306166357438
129.35534568693322 0.00026236037355444324
129.78871905982334 0.0002489769947803216
130.22209243271348 0.00028451217290468645
130.6554658056036 0.0003045872410658244
131.08883917849374 0.0002997415349579787
131.52221255138386 0.00029997228286785736
131.955585924274 0.0002992800391381623
132.38895929716415 0.0003216625863983235
132.82233267005427 0.00031866286356962384
133.2557060429444 0.0003267390404160876
133.68907941583453 0.0003433528899287475
134.12245278872467 0.0003625049664503107
134.55582616161482 0.0003800418076026104
134.98919953450493 0.00038073405133228047
135.42257290739508 0.00040034762367366665
135.8559462802852 0.00042549914585256074
136.28931965317534 0.0004194997001952036
136.72269302606549 0.00043888252462669395
137.1560663989556 0.00043865177671676683
137.58943977184575 0.00045341964295029103
138.02281314473586 0.0004541118866799564
138.456186517626 0.0004921852918131844
138.88955989051615 0.0004979539895606758
139.32293326340627 0.0005341814114146844
139.75630663629642 0.000544565067360146
140.18968000918653 0.0005611789168727916
140.62305338207668 0.0005766390268359811
141.05642675496682 0.0006050210197535181
141.48980012785694 0.0006110204654108356
141.92317350074708 0.000653939576651929
142.35654687363723 0.000645171156075834
142.78992024652734 0.0007317016222876736
143.2232936194175 0.0007416237824133514
143.6566669923076 0.0007718517586099868
144.09004036519775 0.0008320769630934566
144.5234137380879 0.000816847601040219
144.956787110978 0.0008791495367127204
145.39016048386816 0.000953911859519849
145.82353385675827 0.0009518351283307013
146.25690722964842 0.0010164445431022396
146.69028060253856 0.0010515182254068583
147.12365397542868 0.001095360328287476
147.55702734831883 0.0012416545031631125
147.99040072120894 0.001241654503163031
148.4237740940991 0.0014827860690068088
148.85714746698923 0.001524320692788612
149.29052083987935 0.001640386891467383
149.7238942127695 0.0020573483646538398
150.1572675856596 0.0021166505774975813
150.59064095854976 0.002343475772927661
151.0240143314399 0.002678752486010142
151.45738770433002 0.0027230560847104498
151.89076107722016 0.0032909266909705095
152.32413445011028 0.0033894560484968896
152.75750782300042 0.003649508942952332
153.19088119589057 0.004156462100999283
153.62425456878069 0.004187151573015492
154.05762794167083 0.004559117203771934
154.49100131456095 0.004760790877022795
154.9243746874511 0.0049753864332282615
155.35774806034124 0.0051477551219226685
155.79112143323135 0.005134140995238328
156.2244948061215 0.005285050128312196
156.65786817901161 0.00538588696493743
157.09124155190176 0.005458803304465309
157.5246149247919 0.005470571447870484
157.95798829768202 0.005450727127618867
158.39136167057217 0.0054114999829365015
158.82473504346228 0.005450496379708968
159.25810841635243 0.005530796652353595
159.69148178924257 0.005430652059458066
160.1248551621327 0.005327738491643045
160.55822853502283 0.005390732671045648
160.99160190791295 0.005192520216442611
161.4249752808031 0.005161138500696435
161.85834865369324 0.005197596670460715
162.29172202658336 0.005103220775311949
162.7250953994735 0.005136909970157445
163.15846877236362 0.005044610806197768
163.59184214525376 0.0050628398910797364
164.0252155181439 0.005035611637712062
164.45858889103403 0.004889086714926279
164.89196226392417 0.004945158457031902
165.3253356368143 0.0048567820075405095
165.75870900970443 0.00481040167765094
166.19208238259458 0.004835553199830178
166.6254557554847 0.004764021347761372
167.05882912837484 0.004764944339401278
167.49220250126496 0.004745561514969503
167.9255758741551 0.0046807213522880664
168.35894924704525 0.004627880080921648
168.79232261993536 0.004570885347176451
169.2256959928255 0.004497046016009273
169.65906936571562 0.004467741031451888
170.09244273860577 0.004359289513799662
170.5258161114959 0.004348905857854522
170.95918948438603 0.004316601150468467
171.39256285727618 0.004181152127358409
171.8259362301663 0.00411331224184802
172.25930960305644 0.004057471247652618
172.69268297594658 0.0039640183441440454
173.1260563488367 0.003971402277260534
173.55942972172684 0.0038179549171783794
173.99280309461696 0.003797418353197176
174.4261764675071 0.0037951108740981922
174.85954984039725 0.0037348856696149675
175.29292321328737 0.0037934956387289036
175.7262965861775 0.0036476629596733845
176.15966995906763 0.0037212715429307194
176.59304333195777 0.003651124178321621
177.02641670484792 0.0036532009095109454
177.45979007773803 0.0035862840156401844
177.89316345062818 0.0035985136548650327
178.3265368235183 0.003562747728830552
178.75991019640844 0.003610743294089409
179.1932835692986 0.0034619108922051994
179.6266569421887 0.0034849856831948075
180.06003031507885 0.0034533732195389595
180.49340368796896 0.0034088388729283515
180.9267770608591 0.0033986859648928234
181.36015043374925 0.003330846079382927
181.79352380663937 0.0033086942800324664
182.22689717952952 0.0032805430350250826
182.66027055241963 0.003150170465932299
183.09364392530978 0.003185474896146747
183.52701729819992 0.0030747158993957397
183.96039067109004 0.0029780325251481284
184.39376404398018 0.0029436510865734674
184.8271374168703 0.002923345270502219
185.26051078976045 0.0028861948570085847
185.6938841626506 0.0028783494280722292
186.1272575355407 0.0027622832293931697
186.56063090843085 0.002776820347716948
186.99400428132097 0.002688905394045494
187.4273776542111 0.0026316799123907025
187.86075102710126 0.0026914436210545524
188.29412439999138 0.002600759692464323
188.72749777288152 0.0026275264500127044
189.16087114577164 0.00262083476062548
189.59424451866178 0.0025806846243031666
190.02761789155193 0.002645524786984777
190.46099126444204 0.0026231422397244636
190.8943646373322 0.002572377699546995
191.3277380102223 0.002607682129761274
191.76111138311245 0.0025769926577447933
192.1944847560026 0.00255322562302543
192.6278581288927 0.0025661475059795707
193.06123150178286 0.0025541486146650237
193.49460487467297 0.0025548408583945517
193.92797824756312 0.0024941541580912846
194.36135162045326 0.0025289970924861015
194.79472499334338 0.0024851549896052487
195.22809836623352 0.0024286217516801527
195.66147173912367 0.0025036148223972813
196.0948451120138 0.002469233383822263
196.52821848490393 0.0024083159356092557
196.96159185779405 0.0024396976513552738
197.3949652306842 0.002401854994131944
197.82833860357434 0.002321093225667673
198.26171197646445 0.0023411682938286778
198.6950853493546 0.002313709292550925
199.12845872224472 0.0023494752185850183
199.56183209513486 0.0023118633092715866
199.995205468025 0.0023344766044417786
200.42857884091512 0.0023522441935037984
200.86195221380527 0.002304017880335194
201.29532558669538 0.0022735591562284604
201.72869895958553 0.002326169679685285
202.16207233247567 0.0023100173259925517
202.5954457053658 0.002355936160062172
203.02881907825594 0.002364473832728566
203.46219245114605 0.0023370148314505075
203.8955658240362 0.0023430142771078645
204.32893919692634 0.002412238650077528
204.76231256981646 0.0023642430848185127
205.1956859427066 0.002387317875808504
205.62905931559672 0.002363089345269021
206.06243268848687 0.0024180073478248286
206.495806061377 0.0023880101195381995
206.92917943426713 0.0024376209201661886
207.36255280715727 0.002429083247500109
207.7959261800474 0.0024493890635710045
208.22929955293753 0.00245423476967887
208.66267292582768 0.0024417743825445194
209.0960462987178 0.002454927013408565
209.52941967160794 0.002498999864199314
209.96279304449806 0.002537304017242277
210.3961664173882 0.0025322275632245128
210.82953979027835 0.002562455539421365
211.26291316316846 0.0025319968153146148
211.6962865360586 0.0025882993053299823
212.12965990894872 0.002550687396016381
212.56303328183887 0.0026381408538678564
212.99640665472901 0.002725363563809612
213.42978002761913 0.0026704455612536256
213.86315340050928 0.002720979353521543
214.2965267733994 0.0027509765818081503
214.72990014628954 0.0027758973560771723
215.16327351917968 0.002799433642886988
215.5966468920698 0.00282666189625481
216.03002026495994 0.0028497366872448316
216.46339363785006 0.0028859641090986862
216.8967670107402 0.002904193193980656
217.33014038363035 0.0029743405585899497
217.76351375652047 0.0029438818344831724
218.1968871294106 0.0030541793354147847
218.63026050230073 0.003055794570783873
219.06363387519087 0.0030606402768917386
219.49700724808102 0.003151554953391896
219.93038062097114 0.0031400175578967715
220.36375399386128 0.0031414020453563677
220.7971273667514 0.003167245811264777
221.23050073964154 0.0032212408221809915
221.6638741125317 0.003251699546287787
222.0972474854218 0.0032703901269893402
222.53062085831195 0.0032745435893677256
222.96399423120207 0.003283773505763445
223.3973676040922 0.003321385415076876
223.83074097698236 0.0033322305668423173
224.26411434987247 0.0034351441346567634
224.69748772276262 0.003426606461990749
225.13086109565273 0.003415069066495607
225.56423446854288 0.00345245022789914
225.99760784143302 0.003453603967448858
226.43098121432314 0.0034425280677735106
226.86435458721328 0.0035223668445985715
227.2977279601034 0.003606128335891442
227.73110133299355 0.0035710546535868927
228.1644747058837 0.003603128613063
228.5978480787738 0.003637510051637618
229.03122145166395 0.0036557391365198274
229.46459482455407 0.003712272374444684
229.89796819744421 0.0037002734831299696
230.33134157033436 0.003710657139075639
230.76471494322448 0.0037101956432555993
231.19808831611462 0.003735347165434764
231.63146168900474 0.0037713438393786624
232.06483506189488 0.003751268771217505
232.49820843478503 0.0037544992419563284
232.93158180767514 0.003798110596926871
233.3649551805653 0.0038518748599334395
233.7983285534554 0.003810570984061382
234.23170192634555 0.0038537208432123733
234.6650752992357 0.003840568212348419
235.0984486721258 0.003882102836129871
235.53182204501596 0.0038555668264918133
235.96519541790607 0.0038864870464179395
236.39856879079622 0.0038495673808342035
236.83194216368636 0.003852797851573033
237.26531553657648 0.0038698731969052584
237.69868890946663 0.0039007934168318933
238.13206228235674 0.003960557125495311
238.5654356552469 0.003965402831603176
238.99880902813703 0.003973017512630082
239.43218240102715 0.003933098124217407
239.8655557739173 0.003999322774358496
240.2989291468074 0.003976478731278297
240.73230251969755 0.003999092026448336
241.1656758925877 0.0039448662676224815
241.59904926547782 0.004033704212933089
242.03242263836796 0.0040217053216186375
242.46579601125808 0.004009014186573965
242.89916938414822 0.004084930248930522
243.33254275703837 0.004075700332534855
243.76591612992848 0.0040440878688785134
244.19928950281863 0.0041303875871807685
244.63266287570875 0.004148385924152569
245.0660362485989 0.0041080050399203575
245.49940962148904 0.004075008088805161
245.93278299437915 0.004118388695865783
246.3661563672693 0.004154385369810199
246.79952974015941 0.004212072347284514
247.23290311304956 0.0041165427125865964
247.6662764859397 0.004187382320925664
248.09964985882982 0.004250837996147437
248.53302323171997 0.004204226918348246
248.96639660461008 0.0042201485241309565
249.39976997750023 0.004239531348562418
249.83314335039037 0.00427991223279491
250.2665167232805 0.004263529131191847
250.69989009617063 0.004374518875853241
251.13326346906075 0.004300448796775583
251.5666368419509 0.004360212505439256
252.00001021484104 0.004412130785166674
252.43338358773116 0.004359058765889764
252.8667569606213 0.004394363196104212
253.30013033351145 0.004381672061060091
253.73350370640156 0.004506737428224709
254.1668770792917 0.004437974551075292
254.60025045218183 0.004529350723394748
255.03362382507197 0.004499353495107963
255.46699719796212 0.004510660142693277
255.90037057085223 0.00456119393496072
256.3337439437424 0.004568808615987666
256.7671173166325 0.0045988058442738506
257.20049068952267 0.004637571493137379
257.6338640624128 0.004631572047480021
258.0672374353029 0.004687643789585325
258.500610808193 0.004694566226881659
258.9339841810832 0.004738408329762966
259.3673575539733 0.004788711374120809
259.8007309268634 0.0048228620647851345
260.2341042997536 0.004796326055147455
260.6674776726437 0.004837629931019263
261.10085104553383 0.004926467876330135
261.53422441842395 0.004974463441588342
261.9675977913141 0.004929467599158814
262.40097116420424 0.004960618566995093
262.83434453709435 0.005062147647349711
263.2677179099845 0.004995230753479848
263.70109128287464 0.005099990304573706
264.13446465576476 0.005136217726427077
264.56783802865493 0.0051558312987691115
265.00121140154505 0.0052139797720635
265.43458477443517 0.005237516058873132
265.8679581473253 0.005196904426730339
266.30133152021546 0.005197827418370614
266.7347048931056 0.005285742372041892
267.1680782659957 0.005338583643407917
267.60145163888586 0.005348505803534248
268.034825011776 0.005378041536001238
268.4681983846661 0.0054142689578545716
268.90157175755627 0.005505183634355239
269.3349451304464 0.005441727959133187
269.7683185033365 0.005528489173254974
270.2016918762266 0.005516028786119739
270.6350652491168 0.005561947620190237
271.0684386220069 0.005642247892834869
271.501811994897 0.00571008777834424
271.9351853677872 0.005680552045877998
272.3685587406773 0.005720009938470619
272.80193211356743 0.0057920032863581486
273.2353054864576 0.00577769691594521
273.6686788593477 0.005899531812371548
274.10205223223784 0.005913838182785246
274.53542560512795 0.005979370589195599
274.9687989780181 0.0060012916406367274
275.40217235090824 0.006056671139012335
275.83554572379836 0.006065901055407475
276.26891909668853 0.006105589695910789
276.70229246957865 0.0061145888643968265
277.13566584246877 0.006154277504898538
277.56903921535894 0.006144124596863817
278.00241258824906 0.00625811406435361
278.4357859611392 0.0062428847023003175
278.8691593340293 0.006330338160150969
279.30253270691946 0.0064122536681657195
279.7359060798096 0.00644040491317332
280.1692794526997 0.006442712392271458
280.60265282558987 0.006482170284864924
281.03602619848 0.006541472497708804
281.4693995713701 0.006557163355581033
281.9027729442603 0.006613927341416892
282.3361463171504 0.006663999637864837
282.7695196900405 0.0066536159819185385
283.2028930629307 0.00677106666805768
283.6362664358208 0.0067823733156427
284.0696398087109 0.006851366940702311
284.50301318160103 0.0069637411728219025
284.9363865544912 0.006992353913650213
285.3697599273813 0.006950127046138812
285.80313330027144 0.007135648365696163
286.2365066731616 0.007146262769552425
286.66988004605173 0.007133802382417912
287.10325341894185 0.007092498506545175
287.536626791832 0.0072683284138886604
287.97000016472214 0.007323015668534574
288.40337353761225 0.0073765491836309946
288.83674691050237 0.00740931538683559
289.27012028339254 0.007497691836327637
289.70349365628266 0.00752422784596595
290.1368670291728 0.00760360512696999
290.57024040206295 0.007626449170050926
291.00361377495307 0.0075549173179824325
291.4369871478432 0.007663599583543557
291.87036052073336 0.007713902627902407
292.3037338936235 0.007807817027231043
292.7371072665136 0.007918806771892157
293.1704806394037 0.007793972152636119
293.6038540122939 0.007978108984736037
294.037227385184 0.007992876850969532
294.4706007580741 0.00802841202909283
294.9039741309643 0.008062793467668737
295.3373475038544 0.008146785706871744
295.7707208767445 0.008156015623266608
296.2040942496347 0.008209779886273997
296.6374676225248 0.008361612010987124
297.0708409954149 0.008311770462449075
297.50421436830504 0.008491984580078587
297.9375877411952 0.008529365741483236
298.37096111408533 0.008502368236025128
298.80433448697545 0.00850975216914076
299.2377078598656 0.008586591223138032
299.67108123275574 0.008659969058485711
300.10445460564586 0.00871050285075231
300.53782797853603 0.008752729718264855
300.97120135142615 0.008747191768427294
301.40457472431626 0.008877564337519872
301.8379480972064 0.008858873756816942
302.27132147009655 0.008825876805702638
302.70469484298667 0.009035626655800254
303.1380682158768 0.00895486488733465
303.57144158876696 0.00897517070340688
304.0048149616571 0.00902062804165686
304.4381883345472 0.009151462106568033
304.87156170743737 0.00906308565707816
305.3049350803275 0.009094698120734235
305.7383084532176 0.009039780118178423
306.1716818261077 0.009065623884085851
306.6050551989979 0.009129771803038787
307.038428571888 0.009192304486621243
307.4718019447781 0.009126541332299011
307.9051753176683 0.009122387869922038
308.3385486905584 0.009085006708518502
308.7719220634485 0.009124695349019826
309.2052954363387 0.009028011974773606
309.6386688092288 0.009143155181812893
310.07204218211893 0.00908846792716698
310.50541555500905 0.009110850474425926
310.9387889278992 0.009032857680881473
311.37216230078934 0.008964556299551556
311.80553567367946 0.008966863778649364
312.23890904656963 0.008888870985104892
312.67228241945975 0.008841106167755929
313.10565579234986 0.008731039414733263
313.53902916524004 0.008776958248804183
313.97240253813015 0.008635279032126585
314.40577591102027 0.008586360475228132
314.8391492839104 0.008486215882331128
315.27252265680056 0.008436605081704093
315.7058960296907 0.008410299819975679
316.1392694025808 0.008372687910661146
316.57264277547097 0.008290772402648324
317.0060161483611 0.008193627532581111
317.4393895212512 0.008126018394979824
317.8727628941414 0.008030258012373068
318.3061362670315 0.008005337238104045
318.7395096399216 0.007878656635569841
319.1728830128117 0.007783357748780794
319.6062563857019 0.007660369112805986
320.039629758592 0.007546610393226091
320.47300313148213 0.007532765518631201
320.9063765043723 0.007343552232515528
321.3397498772624 0.007338706526407662
321.77312325015254 0.007153646702668234
322.2064966230427 0.007128264432580351
322.6398699959328 0.0070207359065677126
323.07324336882294 0.006942743113022065
323.50661674171306 0.006857135638448871
323.93999011460323 0.006735531489933331
324.37336348749335 0.006631464182569168
324.80673686038347 0.00657423870091351
325.24011023327364 0.006385025414797712
325.67348360616376 0.006313493562729218
326.1068569790539 0.006171583598140913
326.54023035194405 0.006130279722269915
326.97360372483416 0.006007060338384187
327.4069770977243 0.005819693035546713
327.8403504706144 0.005899762560280672
328.27372384350457 0.005702934593138139
328.7070972163947 0.005524566458786702
329.1404705892848 0.005456957321185764
329.573843962175 0.00534804430771445
330.0072173350651 0.0053028177173743704
330.4405907079552 0.005171522156641521
330.8739640808454 0.00499915346794812
331.3073374537355 0.004960849314904991
331.7407108266256 0.00484939807442408
332.17408419951573 0.004754560683455227
332.6074575724059 0.0046726451754419305
333.040830945296 0.0045685778680777675
333.47420431818614 0.004441205021813287
333.9075776910763 0.004409131062337995
334.34095106396643 0.0042612216520931424
334.77432443685655 0.004219917776220781
335.2076978097467 0.004106851300371135
335.64107118263684 0.003976709479188456
336.07444455552695 0.003911638568596604
336.5078179284171 0.0037727283268383
336.94119130130724 0.0037468845609296827
337.37456467419736 0.0035708239056772284
337.8079380470875 0.0034799092291768153
338.24131141997765 0.003480601472906967
338.67468479286777 0.00331630896105933
339.1080581657579 0.0031995505186503364
339.54143153864806 0.0031570929032294567
339.9748049115382 0.0030938679759173037
340.4081782844283 0.0030184134093801424
340.84155165731846 0.0029443433303031623
341.2749250302086 0.002836122560560828
341.7082984030987 0.0027198256139720515
342.1416717759888 0.002670676309163349
342.575045148879 0.0025968369779962217
343.0084185217691 0.0025086912764150453
343.4417918946592 0.0024683103921825074
343.8751652675494 0.0024230838018427514
344.3085386404395 0.002293172728569971
344.7419120133296 0.0022347935073653907
345.1752853862198 0.002146417057874609
345.6086587591099 0.0021007289717147326
346.04203213200003 0.0020326583382947144
346.47540550489015 0.0019562807801180985
346.9087788777803 0.0019124386772376653
347.34215225067044 0.0018275234463950663
347.77552562356055 0.0018039871595851961
348.2088989964507 0.0017301478284179553
348.64227236934084 0.0016779988007809242
349.07564574223096 0.0016196195795764251
349.50901911512113 0.0015778542078850333
349.94239248801125 0.00150909133073532
350.37576586090137 0.0014384824703064195
350.8091392337915 0.0014080237461996505
351.24251260668166 0.0013491830291757516
351.6758859795718 0.0013150323385107932
352.1092593524619 0.00126103732759441
352.54263272535206 0.001211657274876325
352.9760060982422 0.0011800448112202486
353.4093794711323 0.0011011290260348628
353.84275284402247 0.0011082822112418564
354.2761262169126 0.0010351351238040742
354.7094995898027 0.0010134448202736275
355.1428729626928 0.0009573730781681989
355.576246335583 0.000938913245376455
356.0096197084731 0.0008906869322076964
356.4429930813632 0.0008846874865502228
356.8763664542534 0.0008318462151836129
357.3097398271435 0.0007852351373841428
357.74311320003363 0.000752468934178476
358.1764865729238 0.000722471705891787
358.6098599458139 0.000713703285315649
359.04323331870404 0.0006818600737496743
359.47660669159416 0.0006613235097686329
359.90998006448433 0.0005918683888893112
360.34335343737445 0.0006147124319692495
360.77672681026456 0.00057294706027757
361.21010018315474 0.0005392578654324836
361.64347355604485 0.0005074146538665089
362.07684692893497 0.00048757033361518544
362.51022030182514 0.00045434263458988454
362.94359367471526 0.00045711160950866496
363.3769670476054 0.000427575877041674
363.8103404204955 0.00040219360695280086
364.24371379338567 0.00040057837158356504
364.6770871662758 0.00037865732014322016
365.1104605391659 0.0003560440249731335
365.5438339120561 0.0003373534442714125
365.9772072849462 0.00031797061983994965
366.4105806578363 0.00031589388865082294
366.8439540307265 0.0002912038622917391
367.2773274036166 0.00028381992917499133
367.7107007765067 0.0002632833651940367
368.14407414939683 0.0002630526172841038
368.577447522287 0.000249669238510033
369.0108208951771 0.00023813184301511468
369.44419426806724 0.00021990275813311486
369.8775676409574 0.0002233639767816192
370.3109410138475 0.00020213516907096943
370.74431438673764 0.00017952187390090594
371.1776877596278 0.00019152076521564458
371.61106113251793 0.00016659999094662092
372.04443450540805 0.00016590774721692583
372.47780787829817 0.00015206287262300387
372.91118125118834 0.00014698641860525974
373.34455462407846 0.00014075622503800385
373.7779279969686 0.00013614126684001864
374.21130136985875 0.0001236808797055247
374.64467474274886 0.00010683628228294389
375.078048115639 0.00010683628228292989
375.51142148852915 0.00010129833244538309
375.94479486141927 9.945234916619616e-05
376.3781682343094 8.906869322076964e-05
376.8115416071995 9.899085334638643e-05
377.2449149800897 8.976093695046475e-05
377.6782883529798 7.937728100503823e-05
378.1116617258699 7.591606235655277e-05
378.5450350987601 6.576315432103459e-05
378.9784084716502 6.553240641113621e-05
379.4117818445403 6.322492731214424e-05
379.8451552174305 6.045595239337214e-05
380.2785285903206 5.7917725384490106e-05
380.7119019632107 5.676398583499827e-05
381.14527533610084 4.453434661037898e-05
381.578648708991 5.1687531817234194e-05
382.0120220818811 4.314985915099462e-05
382.44539545477124 4.453434661037898e-05
382.8787688276614 3.738116140353545e-05
383.31214220055153 3.5535178124348514e-05
383.74551557344165 3.345844693525882e-05
384.1788889463318 3.2996951115466476e-05
384.61226231922194 2.8151245007600768e-05
385.04563569211206 2.9997228286787702e-05
385.4790090650022 2.6536009638308717e-05
385.91238243789235 2.192105144034486e-05
386.34575581078246 2.2151799350243225e-05
386.7791291836726 2.0305816071053628e-05
387.21250255656275 1.8690580701767724e-05
387.64587592945287 1.730609324237752e-05
388.079249302343 1.7767589062171926e-05
388.51262267523316 1.892132861166609e-05
388.9459960481233 1.5460109963190586e-05
389.3793694210134 1.2691135044408518e-05
389.81274279390357 1.4998614143393851e-05
390.2461161667937 1.361412668400365e-05
390.6794895396838 1.1075899675121613e-05
391.1128629125739 1.1537395494916833e-05
391.5462362854641 1.1768143404816715e-05
391.9796096583542 8.537672666239577e-06
392.4129830312443 7.614681026645111e-06
392.8463564041345 7.614681026646109e-06
393.2797297770246 6.691689387052641e-06
393.71310314991473 4.614958197966734e-06
394.1464765228049 6.691689387052641e-06
394.579849895695 4.845706107865706e-06
395.01322326858514 6.2301935672559074e-06
395.44659664147525 3.922714468271724e-06
395.8799700143654 3.922714468272238e-06
396.31334338725554 4.845706107865706e-06
396.74671676014566 4.15346237817006e-06
397.18009013303583 3.6919665583738714e-06
397.61346350592595 3.230470738577137e-06
398.04683687881607 1.8459832791866933e-06
398.48021025170624 2.768974918780403e-06
398.91358362459636 1.6152353692885685e-06
399.3469569974865 2.768974918780403e-06
399.7803303703766 1.8459832791866933e-06
400.21370374326676 1.3844874593902016e-06
400.6470771161569 2.3074790989836697e-06
401.080450489047 6.9224372969501e-07
401.51382386193717 2.5382270088820364e-06
401.9471972348273 1.1537395494918348e-06
402.3805706077174 1.6152353692883568e-06
402.8139439806076 1.6152353692885685e-06
403.2473173534977 1.6152353692885685e-06
403.6806907263878 6.922437296951008e-07
404.1140640992779 0.0
404.5474374721681 4.6149581979673393e-07
404.9808108450582 6.922437296951008e-07
405.41418421794833 2.3074790989833666e-07
405.8475575908385 2.3074790989836697e-07
406.2809309637286 4.6149581979673393e-07
406.71430433661874 6.9224372969501e-07
407.1476777095089 9.229916395934679e-07
407.58105108239903 6.922437296951008e-07
408.01442445528915 0.0
408.44779782817926 2.3074790989833666e-07
408.88117120106944 2.3074790989836697e-07
409.31454457395955 2.3074790989836697e-07
409.74791794684967 4.614958197966733e-07
410.18129131973984 4.6149581979673393e-07
410.61466469262996 2.3074790989836697e-07
411.0480380655201 9.229916395933466e-07
411.48141143841025 4.6149581979673393e-07
411.91478481130036 2.3074790989836697e-07
412.3481581841905 4.6149581979673393e-07
412.7815315570806 4.614958197966733e-07
413.21490492997077 0.0
413.6482783028609 2.3074790989836697e-07
414.081651675751 0.0
414.5150250486412 2.3074790989836697e-07
414.9483984215313 0.0
415.3817717944214 2.3074790989833666e-07
415.8151451673116 2.3074790989836697e-07
416.2485185402017 2.3074790989836697e-07
416.6818919130918 0.0
417.11526528598193 0.0
417.5486386588721 2.3074790989836697e-07
417.9820120317622 0.0
418.41538540465234 0.0
418.8487587775425 0.0
419.28213215043263 2.3074790989836697e-07
419.71550552332275 0.0
420.1488788962129 2.3074790989836697e-07
420.58225226910304 2.3074790989836697e-07
421.01562564199315 0.0
421.44899901488327 0.0
421.88237238777344 0.0
422.31574576066356 0.0
422.7491191335537 0.0
423.18249250644385 0.0
423.61586587933397 0.0
424.0492392522241 0.0
424.48261262511426 0.0
424.9159859980044 0.0
425.3493593708945 0.0
425.7827327437846 0.0
426.2161061166748 0.0
426.6494794895649 0.0
427.082852862455 0.0
427.5162262353452 0.0
427.9495996082353 0.0
428.3829729811254 0.0
428.8163463540156 0.0
429.2497197269057 0.0
429.6830930997958 0.0
430.11646647268594 0.0
430.5498398455761 0.0
430.98321321846623 0.0
431.41658659135635 0.0
431.8499599642465 0.0
432.28333333713664 0.0
432.71670671002676 0.0
433.15008008291693 0.0
433.58345345580705 0.0
434.01682682869716 0.0
434.4502002015873 0.0
434.88357357447745 2.3074790989836697e-07
