0.9125181677674843 2.3628877416097004e-07
1.3357291322116762 0.0
1.7589400966558681 1.4177326449658196e-06
2.1821510611000603 1.6540214191267914e-06
2.605362025544252 1.1814438708048498e-06
3.028572989988444 4.7257754832194035e-07
3.451783954432636 9.451550966438807e-07
3.8749949188768276 4.7257754832194035e-07
4.298205883321019 7.088663224829083e-07
4.721416847765212 4.725775483219409e-07
5.144627812209404 2.126598967448734e-06
5.567838776653595 1.8903101932877555e-06
5.991049741097788 2.3628877416097042e-06
6.414260705541979 3.544331612414557e-06
6.83747166998617 9.451550966438777e-07
7.260682634430363 7.088663224829113e-07
7.683893598874555 7.088663224829083e-07
8.107104563318748 1.1814438708048521e-06
8.530315527762939 2.3628877416097044e-07
8.95352649220713 2.3628877416096943e-07
9.376737456651323 7.088663224829113e-07
9.799948421095515 4.725775483219409e-07
10.223159385539706 1.4177326449658167e-06
10.646370349983899 1.1814438708048521e-06
11.06958131442809 9.451550966438818e-07
11.492792278872281 0.0
11.916003243316474 2.3628877416097044e-07
12.339214207760666 1.8903101932877635e-06
12.762425172204857 4.7257754832193887e-07
13.18563613664905 2.3628877416097044e-07
13.608847101093241 4.7257754832193887e-07
14.032058065537434 4.725775483219409e-07
14.455269029981626 7.088663224829113e-07
14.878479994425817 4.7257754832193887e-07
15.30169095887001 7.088663224829113e-07
15.724901923314201 4.7257754832193887e-07
16.148112887758394 9.451550966438818e-07
16.571323852202585 2.3628877416097044e-07
16.994534816646777 4.725775483219409e-07
17.417745781090968 4.725775483219369e-07
17.840956745535163 1.6540214191267933e-06
18.264167709979354 1.8903101932877635e-06
18.687378674423545 7.088663224829113e-07
19.110589638867737 1.1814438708048521e-06
19.533800603311928 9.451550966438818e-07
19.95701156775612 2.3628877416096845e-07
20.380222532200314 1.1814438708048521e-06
20.803433496644505 9.451550966438818e-07
21.226644461088696 1.1814438708048521e-06
21.649855425532888 7.088663224829113e-07
22.07306638997708 7.088663224829054e-07
22.496277354421274 1.1814438708048521e-06
22.919488318865465 1.4177326449658226e-06
23.342699283309656 1.8903101932877635e-06
23.765910247753848 2.835465289931645e-06
24.18912121219804 2.835465289931645e-06
24.61233217664223 2.3628877416096843e-06
25.035543141086425 7.088663224829113e-07
25.458754105530616 1.6540214191267933e-06
25.881965069974807 2.835465289931645e-06
26.305176034419 2.3628877416097042e-06
26.72838699886319 4.016909160736464e-06
27.151597963307385 3.780620386575527e-06
27.574808927751576 4.489486709058438e-06
27.998019892195767 2.835465289931645e-06
28.42123085663996 3.544331612414557e-06
28.84444182108415 4.016909160736464e-06
29.267652785528345 5.67093057986329e-06
29.690863749972536 4.962064257380379e-06
30.114074714416727 6.616085676507173e-06
30.53728567886092 7.797529547312023e-06
30.96049664330511 7.324951998990022e-06
31.383707607749304 8.033818321472995e-06
31.806918572193496 7.088663224829054e-06
32.23012953663769 8.978973418116951e-06
32.65334050108188 1.2759593804692298e-05
33.07655146552607 1.0869283611404549e-05
33.49976242997027 1.2287016256370566e-05
33.922973394414456 1.2287016256370361e-05
34.34618435885865 1.6067636642945854e-05
34.769395323302845 2.032083457784363e-05
35.19260628774703 1.5122481546301981e-05
35.61581725219123 1.0160417288921815e-05
36.039028216635415 1.1814438708048422e-05
36.46223918107961 1.1578149933887649e-05
36.8854501455238 1.1341861159726486e-05
37.30866110996799 1.5831347868784886e-05
37.73187207441219 1.5831347868785154e-05
38.155083038856375 1.7721658062072636e-05
38.57829400330057 1.5122481546302233e-05
39.00150496774476 1.3704748901336171e-05
39.42471593218895 1.6776502965428763e-05
39.84792689663315 1.8194235610394874e-05
40.271137861077335 1.937567948119941e-05
40.69434882552153 1.252330503053154e-05
41.11755978996572 1.7485369287911668e-05
41.54077075440991 2.2447433545292003e-05
41.96398171885411 2.2211144771131408e-05
42.387192683298295 2.3156299867774908e-05
42.81040364774249 1.937567948119974e-05
43.23361461218668 1.9848257029521348e-05
43.65682557663087 2.268372231945297e-05
44.08003654107507 1.7012791739590012e-05
44.503247505519255 2.3628877416096845e-05
44.92645846996345 2.1265989674487517e-05
45.34966943440764 1.8666813158716506e-05
45.77288039885183 2.0320834577843288e-05
46.19609136329603 2.2211144771131408e-05
46.619302327740215 2.4101454964418785e-05
47.04251329218441 2.457403251274113e-05
47.4657242566286 2.1738567222809098e-05
47.88893522107279 2.5755476383545994e-05
48.31214618551698 2.7409497802672342e-05
48.735357149961175 3.0244963092603962e-05
49.15856811440537 2.339258864193627e-05
49.58177907884956 2.504661006106266e-05
50.00499004329375 2.8118364125155718e-05
50.42820100773794 3.0244963092603962e-05
50.851411972182134 2.575547638354556e-05
51.27462293662633 2.5519187609385022e-05
51.69783390107052 3.7569915091593984e-05
52.12104486551471 3.2607850834214194e-05
52.5442558299589 3.6861048769111076e-05
52.967466794403094 3.308042838253559e-05
53.39067775884729 3.68610487691117e-05
53.81388872329148 4.111424670400851e-05
54.23709968773567 4.087795792984823e-05
54.66031065217986 4.0641669155686576e-05
55.083521616624054 4.300455689729626e-05
55.50673258106825 4.182311302649212e-05
55.92994354551244 3.875135896239882e-05
56.35315450995663 3.851507018823851e-05
56.77636547440082 3.567960489830624e-05
57.199576438845014 3.6152182446628174e-05
57.62278740328921 4.016909160736531e-05
58.0459983677334 3.8278781414076886e-05
58.46920933217759 4.394971199394087e-05
58.89242029662178 4.135053547816948e-05
59.315631261065974 3.993280283320367e-05
59.73884222551017 3.993280283320434e-05
60.16205318995436 4.276826812313529e-05
60.58526415439855 3.898764773656045e-05
61.00847511884274 4.1823113026491415e-05
61.431686083286934 5.103837521876919e-05
61.85489704773113 4.702146605803351e-05
62.278108012175316 5.0565797670447254e-05
62.70131897661951 5.718188334695533e-05
63.1245299410637 5.2456107863734994e-05
63.547740905507894 5.836332721776018e-05
63.97095186995208 5.387384050870171e-05
64.39416283439627 6.238023637849567e-05
64.81737379884046 6.0017348636885994e-05
65.24058476328466 5.458270683118371e-05
65.66379572772885 5.340126296037887e-05
66.08700669217305 5.647301702447146e-05
66.51021765661724 5.859961599192214e-05
66.93342862106142 5.670930579863243e-05
67.35663958550562 6.14350812818518e-05
67.77985054994981 6.0489926185207924e-05
68.20306151439401 5.5527861927827585e-05
68.6262724788382 6.261652515265874e-05
69.04948344328238 6.0017348636885994e-05
69.47269440772658 6.427054657178342e-05
69.89590537217077 5.5527861927827585e-05
70.31911633661497 5.978105986272702e-05
70.74232730105915 6.332539147513954e-05
71.16553826550334 5.741817212111533e-05
71.58874922994754 6.025363741104695e-05
72.01196019439173 6.308910270097859e-05
72.43517115883593 6.781487818420022e-05
72.85838212328011 6.0489926185207924e-05
73.2815930877243 6.167137005601277e-05
73.7048040521685 6.356168024930052e-05
74.1280150166127 6.096250373352987e-05
74.55122598105689 5.883590476608313e-05
74.97443694550107 5.69455945727934e-05
75.39764790994526 7.017776592580764e-05
75.82085887438946 6.781487818419795e-05
76.24406983883365 7.4903541409027e-05
76.66728080327785 6.946889960332706e-05
77.09049176772203 6.568827921674923e-05
77.51370273216622 6.923261082916376e-05
77.93691369661042 6.167137005601277e-05
78.36012466105461 6.710601186171505e-05
78.78333562549881 6.214394760433679e-05
79.20654658994299 6.521570166842729e-05
79.62975755438718 6.757858941003698e-05
80.05296851883138 6.21439476043347e-05
80.47617948327557 6.0489926185207924e-05
80.89939044771977 5.954477108856605e-05
81.32260141216395 6.805116695835892e-05
81.74581237660814 7.537611895734893e-05
82.16902334105234 7.41946750865441e-05
82.59223430549653 7.04140546999686e-05
83.01544526994073 7.679385160231733e-05
83.43865623438491 7.324951998990022e-05
83.8618671988291 7.537611895734893e-05
84.2850781632733 7.655756282815377e-05
84.70828912771749 7.537611895734893e-05
85.13150009216169 6.474312412010753e-05
85.55471105660587 7.395838631238312e-05
85.97792202105006 7.017776592580764e-05
86.40113298549426 8.057447198889024e-05
86.82434394993845 7.962931689224636e-05
87.24755491438265 8.010189444057099e-05
87.67076587882683 7.726642915063669e-05
88.09397684327102 8.506395869794865e-05
88.51718780771522 8.31736485046609e-05
88.94039877215941 8.624540256875349e-05
89.3636097366036 7.443096386070756e-05
89.78682070104779 7.63212740539928e-05
90.21003166549198 7.773900669895862e-05
90.63324262993618 7.301323121573925e-05
91.05645359438037 7.088663224829055e-05
91.47966455882457 7.608498527983439e-05
91.90287552326875 8.577282502043155e-05
92.32608648771294 7.34858087640612e-05
92.74929745215714 7.750271792479765e-05
93.17250841660133 7.159549857077345e-05
93.59571938104553 8.033818321473198e-05
94.01893034548971 6.805116695835892e-05
94.4421413099339 7.962931689224636e-05
94.8653522743781 7.41946750865441e-05
95.28856323882229 7.561240773151245e-05
95.71177420326647 8.577282502043155e-05
96.13498516771067 9.21526219227777e-05
96.55819613215486 8.931715663284608e-05
96.98140709659906 8.199220463385605e-05
97.40461806104325 8.719055766540029e-05
97.82782902548743 8.624540256875349e-05
98.25103998993163 8.695426889123639e-05
98.67425095437582 9.380664334190448e-05
99.09746191882002 8.695426889123639e-05
99.52067288326421 9.640581985767837e-05
99.94388384770839 8.955344540700704e-05
100.36709481215259 0.00010396706063082613
100.79030577659678 0.00010042272901841159
101.21351674104098 9.782355250264094e-05
101.63672770548517 9.853241882512715e-05
102.05993866992935 9.569695353519222e-05
102.48314963437355 9.66421086318361e-05
102.90636059881774 9.640581985767514e-05
103.32957156326194 9.427922089022642e-05
103.75278252770613 9.971386269593204e-05
104.17599349215031 0.00011011056875901131
104.5992044565945 0.00010113159534089451
105.0224154210387 0.00010987427998485034
105.4456263854829 0.00011790809830632327
105.86883734992709 0.00011152830140398087
106.29204831437127 0.00010822025856572354
106.71525927881547 0.00011034685753317226
107.13847024325966 9.569695353519222e-05
107.56168120770386 0.00011058314630733323
107.98489217214805 0.00011318232282310768
108.40810313659223 0.00011790809830632327
108.83131410103643 0.00011932583095128907
109.25452506548062 0.00011578149933887455
109.67773602992482 0.00012712336049860103
110.10094699436901 0.0001261782054019614
110.52415795881319 0.00013208542475598138
110.94736892325739 0.00012783222682108395
111.37057988770158 0.00012310645133786457
111.79379085214578 0.0001379926441100056
112.21700181658997 0.0001252330503053175
112.64021278103415 0.00013019511456269364
113.06342374547835 0.00013610233391671785
113.48663470992254 0.00015169739301134174
113.90984567436674 0.0001550054358495953
114.33305663881093 0.00014579017365732243
114.75626760325511 0.00014295470836738592
115.1794785676993 0.00014579017365731753
115.6026895321435 0.00014649903997980044
116.0259004965877 0.00014720790630228336
116.44911146103189 0.000150279660366381
116.87232242547607 0.00015831347868784887
117.29553338992027 0.00014437244101235172
117.71874435436446 0.00015453285830127337
118.14195531880866 0.0001550054358495953
118.56516628325285 0.00017650771429824936
118.98837724769703 0.00014909821649557108
119.41158821214123 0.00016445698681603405
119.83479917658542 0.00016445698681603405
120.25801014102962 0.0001677650296542876
120.68122110547381 0.00018336008874891767
121.10443206991799 0.00018454153261971638
121.52764303436219 0.00019588339377944286
121.95085399880638 0.00019470194990863803
122.37406496325058 0.00020368092332675482
122.79727592769477 0.00019682854887609333
123.22048689213895 0.0001925753509411893
123.64369785658315 0.00020131803558514513
124.06690882102734 0.0002053349447458816
124.49011978547153 0.00021502278448648854
124.91333074991572 0.0002351073302901636
125.33654171435991 0.00021974855996970068
125.7597526788041 0.00024172341596667075
126.1829636432483 0.00023676135170929037
126.6061746076925 0.00024361372615996666
127.02938557213668 0.00023605248538680748
127.45259653658087 0.00024597661390156816
127.87580750102506 0.0002351073302901636
128.29901846546926 0.00025117496693310943
128.72222942991345 0.00024644919144990664
129.14544039435762 0.0002537741434488801
129.56865135880182 0.00026913291376934307
129.991862323246 0.0002681877586726992
130.4150732876902 0.00028567312796061087
130.8382842521344 0.0003024496309260396
131.2614952165786 0.00029536096770121055
131.6847061810228 0.0002944158126045667
132.10791714546698 0.00029772385544284027
132.53112810991115 0.00030670282886093703
132.95433907435535 0.0003192261338914684
133.37755003879954 0.000321825310407239
133.80076100324374 0.0003468719204683017
134.22397196768793 0.00036412100098205235
134.64718293213213 0.00036790162136862784
135.07039389657632 0.00040334493749277317
135.49360486102051 0.0004021634936219683
135.9168158254647 0.00044564062806758646
136.3400267899089 0.00043004556897299144
136.76323775435307 0.0004305181465212845
137.18644871879727 0.00043878825361691844
137.60965968324146 0.00045107526987328876
138.03287064768566 0.0004704509493544882
138.45608161212985 0.0004940798267705851
138.87929257657404 0.00048746374109407786
139.30250354101824 0.000532358608184662
139.72571450546243 0.0005382658275386861
140.14892546990663 0.0005415738703769761
140.5721364343508 0.0005855235823708798
140.995347398795 0.0006124605026252302
141.41855836323919 0.0006365619575896491
141.84176932768338 0.0006438869095886391
142.26498029212758 0.0006547561932000436
142.68819125657177 0.0006845285787443257
143.11140222101596 0.0007088663224829053
143.53461318546016 0.0007395838631238312
143.95782414990435 0.0007993649229865563
144.38103511434855 0.0008317364850466649
144.80424607879272 0.0008733233092989394
145.2274570432369 0.0009468091180630006
145.6506680076811 0.0009524800486428637
146.0738789721253 0.0009728008832207072
146.4970899365695 0.001033527098180076
146.9203009010137 0.0010384891624374564
147.34351186545788 0.0011830978922239691
147.76672282990208 0.001222085539960529
148.18993379434627 0.0013007697017561313
148.61314475879047 0.0015621050859782673
149.03635572323464 0.0015996750010697563
149.45956668767883 0.001836200064004886
149.88277765212302 0.0020904467850020878
150.30598861656722 0.0020904467850020878
150.72919958101141 0.002533724525328065
151.1524105454556 0.0026984178009182595
151.5756215098998 0.002812545278838008
151.998832474344 0.0033815286470176196
152.4220434387882 0.003450997546620944
152.8452544032324 0.00380968390579755
153.26846536767655 0.004191526564841419
153.69167633212075 0.004236894009480326
154.11488729656494 0.004633622861296591
154.53809826100914 0.004839666672364956
154.96130922545333 0.00495781105944544
155.38452018989753 0.005163146004191322
155.80773115434172 0.005253644604694973
156.23094211878592 0.005258370380178192
156.6541530832301 0.005391400960030817
157.0773640476743 0.005477173785051617
157.50057501211847 0.0054738657422129956
157.92378597656267 0.005497258330854932
158.34699694100686 0.005503401838983116
158.77020790545106 0.005514271122594521
159.19341886989525 0.005515925144013648
159.61662983433945 0.005433224073057309
160.03984079878364 0.005336345675651311
160.46305176322784 0.005263568733209733
160.88626272767203 0.005260733267919801
161.30947369211623 0.005220564176312788
161.7326846565604 0.0051588928062564245
162.1558956210046 0.005140934859420191
162.57910658544878 0.005116124538133289
163.00231754989298 0.005152749298128239
163.42552851433717 0.005081153799557465
163.84873947878137 0.005074537713880958
164.27195044322556 0.005029879135564535
164.69516140766976 0.0049207137219021676
165.11837237211395 0.004973642407314559
165.54158333655812 0.004792881495081084
165.9647943010023 0.004836831207075024
166.3880052654465 0.004837540073397507
166.8112162298907 0.00478437509921129
167.2344271943349 0.004778704168631426
167.6576381587791 0.004757201890182778
168.0808491232233 0.0047141973332854815
168.50406008766748 0.00460881254000969
168.92727105211168 0.004567934582079842
169.35048201655587 0.004423798429841948
169.77369298100004 0.004462077211255728
170.19690394544423 0.004286278363279968
170.62011490988843 0.004308016930502777
171.04332587433262 0.004243746383930993
171.46653683877682 0.004124893130528026
171.889747803221 0.0041792395485850484
172.3129587676652 0.003987609352740504
172.7361697321094 0.003963980475324407
173.1593806965536 0.0039743771813874895
173.5825916609978 0.0038503255749532395
174.00580262544196 0.0038387474250190937
174.42901358988615 0.003749193979612087
174.85222455433035 0.00367688961471883
175.27543551877454 0.0037593543969010085
175.69864648321874 0.0036508978495611234
176.12185744766293 0.0036972104492966735
176.54506841210713 0.0037116240645204924
176.96827937655132 0.0036145093783403344
177.39149034099552 0.003605057827373896
177.8147013054397 0.003602222362084206
178.23791226988388 0.003573395131636326
178.66112323432807 0.003615454533436978
179.08433419877227 0.0034923480820991137
179.50754516321646 0.003468010338360534
179.93075612766066 0.0035143229380960837
180.35396709210485 0.0034413097068803442
180.77717805654905 0.0033406506890877718
181.20038902099324 0.003373022251147825
181.62359998543744 0.0032912663352881294
182.04681094988163 0.0032591310620024567
182.4700219143258 0.003212818462266688
182.89323287877 0.003175957413497577
183.3164438432142 0.003147130183049939
183.73965480765838 0.003050488074418103
184.16286577210258 0.0030145721807456356
184.58607673654677 0.002951955655592979
185.00928770099097 0.0028730352050232153
185.43249866543516 0.0028753980927648253
185.85570962987936 0.0027988405299366713
186.27892059432355 0.0027366965823325206
186.70213155876772 0.0027340974058165657
187.1253425232119 0.002651868912408549
187.5485534876561 0.0027007806886598694
187.9717644521003 0.002699362956014904
188.3949754165445 0.002651868912408549
188.8181863809887 0.0026225691044125888
189.2413973454329 0.0026164255962844037
189.66460830987708 0.0026157167299619205
190.08781927432128 0.0026150078636396133
190.51103023876544 0.0025932692964166287
190.93424120320964 0.002579091969966971
191.35745216765383 0.002590670119900858
191.78066313209803 0.002538922878359606
192.20387409654222 0.002533724525328065
192.62708506098642 0.0025334882365539036
193.0502960254306 0.002545538964036113
193.4735069898748 0.0025753113495803953
193.896717954319 0.0025582985578408053
194.3199289187632 0.002501825540816502
194.74313988320736 0.002501116674493851
195.16635084765156 0.0024533863421133356
195.58956181209575 0.0024833950164317785
196.01277277653995 0.0025344333916505475
196.43598374098414 0.0024051834321844982
196.85919470542834 0.0024162890045700634
197.28240566987253 0.0023685586721895477
197.70561663431673 0.002380136822123435
198.12882759876092 0.0023716304262536405
198.55203856320512 0.0023723392925762824
198.97524952764928 0.002307832457230179
199.39846049209348 0.0023541450569657288
199.82167145653767 0.0023326427785170805
200.24488242098187 0.002309486478649306
200.66809338542606 0.00234233061825768
201.09130434987026 0.00233004360200131
201.51451531431445 0.002284912446136565
201.93772627875865 0.0023194106071640665
202.36093724320284 0.0023099590561976276
202.78414820764704 0.002356507944707497
203.2073591720912 0.0023484741263858654
203.6305701365354 0.002373048158898606
204.0537811009796 0.002345166083547612
204.4769920654238 0.0023480015488375437
204.90020302986798 0.002350128147804992
205.32341399431218 0.002359815987545592
205.74662495875637 0.0024018753893462444
206.16983592320057 0.0023988036352821517
206.59304688764476 0.002421014780053283
207.01625785208896 0.0024177067372151916
207.43946881653312 0.002396204458766381
207.86267978097732 0.002437082416696229
208.2858907454215 0.002495209455139827
208.7091017098657 0.002487175636818354
209.1323126743099 0.0024843401715284224
209.5555236387541 0.0024916651235274124
209.9787346031983 0.0025077327601703584
210.40194556764249 0.0025405768997787325
210.82515653208668 0.0025405768997787325
211.24836749653088 0.0025883072321594225
211.67157846097504 0.0025994128045448137
212.09478942541924 0.0026152441524135987
212.51800038986343 0.0026192610615743354
212.94121135430763 0.0027005443998857083
213.36442231875182 0.0027173209028511372
213.78763328319602 0.0026915654264675916
214.2108442476402 0.0027437852455571656
214.6340552120844 0.002788443823873589
215.0572661765286 0.0027740302086497696
215.4804771409728 0.0028560224132838175
215.90368810541696 0.0028640562316050986
216.32689906986116 0.0029167486282429943
216.75011003430535 0.002945103281142311
217.17332099874955 0.0029342339975309065
217.59653196319374 0.003011736715455704
218.01974292763794 0.0030079560950691283
218.44295389208213 0.0029852723727496755
218.86616485652632 0.003038909924484215
219.28937582097052 0.0030977458292505045
219.7125867854147 0.0030750621069308435
220.13579774985888 0.0031735945257559675
220.55900871430308 0.0032017128898811226
220.98221967874727 0.0031707590604660354
221.40543064319147 0.0031596534880804703
221.82864160763566 0.0032570044630347893
222.25185257207986 0.00324495373555258
222.67506353652405 0.0032442448692300966
223.09827450096824 0.0032896123138690023
223.52148546541244 0.0034410734181064143
223.9446964298566 0.0033749125613411124
224.3679073943008 0.003404448658111234
224.791118358745 0.003403030925466268
225.2143293231892 0.003468010338360534
225.63754028763339 0.003474862712811202
226.06075125207758 0.0034888037504866997
226.48396221652177 0.0034625756965548315
226.90717318096597 0.003526373665578293
227.33038414541016 0.0035403147032537904
227.75359510985436 0.003591825656021123
228.17680607429853 0.00364758980672287
228.60001703874272 0.003606948137567184
229.02322800318692 0.0036953201391033857
229.4464389676311 0.00366956466271984
229.8696499320753 0.003659640534205079
230.2928608965195 0.0036688557963973573
230.7160718609637 0.00371351437471378
231.1392828254079 0.0037751857447697935
231.56249378985208 0.0037246199470993458
231.98570475429628 0.003782983274317359
232.40891571874045 0.003797160600766763
232.83212668318464 0.0037307634552275312
233.25533764762883 0.003784637295736232
233.67854861207303 0.003791962247735222
234.10175957651722 0.00383307649443923
234.52497054096142 0.003851743307597947
234.9481815054056 0.003843000622953991
235.3713924698498 0.003844182066824796
235.794603434294 0.0038909672441086673
236.2178143987382 0.003931136335716296
236.64102536318237 0.0038732455860465945
237.06423632762656 0.0038730092972724343
237.48744729207075 0.003952402325390519
237.91065825651495 0.0039498031488747485
238.33386922095914 0.003959254699841187
238.75708018540334 0.0039474402611331385
239.18029114984753 0.0039320814908126766
239.60350211429173 0.003979102956870709
240.02671307873592 0.003996824614932781
240.44992404318012 0.004018326893381699
240.87313500762428 0.003983828732353928
241.29634597206848 0.00403321308615357
241.71955693651267 0.004023052668864649
242.14276790095687 0.0040483355676998725
242.56597886540106 0.0040436097922166535
242.98918982984526 0.00408661434911395
243.41240079428945 0.004105753739820988
243.83561175873365 0.004052352476860609
244.25882272317784 0.004070310423696843
244.68203368762204 0.00410480858472462
245.1052446520662 0.004141669633493455
245.5284556165104 0.0041152052907874265
245.9516665809546 0.004170969441489415
246.3748775453988 0.00416246304561962
246.79808850984298 0.004174986350650152
247.22129947428718 0.004170496863941093
247.64451043873137 0.004205467602516917
248.06772140317557 0.004199324094388731
248.49093236761976 0.004254379378768523
248.91414333206393 0.004192708008712224
249.33735429650812 0.004183729035294108
249.76056526095232 0.004294784759149763
250.1837762253965 0.004266430106250447
250.6069871898407 0.0043526755088192
251.0301981542849 0.00432833776508062
251.4534091187291 0.004333063540563839
251.8766200831733 0.004366143968946376
252.2998310476175 0.0042876960959249335
252.72304201206168 0.004428760494099329
253.14625297650585 0.004421671830874203
253.56946394095004 0.004419545231906754
253.99267490539424 0.004494448773315781
254.41588586983843 0.00453556302001979
254.83909683428263 0.004543360549567102
255.26230779872682 0.004506026923249668
255.68551876317102 0.004584238507496641
256.10872972761524 0.004590854593173456
256.53194069205944 0.004611648005300241
256.9551516565036 0.004590618304399295
257.37836262094777 0.004563208806596623
257.80157358539196 0.004639293791876454
258.22478454983616 0.004670247621291542
258.64799551428035 0.0047035643384482385
259.07120647872455 0.0047652357085042505
259.49441744316874 0.0047418431198623144
259.91762840761294 0.004855498020233741
260.34083937205713 0.004852426266169649
260.7640503365013 0.004863059261006892
261.1872613009455 0.0048479367794605896
261.6104722653897 0.004935599914674309
262.0336832298339 0.004969625498153488
262.4568941942781 0.004997507573504483
262.8801051587223 0.004950013529898128
263.3033161231665 0.005066503895560166
263.72652708761063 0.005123449490132279
264.14973805205483 0.005126284955422211
264.572949016499 0.005172124977609439
264.9961599809432 0.005142352592065156
265.4193709453874 0.005223872219150691
265.8425819098316 0.005264513888306377
266.2657928742758 0.005197880453992984
266.68900383872 0.005273492861724494
267.1122148031642 0.0053072821564295125
267.5354257676084 0.005336581964425473
267.9586367320526 0.005455907795376761
268.3818476964968 0.005462287592279107
268.805058660941 0.005512144523627072
269.22826962538517 0.005467958522858972
269.65148058982936 0.005486625336017687
270.07469155427356 0.005498203485951575
270.49790251871775 0.005589410952777709
270.92111348316195 0.005688415949151155
271.34432444760614 0.005563891765168324
271.76753541205034 0.005699048943989164
272.1907463764945 0.005732838238693416
272.61395734093867 0.005702829564374973
273.03716830538286 0.005798526517910166
273.46037926982706 0.005819556218810492
273.88359023427125 0.005868231706287651
274.30680119871545 0.005900366979573544
274.73001216315964 0.005853818091063832
275.15322312760384 0.005989211558658067
275.57643409204803 0.006009768682010071
275.9996450564922 0.006000080842269472
276.4228560209364 0.0061368920425086725
276.8460669853806 0.006105229346771103
277.2692779498248 0.006203052899273744
277.692488914269 0.006220538268561656
278.1156998787132 0.006228099509334807
278.5389108431574 0.006292133767132429
278.9621218076016 0.006362547821832397
279.3853327720458 0.006390902474731714
279.80854373649 0.006412877330729545
280.2317547009341 0.006400590314472314
280.6549656653783 0.006578515761415522
281.0781766298225 0.006508337995489715
281.5013875942667 0.006593874531735986
281.9245985587109 0.00663876939882657
282.3478095231551 0.006723833357524518
282.7710204875993 0.006747934812488937
283.1942314520435 0.006699495613785939
283.6174424164877 0.0068285092844778275
284.0406533809319 0.006807479583577501
284.46386434537607 0.0068871089004697485
284.88707530982026 0.0069123917993049715
285.31028627426446 0.006975717190780111
285.73349723870865 0.007003599266131104
286.15670820315285 0.007099296219666298
286.57991916759704 0.0071418281990152715
287.00313013204124 0.007198773793588065
287.42634109648543 0.007254537944290053
287.8495520609296 0.007258318564676629
288.2727630253738 0.0072528839228719
288.69597398981796 0.007452784225811106
289.11918495426215 0.0074468770064570824
289.54239591870635 0.007530523232510065
289.96560688315054 0.007551789222184551
290.38881784759474 0.007664262678685173
290.81202881203893 0.007558169019086898
291.2352397764831 0.007677022272489864
291.6584507409273 0.007767284584219355
292.0816617053715 0.007776499846411634
292.5048726698157 0.007833209152210266
292.9280836342599 0.007811470584987456
293.3512945987041 0.007850458232724017
293.7745055631483 0.007940956833227666
294.1977165275925 0.00795158982806491
294.6209274920367 0.008096907424173906
295.0441384564809 0.008155743328939986
295.4673494209251 0.008264908742602354
295.89056038536927 0.008252149148797664
296.31377134981346 0.008265853897698999
296.73698231425766 0.008323980936143715
297.1601932787018 0.008392504680649277
297.583404243146 0.008403373964260682
298.0066152075902 0.008544674651208941
298.4298261720344 0.00850545071469822
298.8530371364786 0.008478277505669709
299.27624810092277 0.008528134437017673
299.69945906536697 0.008673924610674991
300.12267002981116 0.00863446438539011
300.54588099425536 0.008676760075964922
300.96909195869955 0.008763005478533675
301.39230292314375 0.008744338665374959
301.81551388758794 0.008859411298391351
302.23872485203214 0.00889556348083798
302.66193581647633 0.008952036497862451
303.0851467809205 0.008937859171412793
303.5083577453647 0.008997640231275517
303.9315687098089 0.008961488048828889
304.3547796742531 0.009076796970619442
304.7779906386973 0.009124291014227022
305.20120160314144 0.00904962376159093
305.62441256758564 0.009126181324419086
306.04762353202983 0.00915217308957679
306.470834496474 0.009136578030482168
306.8940454609182 0.009121219260161705
307.3172564253624 0.00917154876905799
307.7404673898066 0.009211481571891193
308.1636783542508 0.009124763591774119
308.586889318695 0.0091448481375778
309.0101002831392 0.009069235729846291
309.4333112475834 0.00903001179333557
309.8565222120276 0.009058839023783209
310.2797331764718 0.009015598178111752
310.702944140916 0.009016070755660074
311.12615510536017 0.008954399385604061
311.54936606980436 0.008989606412954045
311.97257703424856 0.008912339983803409
312.39578799869275 0.008844997683167532
312.81899896313695 0.008851141191295717
313.24220992758114 0.008767967542792235
313.6654208920253 0.008709131638024975
314.0886318564695 0.008616270149779713
314.51184282091367 0.008587679208106238
314.93505378535787 0.008495526586183461
315.35826474980206 0.008435036659998252
315.78147571424626 0.008346664658462049
316.20468667869045 0.008276014314987921
316.62789764313465 0.00825144028247518
317.05110860757884 0.008182443960420177
317.47431957202303 0.00806831648250043
317.89753053646723 0.007997193561477978
318.3207415009114 0.007940484255679345
318.7439524653556 0.007892753923298829
319.1671634297998 0.0077301872466760835
319.590374394244 0.007678912582683153
320.0135853586882 0.0076680432990717485
320.4367963231324 0.007521071681543626
320.8600072875766 0.0074310456585882975
321.2832182520208 0.0073308592183440454
321.706429216465 0.00720775276700715
322.1296401809091 0.00709764219824717
322.5528511453533 0.006942636762397575
322.9760621097975 0.006971936570393536
323.3992730742417 0.006779597508226507
323.8224840386859 0.00677321771132416
324.2456950031301 0.006637587954955765
324.6689059675743 0.006523933054584339
325.0921169320185 0.006429417544919952
325.5153278964627 0.006320960997580068
325.9385388609069 0.006236842193978762
326.36174982535107 0.0061784788667610035
326.78496078979526 0.006082781913225811
327.20817175423946 0.005895641204090324
327.63138271868365 0.005806324047457478
328.05459368312785 0.005734728548886704
328.47780464757204 0.005645175103479698
328.90101561201624 0.0054504731535710595
329.32422657646043 0.005436295827121401
329.7474375409046 0.005343198050102697
330.17064850534877 0.005234032636439612
330.59385946979296 0.005122031757487313
331.01707043423716 0.005017592119308165
331.44028139868135 0.004991364065376297
331.86349236312554 0.004852189977395487
332.28670332756974 0.004732155280121716
332.70991429201393 0.0046485090540687325
333.13312525645813 0.004515714762990269
333.5563362209023 0.004435140291001378
333.9795471853465 0.004371814899526238
334.4027581497907 0.004249417314510857
334.8259691142349 0.004098192499047837
335.2491800786791 0.004008875342414991
335.6723910431233 0.003970123983452592
336.0956020075675 0.0038609585697902244
336.5188129720117 0.003774949455995632
336.9420239364559 0.003700991069683249
337.3652349009001 0.0036104924691795983
337.7884458653443 0.003535588927770571
338.21165682978847 0.0034561958996529502
338.6348677942326 0.0033590812134723274
339.0580787586768 0.003275198698645184
339.481289723121 0.003188480718528108
339.9045006875652 0.0031005812945402284
340.3277116520094 0.0029918884584261823
340.7509226164536 0.0029602257626886127
341.1741335808978 0.0028423176643822897
341.59734454534197 0.002780882583100438
342.02055550978616 0.002728899052785025
342.44376647423036 0.002636746430862247
342.86697743867455 0.002553572782357586
343.29018840311875 0.0024680362461113156
343.71339936756294 0.002427394576955629
344.13661033200714 0.002354853923288212
344.55982129645133 0.002286802756329853
344.9830322608955 0.002233874070917796
345.4062432253397 0.0021899243589238557
345.8294541897839 0.002081467811583971
346.2526651542281 0.0020261762384303043
346.6758761186723 0.001974665285663479
347.09908708311644 0.001864554716904202
347.52229804756064 0.0018324194436183106
347.94550901200483 0.0017804359133028974
348.36871997644903 0.0017204185646660112
348.7919309408932 0.0016724519435113347
349.2151419053374 0.001640080381451282
349.6383528697816 0.001535640743272134
350.0615638342258 0.0014940539190198036
350.48477479867 0.001438998634640298
350.9079857631142 0.001399774698129577
351.3311967275584 0.0013518080769749005
351.7544076920026 0.0013059680547876727
352.1776186564468 0.0012537482356980987
352.600829620891 0.001250440192859845
353.0240405853352 0.0011868785126105447
353.44725154977937 0.001152616640357204
353.87046251422356 0.0010966162008810545
354.29367347866776 0.0010529027776612755
354.71688444311195 0.0009822524341872778
355.1400954075561 0.0009642944873509123
355.5633063720003 0.000943737363998908
355.9865173364445 0.0008849014592328269
356.4097283008887 0.0008513484533019693
356.83293926533287 0.0008052721423405805
357.25615022977706 0.0007996012117607173
357.67936119422126 0.0007369846866080607
358.10257215866545 0.0007395838631238312
358.52578312310965 0.0007173727183527002
358.94899408755384 0.000681220535906072
359.37220505199804 0.0006320724708805906
359.79541601644223 0.0006238023637849567
360.2186269808864 0.0006100976148836206
360.6418379453306 0.0005666204804380023
361.0650489097748 0.0005711099671470608
361.488259874219 0.0005401561377319739
361.9114708386632 0.0005110926185101748
362.3346818031074 0.00048273796561085853
362.7578927675516 0.0004548558902598643
363.1811037319958 0.0004364253658753673
363.6043146964399 0.0004161045312974655
364.0275256608841 0.00040854329052431444
364.4507366253283 0.0003955474079454612
364.8739475897725 0.00036506615607869624
365.2971585542167 0.0003527791398223259
365.7203695186609 0.00033954696846931167
366.1435804831051 0.00032135273285891706
366.5667914475493 0.00030079560950691285
366.9900024119935 0.0002948883901528886
367.4132133764377 0.00027314982293007953
367.8364243408819 0.0002733861117042405
368.25963530532607 0.00024361372615995847
368.68284626977027 0.00024337743738579753
369.10605723421446 0.00022258402525963229
369.52926819865866 0.00021691309467976902
369.95247916310285 0.0001987188590693745
370.37569012754705 0.00019375679481199414
370.79890109199124 0.00019895514784353546
371.22211205643544 0.00017367224900831181
371.64532302087963 0.00017178193881504716
372.06853398532377 0.00015642316849456112
372.49174494976796 0.00015004337159221497
372.91495591421216 0.00014579017365731753
373.33816687865635 0.0001325580023043033
373.76137784310055 0.00013468460127175202
374.18458880754474 0.00010916541366236742
374.60779977198894 0.00012310645133786457
375.03101073643313 0.00011507263301639164
375.4542217008773 9.66421086318361e-05
375.8774326653215 0.00010798396979156259
376.3006436297657 8.270107095633896e-05
376.7238545942099 8.813571276204124e-05
377.1470655586541 9.026231172948996e-05
377.5702765230983 7.915673934392443e-05
377.9934874875425 7.324951998990022e-05
378.4166984519867 7.206807611909538e-05
378.8399094164309 6.994147715164667e-05
379.2631203808751 5.7890749669437276e-05
379.6863313453193 6.119879250769904e-05
380.1095423097634 5.8363327217759206e-05
380.5327532742076 5.0565797670447254e-05
380.9559642386518 5.340126296037887e-05
381.379175203096 4.8439198702998535e-05
381.8023861675402 4.536744463890594e-05
382.2255971319844 4.0641669155686576e-05
382.6488080964286 4.253197934897432e-05
383.0720190608728 3.6388471220789146e-05
383.49523002531697 3.544331612414527e-05
383.91844098976117 3.52070273499843e-05
384.34165195420536 2.7645786576833307e-05
384.76486291864956 3.2607850834213646e-05
385.18807388309375 2.7409497802672342e-05
385.61128484753795 2.4574032512740722e-05
386.03449581198214 2.3865166190257817e-05
386.45770677642633 2.575547638354556e-05
386.88091774087053 2.0320834577843288e-05
387.3041287053147 1.9848257029521348e-05
387.7273396697589 1.8903101932877475e-05
388.1505506342031 1.9848257029524014e-05
388.57376159864725 1.5831347868784886e-05
388.99697256309145 1.2995882578853266e-05
389.42018352753564 1.2995882578853266e-05
389.84339449197984 1.394103767549714e-05
390.26660545642403 1.1341861159726486e-05
390.6898164208682 1.3232171353014234e-05
391.1130273853124 1.0869283611404549e-05
391.5362383497566 1.2050727482209393e-05
391.9594493142008 6.8523744506680855e-06
392.382660278645 8.270107095633897e-06
392.8058712430892 9.687839740599706e-06
393.2290822075334 6.616085676507117e-06
393.6522931719776 8.033818321472927e-06
394.0755041364218 5.4346418057022745e-06
394.498715100866 4.489486709058401e-06
394.9219260653102 6.379796902346149e-06
395.34513702975437 5.198353031541306e-06
395.76834799419856 5.198353031541306e-06
396.19155895864276 4.253197934897433e-06
396.61476992308695 3.0717540640930027e-06
397.0379808875311 2.1265989674487164e-06
397.4611918519753 2.599176515770653e-06
397.8844028164195 1.8903101932877476e-06
398.3076137808637 2.8354652899316214e-06
398.73082474530787 3.3080428382535586e-06
399.15403570975207 2.8354652899316214e-06
399.57724667419626 1.1814438708048422e-06
400.00045763864046 1.8903101932877476e-06
400.42366860308465 2.599176515770653e-06
400.84687956752884 1.6540214191267793e-06
401.27009053197304 2.3628877416096843e-06
401.69330149641723 9.451550966438738e-07
402.11651246086143 1.1814438708048422e-06
402.5397234253056 4.725775483219369e-07
402.9629343897498 1.1814438708048422e-06
403.386145354194 2.3628877416096845e-07
403.8093563186382 9.451550966438738e-07
404.2325672830824 1.4177326449658107e-06
404.6557782475266 1.4177326449658107e-06
405.0789892119708 4.725775483220004e-07
405.50220017641493 4.725775483219369e-07
405.9254111408591 1.1814438708048422e-06
406.3486221053033 2.3628877416096845e-07
406.7718330697475 7.088663224829054e-07
407.1950440341917 2.3628877416096845e-07
407.6182549986359 2.3628877416096845e-07
408.0414659630801 1.1814438708048422e-06
408.4646769275243 0.0
408.8878878919685 7.088663224829054e-07
409.3110988564127 2.3628877416096845e-07
409.7343098208569 4.725775483219369e-07
410.1575207853011 2.3628877416096845e-07
410.58073174974527 4.725775483219369e-07
411.00394271418946 9.451550966438738e-07
411.42715367863366 2.3628877416096845e-07
411.85036464307785 2.3628877416096845e-07
412.27357560752205 2.3628877416096845e-07
412.69678657196624 2.3628877416096845e-07
413.11999753641044 2.362887741610002e-07
413.5432085008546 0.0
413.96641946529877 2.3628877416096845e-07
414.38963042974297 0.0
414.81284139418716 0.0
415.23605235863135 0.0
415.65926332307555 0.0
416.08247428751974 0.0
416.50568525196394 2.3628877416096845e-07
416.92889621640813 0.0
417.35210718085233 0.0
417.7753181452965 0.0
418.1985291097407 0.0
418.6217400741849 2.3628877416096845e-07
419.0449510386291 0.0
419.4681620030733 0.0
419.8913729675175 2.3628877416096845e-07
420.3145839319617 0.0
420.7377948964059 0.0
421.1610058608501 0.0
421.5842168252943 0.0
422.0074277897384 0.0
422.4306387541826 0.0
422.8538497186268 2.3628877416096845e-07
423.277060683071 0.0
423.7002716475152 0.0
424.1234826119594 2.3628877416096845e-07
