0.889573083732605 9.494863085916101e-07
1.3108535133507289 0.0
1.7321339429688525 1.6616010400353186e-06
2.153414372586976 1.661601040035317e-06
2.5746948022051 7.121147314437072e-07
2.9959752318232242 4.747431542958053e-07
3.417255661441348 1.4242294628874159e-06
3.8385360910594715 4.747431542958053e-07
4.259816520677595 1.1868578857395132e-06
4.681096950295719 1.1868578857395106e-06
5.102377379913843 1.898972617183221e-06
5.523657809531967 1.6616010400353186e-06
5.9449382391500905 2.1363441943311236e-06
6.366218668768214 1.661601040035315e-06
6.787499098386339 2.611087348626929e-06
7.208779528004462 7.121147314437079e-07
7.630059957622586 9.494863085916127e-07
8.051340387240709 7.121147314437079e-07
8.472620816858832 4.747431542958033e-07
8.893901246476958 7.121147314437079e-07
9.315181676095081 7.121147314437079e-07
9.736462105713205 4.747431542958053e-07
10.157742535331328 7.121147314437079e-07
10.579022964949452 4.747431542958053e-07
11.000303394567576 4.747431542958053e-07
11.4215838241857 4.747431542958053e-07
11.842864253803823 0.0
12.264144683421948 9.494863085916105e-07
12.685425113040072 7.121147314437079e-07
13.106705542658196 4.747431542958053e-07
13.52798597227632 0.0
13.949266401894443 0.0
14.370546831512566 0.0
14.79182726113069 4.747431542958053e-07
15.213107690748814 1.1868578857395132e-06
15.634388120366937 2.3737157714790264e-07
16.05566854998506 2.3737157714790364e-07
16.476948979603183 4.747431542958033e-07
16.898229409221308 4.747431542958073e-07
17.31950983883943 4.747431542958033e-07
17.740790268457555 4.747431542958073e-07
18.162070698075677 1.1868578857395083e-06
18.583351127693803 2.3737157714790166e-07
19.004631557311928 2.3737157714790365e-06
19.42591198693005 9.494863085916066e-07
19.847192416548175 7.121147314437109e-07
20.268472846166297 7.12114731443705e-07
20.689753275784422 9.494863085916146e-07
21.111033705402544 2.3737157714790166e-07
21.53231413502067 7.121147314437109e-07
21.95359456463879 0.0
22.374874994256917 1.1868578857395182e-06
22.79615542387504 1.1868578857395083e-06
23.217435853493164 1.8989726171832133e-06
23.63871628311129 1.8989726171832291e-06
24.05999671272941 1.1868578857395083e-06
24.481277142347537 9.494863085916146e-07
24.90255757196566 1.42422946288741e-06
25.323838001583784 2.61108734862694e-06
25.745118431201906 4.510059965810131e-06
26.16639886082003 3.5605736572185547e-06
26.587679290438153 2.1363441943311147e-06
27.00895972005628 3.5605736572185547e-06
27.4302401496744 3.5605736572185242e-06
27.851520579292526 6.883775737289147e-06
28.27280100891065 4.035316811514362e-06
28.694081438528773 5.222174697253836e-06
29.1153618681469 4.984803120105976e-06
29.53664229776502 8.070633623028656e-06
29.957922727383146 4.272688388662266e-06
30.379203157001267 5.4595462744017375e-06
30.800483586619393 8.308005200176628e-06
31.221764016237515 7.1211473144370485e-06
31.64304444585564 5.69691785154964e-06
32.064324875473766 8.308005200176628e-06
32.48560530509189 9.257491508768086e-06
32.906885734710016 9.969606240211952e-06
33.32816616432814 1.4004923051726313e-05
33.74944659394626 1.0206977817359685e-05
34.17072702356439 1.0206977817359856e-05
34.59200745318251 1.9227097748980196e-05
35.01328788280063 1.7565496708944868e-05
35.434568312418754 1.7565496708944573e-05
35.85584874203688 1.2105950434543085e-05
36.277129171655005 1.044434939450776e-05
36.69840960127313 9.732234663063886e-06
37.119690030891256 1.3530179897430509e-05
37.54097046050938 1.5666524091761643e-05
37.9622508901275 1.5903895668909543e-05
38.38353131974562 1.4954409360317678e-05
38.80481174936375 1.5666524091761643e-05
39.22609217898187 1.8040239863240676e-05
39.647372608599994 1.6141267246057447e-05
40.068653038218116 1.8040239863240374e-05
40.489933467836245 1.8040239863240676e-05
40.91121389745437 1.6616010400353255e-05
41.33249432707249 1.8040239863240374e-05
41.75377475669062 1.9939212480423904e-05
42.17505518630874 1.6616010400353255e-05
42.59633561592686 2.2075556674755037e-05
43.01761604554498 2.136344194331097e-05
43.43889647516311 2.0651327211867616e-05
43.860176904781234 2.3262414560494557e-05
44.281457334399356 2.539875875482569e-05
44.70273776401748 2.1838185097606767e-05
45.12401819363561 1.7565496708944868e-05
45.54529862325373 1.8989726171832292e-05
45.96657905287185 2.160081352045887e-05
46.38785948248998 2.1363441943311325e-05
46.8091399121081 2.2550299829050845e-05
47.23042034172622 2.7535102949156822e-05
47.651700771344345 2.539875875482526e-05
48.072981200962474 2.6348245063417305e-05
48.494261630580596 2.5636130331973597e-05
48.91554206019872 2.7060359794861017e-05
49.33682248981684 2.7772474526304255e-05
49.75810291943497 3.346939237785442e-05
50.17938334905309 2.5636130331973597e-05
50.60066377867121 2.5636130331973163e-05
51.02194420828934 3.418150710929813e-05
51.44322463790746 2.919670398919215e-05
51.864505067525585 2.872196083489634e-05
52.285785497143706 3.299464922355805e-05
52.707065926761835 3.608047972648135e-05
53.12834635637996 3.2045162914966994e-05
53.54962678599808 3.655522288077716e-05
53.9709072156162 3.4418878686445445e-05
54.39218764523433 3.655522288077716e-05
54.81346807485245 3.7979452343664584e-05
55.23474850447057 4.1302654423734535e-05
55.6560289340887 3.608047972648135e-05
56.077309363706824 4.3201627040918465e-05
56.498589793324946 3.4893621840741835e-05
56.91987022294307 3.631785130362865e-05
57.3411506525612 4.177739757803104e-05
57.76243108217932 3.702996603507297e-05
58.18371151179744 3.916631022940411e-05
58.60499194141556 4.462585650380513e-05
59.02627237103369 4.961065962391186e-05
59.44755280065181 4.462585650380589e-05
59.868833230269935 4.225214073232614e-05
60.290113659888064 4.3438998618066365e-05
60.711394089506186 4.438848492665798e-05
61.13267451912431 4.8898544892468154e-05
61.55395494874243 4.533797123524883e-05
61.97523537836056 5.388334801257413e-05
62.39651580797868 5.720655009264477e-05
62.8177962375968 5.1984375395390895e-05
63.239076667214924 6.029238059556651e-05
63.66035709683305 6.076712374986333e-05
64.08163752645117 4.55753428123975e-05
64.5029179560693 5.7681293246940584e-05
64.92419838568742 5.83934079783843e-05
65.34547881530554 5.269649012683461e-05
65.76675924492366 5.245911854968671e-05
66.18803967454178 5.863077955553219e-05
66.6093201041599 5.554494905260946e-05
67.03060053377803 6.147923848130497e-05
67.45188096339616 6.432769740708188e-05
67.87316139301429 5.981763744127172e-05
68.29444182263241 6.0292380595567525e-05
68.71572225225053 5.554494905260946e-05
69.13700268186865 4.8898544892468154e-05
69.55828311148677 5.554494905260946e-05
69.9795635411049 6.147923848130497e-05
70.40084397072303 5.934289428697591e-05
70.82212440034115 6.290346794419447e-05
71.24340482995927 6.0292380595567525e-05
71.6646852595774 5.7681293246940584e-05
72.08596568919552 5.6731806938348975e-05
72.50724611881364 5.791866482408849e-05
72.92852654843176 6.124186690415708e-05
73.3498069780499 5.601969220690525e-05
73.77108740766802 6.646404160141302e-05
74.19236783728614 7.16862162986669e-05
74.61364826690426 5.815603640123639e-05
75.03492869652239 5.934289428697591e-05
75.45620912614051 6.907512895003996e-05
75.87748955575863 6.836301421859625e-05
76.29876998537675 7.287307418440396e-05
76.72005041499489 6.765089948715253e-05
77.14133084461301 7.049935841292738e-05
77.56261127423113 6.50398121385256e-05
77.98389170384925 6.741352791000464e-05
78.40517213346737 6.57519268699693e-05
78.8264525630855 6.361558267563817e-05
79.24773299270362 5.839340797838232e-05
79.66901342232175 6.005500901841962e-05
80.09029385193988 6.57519268699693e-05
80.511574281558 6.361558267563817e-05
80.93285471117612 6.646404160141302e-05
81.35413514079424 7.21609594529627e-05
81.77541557041236 7.192358787581481e-05
82.19669600003049 7.951947834454504e-05
82.61797642964862 7.762050572736449e-05
83.03925685926674 7.239833103011061e-05
83.46053728888486 7.382256049299804e-05
83.88181771850299 6.860038579574415e-05
84.30309814812111 6.978724368148367e-05
84.72437857773923 7.500941837873755e-05
85.14565900735735 5.340860485827832e-05
85.56693943697547 7.026198683577711e-05
85.98821986659361 7.477204680158964e-05
86.40950029621173 7.429730364729384e-05
86.83078072582985 7.904473519025191e-05
87.25206115544798 7.975684992169562e-05
87.6733415850661 8.023159307599143e-05
88.09462201468422 7.8807363613104e-05
88.51590244430234 8.16558225388761e-05
88.93718287392048 8.023159307599143e-05
89.3584633035386 6.883775737289205e-05
89.77974373315672 7.690839099592078e-05
90.20102416277484 7.762050572736449e-05
90.62230459239296 6.954987210433578e-05
91.04358502201109 7.524678995588546e-05
91.46486545162921 7.216095945296028e-05
91.88614588124734 7.856999203595611e-05
92.30742631086547 8.331742357891417e-05
92.72870674048359 7.311044576155432e-05
93.14998717010171 7.856999203595611e-05
93.57126759971983 7.287307418440641e-05
93.99254802933795 8.189319411602676e-05
94.41382845895608 7.714576257306868e-05
94.8351088885742 9.304965824197508e-05
95.25638931819233 8.118107938458303e-05
95.67766974781046 8.54537677732453e-05
96.09895017742858 7.856999203595611e-05
96.5202306070467 9.020119931620338e-05
96.94151103666482 8.52163961960974e-05
97.36279146628294 9.281228666483032e-05
97.78407189590106 8.948908458475665e-05
98.2053523255192 8.640325408183693e-05
98.62663275513732 8.687799723613273e-05
99.04791318475544 8.497902461894951e-05
99.46919361437357 8.664062565898484e-05
99.89047404399169 0.00010491823709937342
100.31175447360981 0.00010064554871071114
100.73303490322793 9.352440139627088e-05
101.15431533284607 9.969606240211953e-05
101.57559576246419 9.732234663064049e-05
101.99687619208231 9.993343397926743e-05
102.41815662170043 9.945869082497163e-05
102.83943705131855 9.779708978493631e-05
103.26071748093668 0.00010468086552222551
103.6819979105548 0.00010396875079078179
104.10327834017292 9.993343397926407e-05
104.52455876979106 0.0001042061223679297
104.94583919940918 0.00010729195287085245
105.3671196290273 0.0001103777833737752
105.78840005864542 0.00011892316015109972
106.20968048826354 0.00010919092548803567
106.63096091788167 0.00010230714975074648
107.05224134749979 0.00010444349394507408
107.47352177711792 0.0001174989306882123
107.89480220673605 0.00011322624229955004
108.31608263635417 0.0001044434939450776
108.73736306597229 0.00011322624229955004
109.15864349559041 0.0001120393844138105
109.57992392520853 0.00011821104541965602
110.00120435482665 0.00011916053172824361
110.42248478444479 0.0001296048811227554
110.84376521406291 0.00012841802323701587
111.26504564368103 0.000130554367431347
111.68632607329916 0.00013126648216279073
112.10760650291728 0.00013862500105437574
112.5288869325354 0.00014266031786589007
112.95016736215352 0.0001417108315572937
113.37144779177166 0.0001550036398775811
113.79272822138978 0.00014669563467740445
114.2140086510079 0.0001497814651803272
114.63528908062602 0.0001436098041744817
115.05656951024415 0.0001436098041744817
115.47784993986227 0.000137912886322932
115.89913036948039 0.00013933711578581945
116.32041079909851 0.00015096832306606164
116.74169122871665 0.00015262992410610204
117.16297165833477 0.000162599530346314
117.58425208795289 0.0001561904977633206
118.00553251757101 0.00016853381977501158
118.42681294718913 0.00016734696188927208
118.84809337680726 0.0001616500440377224
119.26937380642538 0.000152392552528949
119.69065423604351 0.00015808947038050382
120.11193466566164 0.00016544798927208882
120.53321509527976 0.00018420034386677322
120.95449552489788 0.00018514983017536483
121.375775954516 0.00019274572064409775
121.79705638413412 0.00019298309222124567
122.21833681375225 0.00020319007003859868
122.63961724337038 0.0002086496163130073
123.0608976729885 0.0001894225185640271
123.48217810260662 0.0002091243594673031
123.90345853222475 0.00020793750158156358
124.32473896184287 0.00020983647419874684
124.74601939146099 0.00023381100349068512
125.16729982107911 0.00023808369187934737
125.58858025069723 0.00023570997610786035
126.00986068031537 0.000241406893959418
126.43114110993349 0.00023713420557075574
126.85242153955161 0.00023001305825631863
127.27370196916974 0.0002342857466449809
127.69498239878786 0.00023760894872505156
128.11626282840598 0.00024164426553656589
128.5375432580241 0.00024211900869084538
128.95882368764225 0.0002397452929193827
129.38010411726037 0.0002601592485541024
129.8013845468785 0.00027701263053160353
130.22266497649662 0.00028294691996030115
130.64394540611474 0.0002986134440520628
131.06522583573286 0.00029623972828058374
131.48650626535098 0.00029291652620051307
131.9077866949691 0.00029813870089776695
132.32906712458723 0.00030074978824639394
132.75034755420535 0.00031902739968678247
133.17162798382347 0.0003123809955266201
133.59290841344162 0.0003358807816642837
134.01418884305974 0.00034228981424727704
134.43546927267786 0.0003608047972648135
134.85674970229599 0.0003852540697110476
135.2780301319141 0.0003888146433682662
135.69931056153223 0.00040709225480865476
136.12059099115035 0.0004161123747402751
136.54187142076847 0.0004436474776894319
136.9631518503866 0.0004210971778603811
137.38443228000472 0.0004367637019521427
137.80571270962284 0.0004424606198036924
138.22699313924096 0.0004545665702382355
138.64827356885908 0.0004887480773475335
139.0695539984772 0.0004987176835877455
139.49083442809533 0.0005298133601940851
139.91211485771348 0.0005376466222400017
140.3333952873316 0.0005623332662633838
140.75467571694972 0.0006107570680015561
141.17595614656784 0.0006202519310874723
141.59723657618596 0.0006634535581283907
142.01851700580409 0.0006655899023227218
142.4397974354222 0.0006420901161850794
142.86107786504033 0.0007123521030208587
143.28235829465845 0.000721609594529627
143.70363872427657 0.0007557911016389252
144.1249191538947 0.0008184571980059718
144.54619958351282 0.0008191693127374155
144.96748001313094 0.0008872949553788638
145.38876044274906 0.0009369056150027125
145.8100408723672 0.0009627791169118971
146.23132130198533 0.0010463339120679593
146.65260173160345 0.0010361269342505993
147.07388216122158 0.001076954845520039
147.4951625908397 0.0012276857970089578
147.91644302045782 0.0012153424749972667
148.33772345007594 0.0013817399505779472
148.75900387969406 0.0015621423492103539
149.18028430931219 0.0015858795069251443
149.6015647389303 0.001958790254624501
150.02284516854843 0.0020656074643410575
150.44412559816655 0.0022001971485839187
150.86540602778467 0.002625329643255814
151.2866864574028 0.0027257378203893777
151.70796688702092 0.0030317097833328205
152.12924731663907 0.003404383159455234
152.5505277462572 0.003471796687365239
152.9718081758753 0.0039403681806552005
153.39308860549343 0.004172992326260146
153.81436903511155 0.004275299476010892
154.23564946472968 0.004760961722855503
154.6569298943478 0.004844991261165861
155.07821032396592 0.004979343573831575
155.49949075358404 0.0051827710154473275
155.92077118320216 0.005269411641106313
156.34205161282028 0.005368395588776989
156.7633320424384 0.0054315364282983315
157.18461247205653 0.005430824313566888
157.60589290167465 0.005455985700744565
158.02717333129277 0.005490167207853493
158.44845376091092 0.005528621403351823
158.86973419052904 0.005443879750310022
159.29101462014717 0.005503222644596998
159.7122950497653 0.005421566822058119
160.1335754793834 0.0052988457166726535
160.55485590900153 0.005366021873005509
160.97613633861965 0.005212679834167964
161.39741676823778 0.0051820589007158845
161.8186971978559 0.005196538566921907
162.23997762747402 0.005086872898279575
162.66125805709214 0.005176124611287187
163.08253848671026 0.00504889344593591
163.50381891632838 0.004999994901043442
163.9250993459465 0.005001181758928845
164.34637977556466 0.004994535354769041
164.76766020518278 0.004940652006756466
165.1889406348009 0.0049477731540709035
165.61022106441902 0.004788734197381808
166.03150149403714 0.004878698025120864
166.45278192365527 0.004832885310731319
166.8740623532734 0.00477377978802149
167.2953427828915 0.0047792393342958915
167.71662321250963 0.004708265232728669
168.13790364212775 0.004656755600487574
168.55918407174588 0.004655568742601834
168.980464501364 0.004477777431318054
169.40174493098212 0.004442883809477312
169.82302536060024 0.004486797551249675
170.24430579021836 0.004358379528012365
170.6655862198365 0.0043932731498534
171.08686664945463 0.0042847943390968085
171.50814707907276 0.0041499672832768
171.92942750869088 0.004167058036831448
172.350707938309 0.004036028926245805
172.77198836792712 0.004011579653799571
173.19326879754524 0.003956746819478406
173.61454922716337 0.0038432832056017074
174.0358296567815 0.0038323641130529047
174.4571100863996 0.0037934351744006484
174.87839051601773 0.0037143904392103965
175.29967094563585 0.0038266671952013544
175.72095137525397 0.0036989612866957823
176.1422318048721 0.0036771231015979276
176.56351223449025 0.003679496817369654
176.98479266410837 0.0035833613286247535
177.4060730937265 0.0035743412086931335
177.8273535233446 0.003629411414591446
178.24863395296273 0.0035802754981218306
178.66991438258086 0.0035513161657097867
179.09119481219898 0.0035577251982927796
179.5124752418171 0.003461589709547879
179.93375567143522 0.003508351910246016
180.35503610105334 0.0034122164215011153
180.77631653067147 0.003371625881808823
181.1975969602896 0.0033566714724485055
181.6188773899077 0.0032731166772924434
182.04015781952583 0.003254839065852055
182.46143824914395 0.0032375109407200395
182.8827186787621 0.0031691479265016616
183.30399910838022 0.003165112609690147
183.72527953799835 0.003069451864099542
184.14655996761647 0.002988508156292107
184.5678403972346 0.0029702305448517183
184.9891208268527 0.0028862010065413605
185.41040125647083 0.002905190732713193
185.83168168608896 0.0028057320418882208
186.25296211570708 0.002818075363899912
186.6742425453252 0.002786742315716389
187.09552297494332 0.002714818727840574
187.51680340456144 0.002664733325062366
187.93808383417957 0.002712445012069095
188.3593642637977 0.0026212943264442997
188.7806446934158 0.0026331629053015174
189.20192512303396 0.0026512031451649356
189.62320555265208 0.0026151226654384544
190.0444859822702 0.002587824934066445
190.46576641188832 0.0026172590096327853
190.88704684150645 0.002582602759369192
191.30832727112457 0.002541300104945456
191.7296077007427 0.00259637031084377
192.1508881303608 0.002556017142728626
192.57216855997893 0.0026039662013125032
192.99344898959706 0.002544623307025527
193.41472941921518 0.0025664614921231343
193.8360098488333 0.0025147144883048912
194.25729027845142 0.002529906269242357
194.67857070806954 0.002490265215858489
195.0998511376877 0.0024819572106584806
195.52113156730582 0.0024888409863957697
195.94241199692394 0.0024755481780754872
196.36369242654206 0.002426649633183019
196.78497285616018 0.002426412261605871
197.2062532857783 0.002375852115673368
197.62753371539642 0.0023730036567475928
198.04881414501455 0.0023637461652388243
198.47009457463267 0.0023570997610786832
198.8913750042508 0.0023459432969527316
199.3126554338689 0.0023661198810103036
199.73393586348703 0.002296570008905968
200.15521629310516 0.0023224435108150894
200.57649672272328 0.002301554812026074
200.9977771523414 0.0023032164130659537
201.41905758195955 0.0023511654716499857
201.84033801157767 0.0022979942383688553
202.2616184411958 0.002339771635946886
202.68289887081391 0.0023656451378560074
203.10417930043204 0.002333362603363893
203.52545973005016 0.0023195950518893143
203.94674015966828 0.002357337132655831
204.3680205892864 0.002377038973559107
204.78930101890452 0.0024176295132513985
205.21058144852265 0.002403387218622524
205.63186187814077 0.002393417612382312
206.0531423077589 0.002399826644965306
206.474422737377 0.002411695223822701
206.89570316699513 0.00241976585744573
207.31698359661326 0.0024349576383830315
207.7382640262314 0.0024031498470453764
208.15954445584953 0.002419053742714286
208.58082488546765 0.0024620179981780566
209.00210531508577 0.002480295609618445
209.4233857447039 0.0025360779302482025
209.84466617432201 0.0024874167569328824
210.26594660394014 0.002564799891083099
210.68722703355826 0.002597794540306657
211.10850746317638 0.002591148136146516
211.5297878927945 0.002625567014832962
211.95106832241262 0.002604203572889651
212.37234875203075 0.002667107040833845
212.79362918164887 0.00267446555972543
213.214909611267 0.0026730413302623627
213.63619004088514 0.0027606314422301196
214.05747047050326 0.002756121382264309
214.47875090012138 0.0027698889337388873
214.9000313297395 0.0027803332831333955
215.32131175935763 0.002764429387464486
215.74259218897575 0.002790540260950755
216.16387261859387 0.0028467973247348084
216.585153048212 0.0028983069569759033
217.00643347783011 0.0029165845684162917
217.42771390744824 0.0029241804588850248
217.84899433706636 0.00297569009112612
218.27027476668448 0.00298020015109193
218.6915551963026 0.0030264876086357716
219.11283562592072 0.00308440627345986
219.53411605553885 0.0031257089278833843
219.955396485157 0.0030848810166141556
220.37667691477512 0.0031639257518044075
220.79795734439324 0.0032052284062281428
221.21923777401136 0.0032132990398511716
221.64051820362948 0.003215435384045503
222.0617986332476 0.0032519906069262802
222.48307906286573 0.003237036197565962
222.90435949248385 0.0033509745545969557
223.32563992210197 0.0033369696315452297
223.7469203517201 0.0033777975428146687
224.16820078133821 0.003415539623581186
224.58948121095634 0.0033490755819797725
225.01076164057446 0.003435241464484461
225.43204207019258 0.0034924480145768705
225.85332249981073 0.0034831905230683384
226.27460292942885 0.0035335132974236936
226.69588335904697 0.003536836499503764
227.1171637886651 0.003512624598634678
227.53844421828322 0.0036211034093912697
227.95972464790134 0.003605674256876656
228.38100507751946 0.003660032348043526
228.80228550713758 0.0036664413806265198
229.2235659367557 0.003674037271095253
229.64484636637383 0.003675224128980992
230.06612679599195 0.003675698872135288
230.48740722561007 0.0036823452762954293
230.9086876552282 0.003745011372662476
231.3299680848463 0.0037556930936341313
231.75124851446444 0.0037723091040342306
232.1725289440826 0.003763526355680012
232.5938093737007 0.003794147289132092
233.01508980331883 0.003828091424664242
233.43637023293695 0.003775869677691703
233.85765066255507 0.0037566425799427233
234.2789310921732 0.0038565760139219907
234.70021152179132 0.0038924191220713242
235.12149195140944 0.003855151784459103
235.54277238102756 0.00385325281184192
235.96405281064568 0.0038964544388828386
236.3853332402638 0.003909747247203121
236.80661366988193 0.003925651142872031
237.22789409950005 0.003959595278404181
237.64917452911817 0.003965054824678582
238.0704549587363 0.003974787059341379
238.49173538835444 0.003948201442701082
238.91301581797256 0.004013478626416754
239.3342962475907 0.003981433463501788
239.7555766772088 0.0039629184804842515
240.17685710682693 0.0039629184804842515
240.59813753644505 0.003981670835078935
241.01941796606317 0.004031518866279995
241.4406983956813 0.004006357479102318
241.86197882529942 0.003970514370952984
242.28325925491754 0.004006832222256613
242.70453968453566 0.004051695450337568
243.12582011415378 0.004035316811514362
243.5471005437719 0.00402416034738841
243.96838097339003 0.0040630892860403925
244.38966140300818 0.0040592913408063
244.8109418326263 0.0040645135155035535
245.23222226224442 0.004118634235093276
245.65350269186254 0.004101068738384331
246.07478312148066 0.00414308350753951
246.49606355109879 0.004139997677036588
246.9173439807169 0.004136911846533664
247.33862441033503 0.0041896083366605
247.75990483995315 0.004206699090215148
248.18118526957127 0.0042038506312893735
248.6024656991894 0.004090149645835528
249.02374612880752 0.004254885520376173
249.44502655842564 0.0042396937394387066
249.86630698804376 0.004274112618125153
250.28758741766188 0.004363601702709618
250.70886784728003 0.0042470522583302915
251.13014827689815 0.004297612404262795
251.55142870651628 0.0043173142451660715
251.9727091361344 0.0042987992621485345
252.39398956575252 0.0043524452385839615
252.81526999537064 0.004386864117270408
253.23655042498876 0.004426030427499811
253.65783085460689 0.004470893655580765
254.079111284225 0.004438373749511502
254.50039171384313 0.004452853415717524
254.92167214346125 0.004514570025775979
255.34295257307937 0.004526201233056227
255.7642330026975 0.004586730985229251
256.1855134323156 0.004569877603251133
256.60679386193374 0.004650821311058562
257.0280742915519 0.004684290703437046
257.44935472117 0.0046097560282119775
257.87063515078813 0.004711351063231909
258.2919155804062 0.004760012236546591
258.7131960100244 0.0047823251647991375
259.13447643964247 0.004746482056649161
259.5557568692606 0.004798466432044548
259.97703729887877 0.004853061894789217
260.39831772849686 0.00486113252841159
260.819598158115 0.004877985910389749
261.2408785877331 0.00492189965216145
261.66215901735126 0.004919288564813487
262.08343944696935 0.004953944815076414
262.5047198765875 0.004933293487865214
262.9260003062056 0.005017797769329196
263.34728073582374 0.0050393985828503345
263.76856116544184 0.005098029362405183
264.18984159506 0.005072393232073895
264.6111220246781 0.00510396365183388
265.03240245429623 0.005149776366224117
265.4536828839143 0.005192028506955746
265.8749633135325 0.005167579234509514
266.2962437431506 0.005239977565540327
266.7175241727687 0.005259679406442894
267.13880460238687 0.005256356204363532
267.56008503200496 0.005350117977336239
267.9813654616231 0.005379314681326156
268.4026458912412 0.0053826378834055
268.82392632085936 0.005410172986355385
269.24520675047745 0.005463344219635781
269.6664871800956 0.005517464939226244
270.0877676097137 0.005594135958644267
270.50904803933184 0.005630691181525802
270.93032846894994 0.0056781654969546205
271.3516088985681 0.005659887885514996
271.7728893281862 0.005619059974244796
272.19416975780433 0.00570854905882955
272.6154501874225 0.005764806122614377
273.0367306170406 0.005822962159014832
273.4580110466587 0.00585002251881048
273.8792914762768 0.005863790070284268
274.30057190589497 0.005928592510846441
274.72185233551306 0.005924794565611275
275.1431327651312 0.006013334163888249
275.5644131947493 0.006056773162505501
275.98569362436746 0.006028288573248567
276.40697405398555 0.006162878257490606
276.8282544836037 0.006125373548302067
277.2495349132218 0.006184241699433916
277.67081534283994 0.006207741485572395
278.09209577245804 0.006211302059228776
278.5133762020762 0.006277291357675888
278.93465663169434 0.006407133610376647
279.35593706131243 0.00633212419199705
279.7772174909306 0.006388381255781962
280.1984979205487 0.006477632968788705
280.6197783501668 0.006442739346948835
281.0410587797849 0.006573056342802156
281.46233920940307 0.0066407072422902
281.88361963902116 0.006620768029808882
282.3049000686393 0.00665447479376478
282.7261804982574 0.006691742131376101
283.14746092787556 0.006767938407641485
283.56874135749365 0.006847457885985115
283.9900217871118 0.006846271028099375
284.41130221672995 0.006903477578192948
284.83258264634804 0.0069613962430161
285.2538630759662 0.006987032373349015
285.6751435055843 0.006971365849256312
286.09642393520244 0.0071717074603700965
286.51770436482053 0.007116399882893672
286.9389847944387 0.007185712383421823
287.3602652240568 0.007242918933513496
287.7815456536749 0.007184050782381789
288.202826083293 0.007308196117229164
288.62410651291117 0.007390801426077627
289.04538694252926 0.0073782207324877905
289.4666673721474 0.00747483096438799
289.8879478017655 0.00752657796820522
290.30922823138366 0.007569542223668989
290.7305086610018 0.007646450614665936
291.1517890906199 0.007668526171339658
291.57306952023805 0.007617728653831038
291.99434994985614 0.007726444836163742
292.4156303794743 0.00784797908366452
292.8369108090924 0.007765611146393144
293.25819123871054 0.007900200830637062
293.67947166832863 0.007966664872237404
294.1007520979468 0.007952659949186753
294.5220325275649 0.007989215172066454
294.943312957183 0.00807728002718941
295.3645933868011 0.008200001132573779
295.78587381641927 0.008210445481969393
296.20715424603736 0.00832794441265649
296.6284346756555 0.008333878702085188
297.04971510527366 0.008312515260142999
297.47099553489176 0.008350969455639835
297.8922759645099 0.008386575192213148
298.313556394128 0.008444493857036101
298.73483682374615 0.008523538592227499
299.15611725336424 0.00858739154647913
299.5773976829824 0.008582881486514479
299.9986781126005 0.00868423914995547
300.41995854221864 0.008756400109409607
300.84123897183673 0.00873361243800223
301.2625194014549 0.008829035812016871
301.683799831073 0.008765420229340046
302.1050802606911 0.008946059999550796
302.5263606903092 0.008916388552406103
302.94764111992737 0.008977867790887406
303.3689215495455 0.009022256275815278
303.7902019791636 0.00897525670353878
304.21148240878176 0.00904931663561014
304.63276283839986 0.009062372072352054
305.054043268018 0.009077801224867892
305.4753236976361 0.009106285814124412
305.89660412725425 0.00906427104497046
306.31788455687234 0.00906403367339209
306.7391649864905 0.009035311712558414
307.1604454161086 0.009130735086570646
307.58172584572674 0.009106760557279938
308.00300627534483 0.00908634660164399
308.424286704963 0.00919909810079048
308.8455671345811 0.009124800797141949
309.2668475641992 0.009167290309451421
309.6881279938174 0.00912124022348596
310.10940842343547 0.00907851333959811
310.5306888530536 0.009048841892455846
310.9519692826717 0.00897501933196163
311.37324971228986 0.008944873141665057
311.79453014190796 0.008898585684120011
312.2158105715261 0.008830934784634054
312.6370910011442 0.008821914664701244
313.05837143076235 0.008806248140610672
313.47965186038044 0.008787970529169097
313.9009322899986 0.008687324980459562
314.3222127196167 0.008547275749941139
314.74349314923484 0.00857362399500571
315.16477357885293 0.008508346811288885
315.5860540084711 0.008472028959985257
316.00733443808923 0.008325808068463282
316.4286148677073 0.00835832797453142
316.8498952973255 0.00824177853015292
317.27117572694357 0.008110512047989024
317.6924561565617 0.008012477586628028
318.1137365861798 0.007966190129083109
318.53501701579796 0.007872428356110756
318.95629744541606 0.007851064914166383
319.3775778750342 0.007788398817800392
319.7988583046523 0.007585920862492193
320.22013873427045 0.007573577540481524
320.64141916388854 0.007393175141848109
321.0626995935067 0.0073212515539722986
321.48398002312484 0.007297039653104199
321.90526045274294 0.0072063637106327206
322.3265408823611 0.0070867284357511405
322.7478213119792 0.00695237612308448
323.16910174159733 0.006904189692924391
323.5903821712154 0.006820634897767403
324.0116626008336 0.006668004973662211
324.43294303045167 0.006615308483534481
324.8542234600698 0.006569021025991529
325.2755038896879 0.006400012463061346
325.69678431930606 0.006265185407242191
326.11806474892416 0.0061946860488284235
326.5393451785423 0.006092378899078506
326.9606256081604 0.006027339086939162
327.38190603777855 0.005869486988135817
327.8031864673967 0.005806346148615263
328.2244668970148 0.005705463228326627
328.64574732663294 0.005611701455353969
329.06702775625104 0.005490167207853493
329.4883081858692 0.0053933196043778825
329.9095886154873 0.0053000325745580345
330.33086904510543 0.0052015233700423635
330.7521494747235 0.0050379743533867675
331.1734299043417 0.004967000251820218
331.59471033395977 0.004941126749910429
332.0159907635779 0.004786123110033504
332.437271193196 0.0046918865939051466
332.85855162281416 0.004614978202909854
333.27983205243225 0.0045041256763811675
333.7011124820504 0.004443833295785605
334.12239291166856 0.004308294125234742
334.54367334128665 0.00432063744724585
334.9649537709048 0.004124568524522252
335.3862342005229 0.004013241254839336
335.80751463014104 0.003902388728311799
336.22879505975914 0.003863697161236167
336.6500754893773 0.003735991252731108
337.0713559189954 0.0036664413806262726
337.49263634861353 0.003593568306442356
337.9139167782316 0.003534225412154899
338.3351972078498 0.0034131659078099363
338.75647763746787 0.0033170304190645815
339.177758067086 0.0031988193736453654
339.5990384967041 0.0031565672329126097
340.02031892632226 0.003066366033596412
340.4415993559404 0.002989220271023752
340.8628797855585 0.0029272662893877503
341.28416021517666 0.0028465599531578524
341.70544064479475 0.002735232683475109
342.1267210744129 0.002694404772206036
342.548001504031 0.0026032540865808832
342.96928193364914 0.0025208861493109065
343.39056236326724 0.0024895531011270454
343.8118427928854 0.002380362175639338
344.2331232225035 0.002329802029706517
344.65440365212163 0.002283751943740135
345.0756840817397 0.002211828355864017
345.4969645113579 0.0021368189374855726
345.91824494097597 0.0020810366168555307
346.3395253705941 0.0020164715478713053
346.76080580021227 0.0019578407683160416
347.18208622983036 0.0018859171804399674
347.6033666594485 0.0017954786095468645
348.0246470890666 0.0017242671364022556
348.44592751868475 0.0017010047218419925
348.86720794830285 0.0016689595589267977
349.288488377921 0.0015908643100453574
349.7097688075391 0.0015543090871643682
350.13104923715724 0.0015077842580435855
350.55232966677534 0.0014415575880191217
350.9736100963935 0.0014000175620184302
351.3948905260116 0.0013411494108855652
351.81617095562973 0.0012613925609638748
352.2374513852479 0.0012445391789865426
352.658731814866 0.001212256644494262
353.0800122444841 0.0011652570722191376
353.5012926741022 0.001133924024035459
353.92257310372037 0.0010809901623316262
354.34385353333846 0.0010313795027075718
354.7651339629566 0.0010159503501930961
355.1864143925747 0.0009599306579860575
355.60769482219285 0.0009309713255741409
356.02897525181095 0.0008953655890018321
356.4502556814291 0.0008621335682012443
356.8715361110472 0.0008540629345780997
357.29281654066534 0.000806588619148631
357.71409697028344 0.0007517557848273601
358.1353773999016 0.0007142510756379939
358.55665782951974 0.0007125894745980548
358.97793825913783 0.0006935997484261276
359.399218688756 0.0006359184551792767
359.8204991183741 0.0006342568541391557
360.2417795479922 0.0005943784291783907
360.6630599776103 0.000540732452742888
361.08434040722847 0.0005559242336804278
361.50562083684656 0.0005317123328112683
361.9269012664647 0.0004920712794276375
362.3481816960828 0.00048495013211313445
362.76946212570095 0.00044720805134668064
363.19074255531905 0.000432965756717747
363.6120229849372 0.00041302654423738025
364.0333034145553 0.00039451156121978923
364.45458384417344 0.00038857727179109205
364.8758642737916 0.000386915670751109
365.2971447034097 0.0003586684530704582
365.71842513302784 0.0003342191806242709
366.13970556264593 0.00031831528495531727
366.5609859922641 0.0002950528703948641
366.9822664218822 0.0002736894284515144
367.4035468515003 0.0002850832641546515
367.8248272811184 0.0002744015431829581
368.24610771073657 0.0002670430242914096
368.66738814035466 0.000247103811810951
369.0886685699728 0.000218619222553234
369.5099489995909 0.00021909396570750028
369.93122942920905 0.00021173544681594436
370.35250985882715 0.0001996294963813735
370.7737902884453 0.0001804023986323946
371.19507071806345 0.0001775539397066439
371.61635114768154 0.000171144907123627
372.0376315772997 0.00016022581457484579
372.4589120069178 0.00015737735564904948
372.88019243653594 0.00015049357991178105
373.30147286615403 0.0001417108315572889
373.7227532957722 0.00012628167904269326
374.1440337253903 0.00012224636223116212
374.5653141550084 0.00011678681595677647
374.9865945846265 0.00011014041179661986
375.40787501424467 0.00011227675599096599
375.82915544386276 9.58981171677466e-05
376.2504358734809 9.589811716775954e-05
376.671716303099 8.948908458475364e-05
377.09299673271715 8.497902461894378e-05
377.5142771623353 8.070633623029268e-05
377.9355575919534 7.714576257306349e-05
378.35683802157155 7.14488447215238e-05
378.77811845118964 7.097410156721841e-05
379.1993988808078 5.886815113268408e-05
379.6206793104259 6.290346794419022e-05
380.04195974004404 5.5782320629761127e-05
380.46324016966213 5.079751750964795e-05
380.8845205992803 4.533797123525265e-05
381.3058010288984 4.557534281239443e-05
381.7270814585165 4.296425546377346e-05
382.1483618881346 3.8691567075105683e-05
382.56964231775277 4.0115796537993006e-05
382.9909227473709 3.7979452343667145e-05
383.412203176989 3.441887868644371e-05
383.83348360660716 2.8247217680602438e-05
384.25476403622525 2.6822988217711304e-05
384.6760444658434 2.9671447143489957e-05
385.0973248954615 2.7535102949154965e-05
385.51860532507965 2.7297731372010758e-05
385.93988575469774 2.6348245063415527e-05
386.3611661843159 2.4449272446235723e-05
386.782446613934 2.30250429833451e-05
387.20372704355214 2.3737157714791964e-05
387.62500747317023 1.685338197750002e-05
388.0462879027884 1.3530179897431422e-05
388.4675683324065 1.2818065165985931e-05
388.8888487620246 1.210595043454227e-05
389.3101291916428 1.400492305172726e-05
389.73140962126087 1.2580693588838044e-05
390.152690050879 1.0919092548804303e-05
390.5739704804971 7.833262045880293e-06
390.99525091011526 1.0919092548804303e-05
391.41653133973335 9.257491508767617e-06
391.8378117693515 9.020119931620946e-06
392.2590921989696 8.308005200176067e-06
392.68037262858775 7.833262045881348e-06
393.10165305820584 5.9342894286971906e-06
393.522933487824 6.8837757372896705e-06
393.9442139174421 5.222174697253528e-06
394.36549434706023 5.2221746972542325e-06
394.7867747766783 4.510059965809865e-06
395.2080552062965 4.272688388661977e-06
395.62933563591463 5.459546274402152e-06
396.0506160655327 5.6969178515493035e-06
396.4718964951509 3.0858305029229555e-06
396.89317692476897 4.03531681151409e-06
397.3144573543871 4.272688388662554e-06
397.7357377840052 1.8989726171831008e-06
398.15701821362336 3.323202080070875e-06
398.57829864324145 2.8484589257746518e-06
398.9995790728596 3.323202080070875e-06
399.4208595024777 3.7979452343662016e-06
399.84213993209585 2.6110873486271162e-06
400.26342036171394 2.611087348626764e-06
400.6847007913321 1.6616010400354376e-06
401.1059812209502 9.494863085915504e-07
401.52726165056833 1.8989726171831008e-06
401.9485420801865 1.424229462887518e-06
402.3698225098046 2.8484589257746518e-06
402.79110293942273 1.424229462887518e-06
403.2123833690408 9.494863085915504e-07
403.633663798659 1.1868578857395983e-06
404.05494422827707 1.4242294628873259e-06
404.4762246578952 1.1868578857395983e-06
404.8975050875133 4.747431542957752e-07
405.31878551713146 7.12114731443759e-07
405.74006594674955 4.747431542957752e-07
406.1613463763677 1.1868578857395983e-06
406.5826268059858 9.494863085915504e-07
407.00390723560395 2.3737157714791968e-07
407.42518766522204 7.121147314436629e-07
407.8464680948402 4.747431542957752e-07
408.26774852445834 7.12114731443759e-07
408.68902895407643 2.373715771478876e-07
409.1103093836946 7.12114731443759e-07
409.5315898133127 7.121147314436629e-07
409.9528702429308 0.0
410.3741506725489 2.373715771478876e-07
410.7954311021671 0.0
411.21671153178517 2.373715771478876e-07
411.6379919614033 0.0
412.0592723910214 0.0
412.48055282063956 4.7474315429583937e-07
412.90183325025765 4.747431542957752e-07
413.3231136798758 2.3737157714791968e-07
413.7443941094939 4.747431542957752e-07
414.16567453911205 2.373715771478876e-07
414.5869549687302 2.3737157714791968e-07
415.0082353983483 0.0
415.42951582796644 2.3737157714791968e-07
415.85079625758453 0.0
416.2720766872027 2.3737157714791968e-07
416.6933571168208 0.0
417.1146375464389 2.3737157714791968e-07
417.535917976057 0.0
417.9571984056752 2.3737157714791968e-07
418.37847883529327 0.0
418.7997592649114 0.0
419.2210396945295 0.0
419.64232012414766 0.0
420.0636005537658 2.3737157714791968e-07
420.4848809833839 0.0
420.90616141300205 0.0
421.32744184262015 2.373715771478876e-07
421.7487222722383 0.0
422.1700027018564 2.373715771478876e-07
