1.5296886983911087 1.2012192446186904e-06
1.9459324459333966 3.363413884932333e-06
2.3621761934756846 2.162194640313644e-06
2.7784199410179724 4.804876978474758e-07
3.1946636885602606 1.2012192446186908e-06
3.6109074361025484 4.804876978474763e-07
4.027151183644836 4.804876978474758e-07
4.443394931187124 9.609753956949516e-07
4.859638678729413 1.2012192446186923e-06
5.2758824262717 9.609753956949516e-07
5.692126173813988 1.2012192446186896e-06
6.108369921356276 4.084145431703554e-06
6.524613668898564 1.921950791389903e-06
6.940857416440852 2.1621946403136413e-06
7.35710116398314 1.4414630935424305e-06
7.773344911525427 1.4414630935424246e-06
8.189588659067716 1.6817069424661691e-06
8.605832406610004 2.402438489237384e-07
9.022076154152291 0.0
9.43831990169458 4.804876978474768e-07
9.854563649236868 1.9219507913899074e-06
10.270807396779155 1.201219244618687e-06
10.687051144321444 1.6817069424661691e-06
11.103294891863731 0.0
11.519538639406019 4.804876978474748e-07
11.935782386948308 2.402438489237384e-07
12.352026134490595 1.4414630935424305e-06
12.768269882032882 4.804876978474748e-07
13.184513629575171 0.0
13.600757377117459 1.2012192446186923e-06
14.017001124659746 2.402438489237374e-07
14.433244872202035 1.4414630935424305e-06
14.849488619744323 4.804876978474768e-07
15.26573236728661 7.207315467712123e-07
15.681976114828899 4.804876978474748e-07
16.098219862371188 2.402438489237395e-07
16.514463609913474 1.4414630935424246e-06
16.930707357455763 9.60975395694958e-07
17.34695110499805 9.609753956949497e-07
17.763194852540337 1.201219244618687e-06
18.179438600082626 1.201219244618687e-06
18.595682347624916 9.60975395694958e-07
19.0119260951672 1.4414630935424246e-06
19.42816984270949 1.4414630935424246e-06
19.84441359025178 9.60975395694958e-07
20.260657337794065 1.4414630935424246e-06
20.676901085336354 7.207315467712123e-07
21.093144832878643 7.207315467712184e-07
21.50938858042093 7.207315467712123e-07
21.925632327963218 4.804876978474748e-07
22.341876075505507 7.207315467712184e-07
22.758119823047792 4.804876978474748e-07
23.17436357059008 1.9219507913898993e-06
23.59060731813237 1.921950791389916e-06
24.006851065674656 2.402438489237374e-06
24.423094813216945 2.402438489237374e-06
24.839338560759234 2.1621946403136553e-06
25.25558230830152 1.9219507913898993e-06
25.67182605584381 2.402438489237374e-06
26.088069803386098 3.123170036008613e-06
26.504313550928384 2.1621946403136367e-06
26.920557298470673 3.1231700360085865e-06
27.336801046012962 3.6036577338560918e-06
27.753044793555247 2.6426823381611114e-06
28.169288541097536 4.564633129551011e-06
28.585532288639826 3.843901582779832e-06
29.00177603618211 4.804876978474748e-06
29.4180197837244 6.4865839209409104e-06
29.83426353126669 7.928047014483402e-06
30.250507278808975 4.804876978474748e-06
30.666751026351264 8.40853471233081e-06
31.082994773893553 8.648778561254621e-06
31.49923852143584 5.525608525245961e-06
31.915482268978128 5.045120827398443e-06
32.33172601652042 7.447559316635987e-06
32.7479697640627 1.1771948597263134e-05
33.16421351160499 1.2252436295110609e-05
33.58045725914728 1.3453655539729524e-05
33.99670100668956 1.2973167841881599e-05
34.41294475423186 1.1771948597263336e-05
34.82918850177414 1.3453655539729067e-05
35.24543224931644 1.897926406497558e-05
35.66167599685872 1.2973167841882043e-05
36.077919744401 9.609753956949332e-06
36.4941634919433 1.2973167841882043e-05
36.91040723948558 1.3453655539729067e-05
37.326650987027875 1.3453655539729524e-05
37.74289473457016 1.7537800971432533e-05
38.15913848211245 1.4414630935424492e-05
38.575382229654736 1.3934143237577007e-05
38.99162597719702 1.2012192446186665e-05
39.407869724739314 2.0901214856365513e-05
39.824113472281596 1.801828866928e-05
40.24035721982389 1.9459751762823065e-05
40.656600967366174 1.7057313273585647e-05
41.072844714908456 1.3213411690805333e-05
41.48908846245075 2.1141458705289254e-05
41.905332209993034 1.8979264064974933e-05
42.32157595753533 2.0180483309594287e-05
42.73781970507761 2.2823165647754663e-05
43.15406345261991 2.1621946403136735e-05
43.57030720016219 1.9459751762823065e-05
43.98655094770447 2.3784141043449596e-05
44.40279469524677 2.4024384892374153e-05
44.81903844278905 1.6576825575737597e-05
45.23528219033135 2.210243410098422e-05
45.65152593787363 1.8498776367128095e-05
46.06776968541591 2.2582921798830932e-05
46.48401343295821 2.4264628741297894e-05
46.90025718050049 2.474511643914453e-05
47.316500928042785 2.8589018021925237e-05
47.73274467558507 2.714755492838186e-05
48.14898842312736 2.378414104345041e-05
48.565232170669645 2.7628042626230274e-05
48.98147591821193 2.6426823381610666e-05
49.397719665754224 2.714755492838279e-05
49.813963413296506 3.2192675755780264e-05
50.2302071608388 2.7628042626230274e-05
50.646450908381084 2.9069505719772722e-05
51.062694655923366 2.7868286475153063e-05
51.47893840346566 2.6186579532687823e-05
51.895182151007944 3.075121266223786e-05
52.31142589855024 3.387438269824755e-05
52.72766964609252 3.123170036008533e-05
53.14391339363482 3.579633348963749e-05
53.5601571411771 3.603657733856123e-05
53.97640088871938 3.915974737456853e-05
54.39264463626168 3.8679259676722386e-05
54.80888838380396 3.627682118748373e-05
55.22513213134626 3.988047892134109e-05
55.64137587888854 3.939999122349226e-05
56.057619626430835 4.0841454317036056e-05
56.47386337397312 3.747804043210368e-05
56.8901071215154 4.420486820196693e-05
57.306350869057695 4.060121046811232e-05
57.72259461659998 4.3243892806272e-05
58.13883836414227 3.3153651151476325e-05
58.555082111684555 4.0841454317036056e-05
58.97132585922684 4.756828208689919e-05
59.387569606769134 3.964023507241735e-05
59.803813354311416 4.10816981659584e-05
60.22005710185371 4.1321942014883544e-05
60.636300849395994 3.81987719788736e-05
61.05254459693829 4.468535589981592e-05
61.46878834448057 4.51658435976634e-05
61.885032092022854 4.6847550540128e-05
62.30127583956515 5.285364676322314e-05
62.71751958710743 5.861949913739093e-05
63.13376333464973 5.573657295030803e-05
63.55000708219201 5.525608525246055e-05
63.96625082973429 5.381462215891627e-05
64.38249457727659 5.7178036043850474e-05
64.79873832481887 5.2613402914297594e-05
65.21498207236117 5.8619499137392926e-05
65.63122581990345 4.9730476727212793e-05
66.04746956744575 4.756828208690082e-05
66.46371331498803 5.6457304497077324e-05
66.87995706253032 5.789876759062171e-05
67.2962008100726 6.510608305833396e-05
67.71244455761489 6.222315687124693e-05
68.12868830515718 5.045120827398572e-05
68.54493205269947 5.669754834600106e-05
68.96117580024176 5.573657295030803e-05
69.37741954778404 6.150242532447572e-05
69.79366329532634 5.693779219492674e-05
70.20990704286862 6.318413226694402e-05
70.6261507904109 6.462559536048426e-05
71.0423945379532 5.6697548346003e-05
71.45863828549548 5.693779219492479e-05
71.87488203303778 6.174266917340157e-05
72.29112578058006 5.7178036043850474e-05
72.70736952812234 6.606705845402667e-05
73.12361327566464 6.342437611586776e-05
73.53985702320692 5.285364676322133e-05
73.95610077074922 6.630730230295265e-05
74.3723445182915 6.534632690725545e-05
74.7885882658338 6.0541449928782865e-05
75.20483201337608 6.486583920941021e-05
75.62107576091836 7.207315467712e-05
76.03731950846066 6.36646199647915e-05
76.45356325600294 7.327437392173867e-05
76.86980700354523 7.519632471313109e-05
77.28605075108752 7.519632471313109e-05
77.7022944986298 6.967071618788266e-05
78.1185382461721 7.35146177706649e-05
78.53478199371438 6.870974079218773e-05
78.95102574125667 6.198291302232531e-05
79.36726948879895 6.894998464111146e-05
79.78351323634125 5.7178036043850474e-05
80.19975698388353 6.606705845402892e-05
80.61600073142581 6.582681460510293e-05
81.03224447896811 7.111217928142748e-05
81.44848822651039 7.85597385980608e-05
81.86473197405269 7.375486161958865e-05
82.28097572159497 6.99109600368064e-05
82.69721946913727 7.495608086420736e-05
83.11346321667955 7.615730010882606e-05
83.52970696422183 7.615730010882346e-05
83.94595071176413 7.35146177706649e-05
84.36219445930641 8.192315248299305e-05
84.7784382068487 8.144266478514837e-05
85.19468195439099 7.567681241097858e-05
85.61092570193327 6.967071618788266e-05
86.02716944947556 7.087193543250375e-05
86.44341319701785 6.342437611586559e-05
86.85965694456014 6.702803384972388e-05
87.27590069210243 8.048168938945067e-05
87.69214443964472 8.048168938945342e-05
88.108388187187 8.648778561254694e-05
88.52463193472929 7.567681241097599e-05
88.94087568227158 8.91304679507081e-05
89.35711942981386 7.807925090021333e-05
89.77336317735616 7.447559316635987e-05
90.18960692489844 7.471583701528361e-05
90.60585067244072 6.77487653964928e-05
91.02209441998302 7.495608086420736e-05
91.4383381675253 6.99109600368064e-05
91.8545819150676 7.952071399375844e-05
92.27082566260988 8.192315248299305e-05
92.68706941015218 7.615730010882606e-05
93.10331315769446 7.855973859806348e-05
93.51955690523674 7.447559316635732e-05
93.93580065277904 8.38451032743858e-05
94.35204440032132 6.99109600368064e-05
94.76828814786361 8.144266478514837e-05
95.1845318954059 9.03316871953268e-05
95.60077564294818 9.129266259101865e-05
96.01701939049047 8.961095564855559e-05
96.43326313803276 8.552681021684906e-05
96.84950688557505 8.67280294614707e-05
97.26575063311734 8.913046795070506e-05
97.68199438065963 8.91304679507081e-05
98.09823812820191 8.696827331039443e-05
98.5144818757442 8.14426647851456e-05
98.93072562328649 8.288412787869082e-05
99.34696937082877 8.889022410178132e-05
99.76321311837107 9.057193104425055e-05
100.17945686591335 9.249388183564048e-05
100.59570061345563 9.321461338240852e-05
101.01194436099793 0.00010666826892214123
101.42818810854021 9.441583262702719e-05
101.84443185608251 0.00010330485503720885
102.26067560362479 0.00010426583043290025
102.67691935116709 0.0001088304635624549
103.09316309870937 0.0001018633919436664
103.50940684625165 0.00010138290424581546
103.92565059379395 0.00010690851277106496
104.34189434133623 0.00010282436733935786
104.75813808887852 0.00010859021971353116
105.1743818364208 0.0001105121705049211
105.59062558396309 0.00011243412129630719
106.00686933150538 0.00010354509888613258
106.42311307904767 0.00010738900046890879
106.83935682658996 0.00011291460899415851
107.25560057413225 0.00010186339194366293
107.67184432167454 0.00011243412129631104
108.08808806921682 0.00011723899827478585
108.5043318167591 0.00011483655978554452
108.9205755643014 0.00011892070521725205
109.33681931184368 0.00011387558438984958
109.75306305938598 0.00012829021532527796
110.16930680692826 0.00012372558219572266
110.58555055447056 0.00012973167841882042
111.00179430201284 0.00014198411471393123
111.41803804955512 0.00012516704528926504
111.83428179709742 0.00013765972543330389
112.2505255446397 0.00013814021313114666
112.666769292182 0.00013573777464191396
113.08301303972428 0.00015543777025366076
113.49925678726656 0.00014919143018163837
113.91550053480886 0.00015207435636872837
114.33174428235114 0.0001376597254332992
114.74798802989343 0.00013862070082899886
115.16423177743572 0.0001419841147139264
115.58047552497801 0.00014078289546931252
115.9967192725203 0.00014799021093702476
116.41296302006258 0.00016000240338320639
116.82920676760487 0.00014895118633271974
117.24545051514716 0.00017105362043369813
117.66169426268945 0.00016624874345522913
118.07793801023173 0.00017754020435464498
118.49418175777402 0.0001708133765847744
118.91042550531631 0.00016096337877890684
119.3266692528586 0.00015735972104504532
119.74291300040089 0.00016168411032567803
120.15915674794317 0.0001643267926638336
120.57540049548547 0.00016048289108105932
120.99164424302775 0.00019315605453468817
121.40788799057003 0.00019940239460669866
121.82413173811233 0.00019627922457069683
122.24037548565461 0.0001890719091029781
122.6566192331969 0.00020468775928302778
123.07286298073919 0.0002037267838873328
123.48910672828147 0.00021694019557813116
123.90535047582377 0.00020228532079379037
124.32159422336605 0.0002111743432039616
124.73783797090834 0.00023111458266463934
125.15408171845063 0.0002301536072689365
125.57032546599292 0.0002330365334560293
125.9865692135352 0.00022823165647755446
126.40281296107749 0.00023952311737696213
126.81905670861978 0.00023375726500280048
127.23530045616207 0.0002455292136000554
127.65154420370436 0.0002512950659742422
128.06778795124663 0.00023688043503880104
128.48403169878893 0.00025609994295269973
128.90027544633122 0.00026354750226935343
129.3165191938735 0.00027652067011121705
129.73276294141579 0.0002661901846074965
130.14900668895808 0.00027748164550691197
130.56525043650038 0.00029598042187405966
130.98149418404265 0.00029285725183803094
131.39773793158494 0.00030967432126269225
131.81398167912724 0.0002969413972697344
132.23022542666953 0.0003029474934928484
132.6464691742118 0.0003195243190685653
133.0627129217541 0.00031880358752179406
133.4789566692964 0.00033369870615508834
133.89520041683866 0.0003469121178458709
134.31144416438096 0.00035724260334959144
134.72768791192325 0.00038198771978873597
135.14393165946555 0.00037381942892535455
135.56017540700782 0.0003872730844650581
135.97641915455011 0.0004225889302568469
136.3926629020924 0.0004221084425590283
136.80890664963468 0.0004273938072353216
137.22515039717698 0.0004475742905449151
137.64139414471927 0.00044925599748738134
138.05763789226157 0.0004449316082067845
138.47388163980384 0.0004917791587468821
138.89012538734613 0.000479286478602848
139.30636913488843 0.0005028303757974082
139.7226128824307 0.0005479962193950357
140.138856629973 0.0005470352439993408
140.5551003775153 0.0006030120607985707
140.97134412505758 0.000602771816949688
141.38758787259985 0.0006210303494678507
141.80383162014215 0.0006457754659069951
142.22007536768444 0.000654664488317218
142.6363191152267 0.0006791693609073941
143.052562862769 0.0007221730098647424
143.4688066103113 0.0007459571509082428
143.88505035785357 0.0007925644575993963
144.30129410539587 0.0008384510327438293
144.71753785293816 0.0008129851847579135
145.13378160048046 0.0009559302748676002
145.55002534802273 0.0009295034514859242
145.96626909556502 0.0009785131966663658
146.38251284310732 0.0010027778254077314
146.7987565906496 0.0010183936755877056
147.21500033819189 0.0011120887766679615
147.63124408573418 0.001240378991993235
148.04748783327648 0.0012569558175690586
148.46373158081875 0.0014770191831831123
148.87997532836104 0.0015786423312778516
149.29621907590334 0.001643508170487372
149.7124628234456 0.0020850763648090813
150.1287065709879 0.0020930044118235647
150.5449503185302 0.0023104250950995433
150.9611940660725 0.0026811213539890467
151.37743781361476 0.0026722323315786856
151.79368156115706 0.003148155396296601
152.20992530869935 0.0034253967979548236
152.62616905624162 0.0035090016573800487
153.04241280378392 0.004020721055587601
153.45865655132621 0.004185528335949568
153.87490029886848 0.004311656356634242
154.29114404641078 0.004753705038653911
154.70738779395307 0.0047827745443736825
155.12363154149537 0.0050100452254558765
155.53987528903764 0.005231069566465369
155.95611903657993 0.005248126879738954
156.37236278412223 0.005346867101646974
156.7886065316645 0.005405006113086152
157.2048502792068 0.0054254268402446695
157.6210940267491 0.005378098802006694
158.0373377742914 0.005531854865318261
158.45358152183366 0.005506869505029815
158.86982526937595 0.005438159764237628
159.28606901691825 0.005482124388591045
159.70231276446052 0.005439360983482246
160.1185565120028 0.005358879294092796
160.5348002595451 0.005332692714560108
160.9510440070874 0.005193111038335774
161.36728775462967 0.005209447620062233
161.78353150217197 0.005208726888515462
162.19977524971426 0.005116713494378021
162.61601899725653 0.0050936500848809945
163.03226274479883 0.0050984549618594685
163.44850649234112 0.005000195227649662
163.86475023988342 0.005137854953083312
164.2809939874257 0.004982897670527153
164.69723773496798 0.004975930598908365
165.11348148251028 0.00493532938844059
165.52972523005255 0.004834667215741209
165.94596897759484 0.004777008691999513
166.36221272513714 0.004795987956064816
166.7784564726794 0.004728479434516919
167.1947002202217 0.004853165992108337
167.610943967764 0.004678028226242935
168.0271877153063 0.004686436760955585
168.44343146284857 0.004611000192393213
168.85967521039086 0.004583372149766985
169.27591895793316 0.004447153887427531
169.69216270547543 0.004461568518362651
170.10840645301772 0.00435466000559159
170.52465020056002 0.004311175868936395
170.9408939481023 0.004289313678684628
171.35713769564458 0.0042201234501942995
171.77338144318688 0.004173275899654171
172.18962519072917 0.004085346650948364
172.60586893827144 0.003987327160587202
173.02211268581374 0.00397051009116254
173.43835643335603 0.0038326101218803177
173.85460018089833 0.003857114994470802
174.2708439284406 0.0038398174373480295
174.6870876759829 0.0037494857501527063
175.1033314235252 0.003708404051987001
175.51957517106746 0.0037009564926701118
175.93581891860975 0.003685100398641145
176.35206266615205 0.003647622358209292
176.76830641369432 0.0036932686895045524
177.18455016123661 0.0036641991837847803
177.6007939087789 0.0036159101701511097
178.0170376563212 0.0035671406688198358
178.43328140386348 0.003599573588424296
178.84952515140577 0.0035685821319131348
179.26576889894807 0.0035073199504378223
179.68201264649034 0.0034967492210849385
180.09825639403263 0.003475367518530726
180.51450014157493 0.0034167480193933357
180.93074388911722 0.0033461163278099863
181.3469876366595 0.0033055151173416466
181.7632313842018 0.003278367562413265
182.17947513174408 0.0032920614618021427
182.59571887928635 0.0031635310026277203
183.01196262682865 0.003177705389714221
183.42820637437094 0.00313518222845472
183.84445012191324 0.0029819066528415815
184.2606938694555 0.0030020871361509716
184.6769376169978 0.002928572518380309
185.0931813645401 0.0029028664265456678
185.50942511208237 0.002856739607552113
185.92566885962466 0.0027894713298534674
186.34191260716696 0.0027539152402129433
186.75815635470923 0.0028067688869759765
187.17440010225152 0.0026955359849242877
187.59064384979382 0.00269505549722644
188.00688759733612 0.002706106714277117
188.42313134487839 0.002617937221721922
188.83937509242068 0.0026292286826213374
189.25561883996298 0.002611931125499007
189.67186258750525 0.002615775027081608
190.08810633504754 0.0025835823513258283
190.50435008258984 0.0025821408882322856
190.92059383013213 0.002582140888232462
191.3368375776744 0.002595354299923091
191.7530813252167 0.0025376957761813947
192.169325072759 0.0025605189418293245
192.58556882030126 0.0025869457652107604
193.00181256784356 0.002536014069238929
193.41805631538585 0.002533851874598615
193.83430006292815 0.0025444226039514333
194.25054381047042 0.002517034805173954
194.66678755801271 0.002531209192260454
195.083031305555 0.0025009384672962346
195.49927505309728 0.002479316520892928
195.91551880063957 0.0025023799303896064
196.33176254818187 0.0024391957981226642
196.74800629572417 0.0024420787243099157
197.16425004326643 0.002388264102150833
197.58049379080873 0.0023534287440568915
197.99673753835103 0.0023416567954597884
198.4129812858933 0.0023416567954596284
198.8292250334356 0.0023445397216467134
199.2454687809779 0.0022962507080132
199.66171252852016 0.0023274824083731284
200.07795627606245 0.002331326309955908
200.49420002360475 0.002330845822258061
200.91044377114704 0.002292166562581496
201.3266875186893 0.0023541494756036626
201.7429312662316 0.0023229177752435775
202.1591750137739 0.0023061007058190735
202.57541876131617 0.002283758027869009
202.99166250885847 0.0023474226478337984
203.40790625640076 0.002318112898265103
203.82415000394306 0.0023885043459999197
204.24039375148533 0.0024053214154244177
204.65663749902762 0.002381777518229892
205.07288124656992 0.0023635189857118496
205.4891249941122 0.002353909231754739
205.90536874165448 0.002381297030532045
206.32161248919678 0.0024173336078706044
206.73785623673908 0.0024348714088422035
207.15409998428134 0.0024086848293093503
207.57034373182364 0.002454090916755936
207.98658747936594 0.002467064084597986
208.4028312269082 0.002462018963770419
208.8190749744505 0.0024850823732670974
209.2353187219928 0.0025326506553541694
209.65156246953507 0.0025040616373320727
210.06780621707736 0.0025576360156420648
210.48404996461966 0.0025463445547426493
210.90029371216195 0.002560999429527172
211.31653745970422 0.0026001591769015658
211.73278120724652 0.0026400396558229054
212.1490249547888 0.0026152945393839396
212.56526870233108 0.0026184177094197695
212.98151244987338 0.002637156729635821
213.39775619741567 0.002696256716471059
213.81399994495797 0.0026969774480180143
214.23024369250024 0.0027510323140256705
214.64648744004253 0.002743104267011187
215.06273118758483 0.002733494513054424
215.4789749351271 0.0028130152270479936
215.8952186826694 0.002823345712551714
216.3114624302117 0.002840162781976375
216.727706177754 0.002924728616797729
217.14394992529625 0.0029566810487043856
217.56019367283855 0.0029634078764742507
217.97643742038085 0.0030191444494247627
218.39268116792312 0.0030097749393165306
218.8089249154654 0.003053018832122803
219.2251686630077 0.003045811516655091
219.64141241055 0.0030895358971594214
220.05765615809227 0.0031186054028789823
220.47389990563457 0.0031409480808288893
220.89014365317686 0.0031599273448940798
221.30638740071913 0.0032312797680242133
221.72263114826143 0.0032058139200382973
222.13887489580372 0.0032665956138162246
222.555118643346 0.003223832208707577
222.9713623908883 0.0032925419494997652
223.38760613843058 0.003346356571658681
223.80384988597288 0.003381912661299625
224.22009363351515 0.0034467785005088017
224.63633738105744 0.0033968077799326653
225.05258112859974 0.003430441918782222
225.468824876142 0.0034515833774872765
225.8850686236843 0.0035601735972008042
226.3013123712266 0.0035541675009777107
226.7175561187689 0.0035825162751509563
227.13379986631116 0.003563056523387889
227.55004361385346 0.0035299028722364134
227.96628736139576 0.0035974113937842283
228.38253110893802 0.003681736984756213
228.79877485648032 0.0036387333357988647
229.21501860402262 0.0036557906490724498
229.6312623515649 0.003738915020800317
230.04750609910718 0.0037245003898646375
230.46374984664948 0.003683178447849755
230.87999359419177 0.0037446808731744865
231.29623734173404 0.0037595759918075027
231.71248108927634 0.003757413797167189
232.12872483681863 0.0037799967189662783
232.5449685843609 0.003755251602526876
232.9612123319032 0.003753089407886562
233.3774560794455 0.003862400359146861
233.7936998269878 0.0037999369584269496
234.20994357453006 0.0038374149988587925
234.62618732207235 0.0038093064685347155
235.04243106961465 0.0038448625581756902
235.45867481715692 0.003892430840262327
235.87491856469921 0.003933993026126134
236.2911623122415 0.0038710491377081145
236.7074060597838 0.003829006464146723
237.12364980732607 0.003936635708464294
237.53989355486837 0.003956575947924964
237.95613730241067 0.003991891793717025
238.37238104995293 0.0039022808380682
238.78862479749523 0.003985164965946888
239.20486854503753 0.0039640235072416
239.62111229257982 0.003987327160587474
240.0373560401221 0.004038979588105804
240.4535997876644 0.003983002771306575
240.86984353520668 0.0040351356865233
241.28608728274895 0.004057718608321856
241.70233103029125 0.0040120722770263465
242.11857477783354 0.0039890088675296675
242.53481852537584 0.00402552593256635
242.9510622729181 0.004001501547673702
243.3673060204604 0.0040791003108760675
243.7835497680027 0.004079100310876346
244.19979351554497 0.004085586894797009
244.61603726308726 0.004131233226092519
245.03228101062956 0.004140602736200827
245.44852475817183 0.00417639906969018
245.86476850571412 0.004103364939617365
246.28101225325642 0.004131473469941442
246.69725600079872 0.004187450286740957
247.11349974834098 0.004161984438754755
247.52974349588328 0.004235499056525418
247.94598724342558 0.004209072233144095
248.36223099096784 0.004202105161525019
248.77847473851014 0.00420666979465457
249.19471848605244 0.004256640515230707
249.61096223359473 0.004240303933504183
250.027205981137 0.0042650490499430375
250.4434497286793 0.0042703344146193594
250.8596934762216 0.00427730148623844
251.27593722376386 0.004329674645303522
251.69218097130616 0.0043222270859868865
252.10842471884845 0.00438420999900921
252.52466846639075 0.004386612437498746
252.94091221393302 0.004388534388289836
253.3571559614753 0.004449796569765388
253.7733997090176 0.004485833147104255
254.18964345655988 0.0044903977802334995
254.60588720410217 0.004468295346132516
255.02213095164447 0.004533161185342234
255.43837469918674 0.004525233138327441
255.85461844672903 0.004515142896672644
256.27086219427133 0.004582651418220213
256.6871059418136 0.004596345317609493
257.10334968935587 0.0046422318927532985
257.51959343689816 0.004685235541710647
257.93583718444046 0.004664334326854282
258.35208093198275 0.004752263575560369
258.76832467952505 0.004767639181891488
259.18456842706735 0.004748659917826512
259.60081217460964 0.004798870882251572
260.01705592215194 0.0048269794125763085
260.4332996696942 0.004860373307576048
260.8495434172365 0.004842114775057845
261.26578716477877 0.0049185123190155925
261.68203091232107 0.004894968421821066
262.09827465986336 0.004944939142397202
262.51451840740566 0.004959834261030475
262.93076215494796 0.005014369614736847
263.3470059024902 0.005015811077829705
263.7632496500325 0.005073950089269248
264.1794933975748 0.005066262286103688
264.5957371451171 0.0051039805703847144
265.0119808926594 0.005186864698263402
265.4282246402017 0.005186624454414478
265.844468387744 0.005225784201789761
266.2607121352862 0.005225063470242276
266.6769558828285 0.005288007358660294
267.0931996303708 0.00528512443247321
267.5094433779131 0.005330770763768719
267.9256871254554 0.005348308564740151
268.3419308729977 0.0054362378134462375
268.75817462054 0.00543431586265559
269.17441836808223 0.0054256670840935935
269.5906621156245 0.0055381012053899005
270.0069058631668 0.0055155182835910695
270.4231496107091 0.00557990363510263
270.8393933582514 0.005642607279671724
271.2556371057937 0.005669754834600107
271.671880853336 0.005734620673810297
272.08812460087825 0.005715641409744539
272.50436834842054 0.005735341405356286
272.92061209596284 0.005771137738845922
273.33685584350513 0.005815582850896812
273.75309959104743 0.005885253567084695
274.1693433385897 0.0057942011483426
274.585587086132 0.005959248672554018
275.00183083367426 0.005984714520539121
275.41807458121656 0.006033964509568486
275.83431832875885 0.006041892556582969
276.25056207630115 0.006125737659857352
276.66680582384345 0.006174266917339946
277.08304957138574 0.006199492521476938
277.49929331892804 0.006181714476657426
277.9155370664703 0.006217510810146218
278.3317808140126 0.006267721774571278
278.74802456155487 0.0062867010386362535
279.16426830909717 0.006375831506586958
279.58051205663946 0.00643445100572435
279.99675580418176 0.0063883241867309926
280.41299955172406 0.006425561983315049
280.8292432992663 0.006516614402056266
281.2454870468086 0.006560098538711462
281.6617307943509 0.006567786341877021
282.0779745418932 0.00666484485684221
282.4942182894355 0.006714335089720499
282.9104620369778 0.006654754615188322
283.32670578452 0.006817399700908781
283.7429495320623 0.006868811884578459
284.1591932796046 0.006860163106017204
284.5754370271469 0.00685992286216828
284.9916807746892 0.007026411849472429
285.4079245222315 0.006904367974219171
285.8241682697738 0.007057403305984553
286.24041201731603 0.007097043541056006
286.65665576485833 0.007141488653106897
287.0728995124006 0.007143410603898287
287.4891432599429 0.007276505696202034
287.9053870074852 0.00725103984821612
288.3216307550275 0.007313983736634137
288.7378745025698 0.0074136849339385
289.15411825011205 0.007381492258181707
289.57036199765435 0.007411042251599325
289.98660574519664 0.0075650385587594385
290.40284949273894 0.00755422758555787
290.81909324028123 0.007536930028435361
291.23533698782353 0.007678673899300365
291.6515807353658 0.007697893407215315
292.06782448290807 0.007826904354086308
292.48406823045036 0.007852610445921148
292.90031197799266 0.007899938484159123
293.31655572553495 0.007894412875633878
293.73279947307725 0.007968648224951311
294.14904322061955 0.007986906757469514
294.56528696816184 0.007976095784269034
294.9815307157041 0.008107268925780304
295.3977744632464 0.008140182333082856
295.8140182107887 0.008149551843190881
296.23026195833097 0.00823700060419912
296.64650570587327 0.008283848154739249
297.06274945341556 0.00828649083707741
297.47899320095786 0.008410696906972128
297.8952369485001 0.008418624953985463
298.3114806960424 0.00856132980024616
298.7277244435847 0.008502710301108768
299.143968191127 0.008534662733015626
299.5602119386693 0.00862307246941956
299.9764556862116 0.008800132186076351
300.3926994337539 0.008804937063056028
300.8089431812961 0.008743674881579275
301.2251869288384 0.008783795604349538
301.6414306763807 0.008860913879854056
302.057674423923 0.008847700468163251
302.4739181714653 0.008867160219926073
302.8901619190076 0.009006261408452915
303.3064056665499 0.008932746790683472
303.72264941409213 0.009014910187014169
304.1388931616344 0.008990405314423949
304.5551369091767 0.00902716262330928
304.971380656719 0.008999294336834126
305.3876244042613 0.009094671144856849
305.8038681518036 0.009171549176513695
306.22011189934585 0.00911725406665568
306.63635564688815 0.009110286995036892
307.05259939443044 0.009160257715613029
307.46884314197274 0.009110286995036892
307.88508688951504 0.009143200402339444
308.30133063705733 0.00914296015849052
308.71757438459963 0.00912277967518217
309.13381813214187 0.00914632357237545
309.55006187968416 0.00912566260136801
309.96630562722646 0.009081457733166043
310.38254937476876 0.008992807752913185
310.79879312231105 0.008988723607481482
311.21503686985335 0.00905358944669089
311.63128061739565 0.009073529686152798
312.0475243649379 0.008931545571437634
312.4637681124802 0.00888950289787598
312.8800118600225 0.008823435839421955
313.2962556075648 0.008742713906183579
313.71249935510707 0.008691541966362824
314.12874310264937 0.008613702959311534
314.54498685019166 0.008581029795859079
314.9612305977339 0.008528416392943609
315.3774743452762 0.008429195683338107
315.7937180928185 0.00849045786481366
316.2099618403608 0.008380906669704436
316.6262055879031 0.008280965228552163
317.0424493354454 0.00822018353477446
317.4586930829877 0.00814546769776029
317.8749368305299 0.008073875030779906
318.2911805780722 0.0078946531194828
318.7074243256145 0.007854532396712537
319.1236680731568 0.007753870224013492
319.5399118206991 0.007705340966530898
319.9561555682414 0.0075696031918889885
320.3723993157837 0.007536449540738543
320.78864306332594 0.0073906215244408085
321.20488681086823 0.007371161772677986
321.6211305584105 0.0073505008016705444
322.0373743059528 0.007157584990984786
322.4536180534951 0.006941846014651273
322.8698618010374 0.006933917967636791
323.2861055485797 0.006827249698715586
323.70234929612195 0.006784246049757305
324.11859304366425 0.0066525924205470995
324.53483679120654 0.0066136729170214546
324.95108053874884 0.006426282714860942
325.36732428629114 0.006438054663458205
325.78356803383343 0.006223757150218235
326.19981178137573 0.006197570570686395
326.61605552891797 0.0060279584133453926
327.03229927646026 0.006039249874244808
327.44854302400256 0.005842490161976271
327.86478677154486 0.005770897494996998
328.28103051908715 0.00569185726870109
328.69727426662945 0.005542425594671285
329.1135180141717 0.005445847567403187
329.529761761714 0.005373293925028219
329.9460055092563 0.005291851260243074
330.3622492567986 0.005189026892903716
330.7784930043409 0.005117193982075519
331.19473675188317 0.004989864742145941
331.61098049942547 0.004838030629626802
332.0272242469677 0.004770281864229648
332.44346799451 0.004668178228437062
332.8597117420523 0.00463262213879635
333.2759554895946 0.004520908749046813
333.6921992371369 0.00437460024505226
334.1084429846792 0.004369314880375938
334.5246867322215 0.004207150282352992
334.9409304797637 0.004168230778826773
335.357174227306 0.0040291295902999315
335.7734179748483 0.003934473513823981
336.1896617223906 0.0038549527998302247
336.6059054699329 0.003814591833211038
337.0221492174752 0.003698554054180875
337.4383929650175 0.0036519467474901684
337.85463671255974 0.003500833366516642
338.27088046010203 0.003426838261048132
338.68712420764433 0.003360771202594105
339.1033679551866 0.003221189526369416
339.5196117027289 0.0031145212574472786
339.9358554502712 0.0031428700316202796
340.3520991978135 0.0029547590979133996
340.76834294535576 0.002888211551761122
341.18458669289805 0.0028336761980554343
341.60083044044035 0.0027606420679826193
342.01707418798264 0.0026767969647082364
342.43331793552494 0.0026799201347442454
342.84956168306724 0.0025847835705704466
343.26580543060953 0.0024574543306412036
343.6820491781518 0.002404360440028723
344.09829292569407 0.002353909231754739
344.51453667323636 0.0022544482783003134
344.93078042077866 0.002214567799378974
345.34702416832096 0.0021463385462846332
345.76326791586325 0.0021103019689460737
346.17951166340555 0.00199666662840542
346.5957554109478 0.0019392483485123754
347.0119991584901 0.0019387678608145278
347.4282429060324 0.0018532410505976787
347.8444866535747 0.0018001471599855337
348.260730401117 0.0017321581507401174
348.67697414865927 0.0016841093809553706
349.09321789620157 0.0016300545149477532
349.5094616437438 0.0015947386691557417
349.9257053912861 0.0015039264942625706
350.3419491388284 0.0014986411295862484
350.7581928863707 0.0014402618742977813
351.174436633913 0.0013597801849083305
351.5906803814553 0.0012771363008787409
352.0069241289975 0.001262241182245295
352.4231678765398 0.0012598387437560575
352.8394116240821 0.0011966546114891155
353.2556553716244 0.0011406777946898858
353.6718991191667 0.0011603777903016318
354.088142866709 0.001093590000300834
354.5043866142513 0.001033529038070042
354.92063036179354 0.0009725071004432725
355.33687410933584 0.0009789936843642131
355.75311785687813 0.0009148485767015766
356.16936160442043 0.0008795327309097876
356.5856053519627 0.0008209132317723967
357.001849099505 0.0008007327484628031
357.4180928470473 0.0007908827506570381
357.83433659458956 0.0007517230032823615
358.25058034213185 0.0007339449584620052
358.66682408967415 0.0006923827725981995
359.08306783721645 0.0006474571728494614
359.49931158475874 0.0006525022936768597
359.91555533230104 0.0006015705977050282
360.33179907984334 0.0005758645058702674
360.7480428273856 0.0005343023200063829
361.16428657492787 0.0005487169509418068
361.58053032247017 0.0005088364720204671
361.99677407001246 0.0005083559843226197
362.41301781755476 0.00048577306252378877
362.82926156509706 0.00043003648957348257
363.24550531263935 0.0004264328318396849
363.6617490601816 0.0004343608788541098
364.0779928077239 0.0003952011314795413
364.4942365552662 0.00039784381381770235
364.9104803028085 0.0003800657689973461
365.3267240503508 0.0003541194333135829
365.7429677978931 0.00034619138629909973
366.15921154543537 0.0003334584623061874
366.5754552929776 0.0003048694442842176
366.9916990405199 0.00030102554270143784
367.4079427880622 0.00026835237924781015
367.8241865356045 0.00026522920921180155
368.2404302831468 0.00026042433223332694
368.6566740306891 0.00025201579752099626
369.0729177782314 0.0002313548265135868
369.4891615257736 0.00023351702115386878
369.9054052733159 0.00021213531859965652
370.3216490208582 0.00020324629618947838
370.7378927684005 0.00018883166525405438
371.1541365159428 0.0001794621551460288
371.5703802634851 0.00017249508352726407
371.98662401102735 0.00016624874345522346
372.40286775856964 0.00015231460021764693
372.81911150611194 0.00014919143018163837
373.23535525365423 0.00014967191787948586
373.65159900119653 0.00013597801849083306
374.0678427487388 0.00012132314370648533
374.4840864962811 0.0001242060698935871
374.90033024382336 0.0001102719266559936
375.31657399136566 0.00011819997367047679
375.73281773890795 0.00010330485503720533
376.14906148645025 8.744876100823894e-05
376.56530523399255 9.105241874209492e-05
376.98154898153484 8.961095564855252e-05
377.39779272907714 8.384510327439437e-05
377.8140364766194 7.904022629590826e-05
378.2302802241617 8.024144554052692e-05
378.64652397170397 7.447559316635732e-05
379.06276771924627 5.813901143954346e-05
379.47901146678856 6.41451076626368e-05
379.89525521433086 5.6457304497077324e-05
380.31149896187316 5.1171939820762184e-05
380.7277427094154 5.11719398207552e-05
381.1439864569577 4.636706284228053e-05
381.5602302045 4.804876978474666e-05
381.9764739520423 4.300364895734826e-05
382.3927176995846 3.843901582779733e-05
382.8089614471269 4.3243892806272e-05
383.2252051946692 3.5075601942869856e-05
383.6414489422114 3.4114626547170136e-05
384.0576926897537 3.02707249643904e-05
384.473936437296 2.906950571977173e-05
384.8901801848383 2.6426823381610666e-05
385.3064239323806 2.5946335683763198e-05
385.7226676799229 2.4985360288068265e-05
386.1389114274652 2.4985360288071677e-05
386.5551551750074 2.09012148563648e-05
386.9713989225497 2.1381702554212266e-05
387.387642670092 1.969999561174613e-05
387.8038864176343 2.1141458705288532e-05
388.2201301651766 1.4174387086500265e-05
388.6363739127189 1.6336581726813863e-05
389.0526176602612 1.4174387086502202e-05
389.46886140780344 1.4654874784347732e-05
389.88510515534574 1.51353624821952e-05
390.30134890288804 1.1531704748339198e-05
390.71759265043033 9.129266259101866e-06
391.13383639797263 9.3695101080256e-06
391.5500801455149 8.889022410178133e-06
391.9663238930572 8.889022410179346e-06
392.38256764059946 6.246340072017066e-06
392.79881138814176 8.889022410178133e-06
393.21505513568405 9.609753956949332e-06
393.63129888322635 7.687803165559465e-06
394.04754263076865 6.4865839209407995e-06
394.46378637831094 6.486583920941685e-06
394.8800301258532 5.285364676322133e-06
395.2962738733955 4.564633129550933e-06
395.7125176209378 4.564633129550933e-06
396.12876136848007 5.525608525245866e-06
396.54500511602237 3.8439015827797326e-06
396.96124886356466 3.6036577338560003e-06
397.37749261110696 4.804876978475322e-06
397.7937363586492 1.9219507913898663e-06
398.2099801061915 1.4414630935423998e-06
398.6262238537338 2.8829261870847996e-06
399.0424676012761 1.9219507913898663e-06
399.4587113488184 3.123170036008533e-06
399.8749550963607 2.1621946403136e-06
400.291198843903 9.609753956950644e-07
400.7074425914452 1.6817069424661334e-06
401.1236863389875 2.1621946403136e-06
401.5399300865298 1.9219507913898663e-06
401.9561738340721 7.207315467711999e-07
402.3724175816144 1.4414630935423998e-06
402.7886613291567 1.6817069424661334e-06
403.204905076699 1.681706942466363e-06
403.62114882424123 1.9219507913898663e-06
404.0373925717835 7.207315467711999e-07
404.4536363193258 0.0
404.8698800668681 1.2012192446186665e-06
405.2861238144104 7.207315467711999e-07
405.7023675619527 1.4414630935423998e-06
406.118611309495 7.207315467712984e-07
406.53485505703725 4.804876978474666e-07
406.95109880457954 9.609753956949331e-07
407.36734255212184 9.609753956949331e-07
407.78358629966414 2.402438489237333e-07
408.19983004720643 4.804876978474666e-07
408.61607379474873 1.4414630935423998e-06
409.032317542291 4.804876978475322e-07
409.44856128983326 2.402438489237333e-07
409.86480503737556 2.402438489237333e-07
410.28104878491786 4.804876978474666e-07
410.69729253246015 7.207315467711999e-07
411.11353628000245 0.0
411.52978002754475 2.402438489237333e-07
411.94602377508704 0.0
412.3622675226293 0.0
412.7785112701716 2.402438489237333e-07
413.1947550177139 4.804876978474666e-07
413.61099876525617 0.0
414.02724251279847 2.402438489237333e-07
414.44348626034076 0.0
414.85973000788306 0.0
415.2759737554253 2.402438489237333e-07
415.6922175029676 2.402438489237333e-07
416.1084612505099 2.402438489237333e-07
416.5247049980522 0.0
416.9409487455945 2.402438489237333e-07
417.3571924931368 0.0
417.773436240679 2.402438489237333e-07
