1.747919500356537 7.440021523101001e-07
2.419960566968398 8.928025827721202e-07
3.092001633580259 1.1904034436961596e-06
3.7640427001921206 2.976008609240399e-07
4.436083766803982 2.9760086092404006e-07
5.108124833415843 5.952017218480801e-07
5.780165900027704 5.952017218480801e-07
6.452206966639565 5.952017218480801e-07
7.124248033251426 8.928025827721202e-07
7.796289099863287 2.9760086092404006e-07
8.468330166475148 5.952017218480801e-07
9.14037123308701 2.9760086092404006e-07
9.81241229969887 2.9760086092404006e-07
10.484453366310731 7.440021523101001e-07
11.156494432922592 1.7856051655442404e-06
11.828535499534453 5.952017218480801e-07
12.500576566146314 2.9760086092404006e-07
13.172617632758175 1.4880043046202003e-07
13.844658699370036 1.1904034436961602e-06
14.516699765981897 8.928025827721202e-07
15.188740832593759 1.6368047350822203e-06
15.86078189920562 1.4880043046202002e-06
16.53282296581748 2.9760086092404006e-07
17.20486403242934 1.1904034436961541e-06
17.876905099041206 1.3392038741581803e-06
18.548946165653067 1.7856051655442404e-06
19.22098723226493 1.6368047350822203e-06
19.89302829887679 1.7856051655442404e-06
20.56506936548865 2.9760086092404006e-07
21.23711043210051 1.4880043046202003e-07
21.909151498712372 2.9760086092404006e-07
22.581192565324233 7.440021523101001e-07
23.253233631936094 4.464012913860601e-07
23.925274698547955 4.464012913860601e-07
24.597315765159816 8.928025827721202e-07
25.269356831771677 2.9760086092404006e-07
25.94139789838354 2.9760086092404006e-07
26.6134389649954 8.928025827721202e-07
27.28548003160726 1.9344055960062605e-06
27.95752109821912 3.720010761550501e-06
28.629562164830983 2.6784077483163607e-06
29.301603231442844 3.422409900626461e-06
29.973644298054705 3.1248090397024207e-06
30.645685364666566 4.761613774784641e-06
31.317726431278427 4.01761162247454e-06
31.989767497890288 4.017611622474562e-06
32.661808564502145 5.059214635708681e-06
33.333849631114006 4.315212483398535e-06
34.005890697725874 5.059214635708681e-06
34.677931764337735 4.4640129138606e-06
35.349972830949596 7.1424206621769615e-06
36.02201389756146 6.398418509866861e-06
36.69405496417332 7.5888219535630215e-06
37.36609603078518 8.332824105873123e-06
38.03813709739704 7.1424206621769615e-06
38.7101781640089 7.5888219535630215e-06
39.38221923062076 1.0118429271417361e-05
40.054260297232624 1.1160032284651503e-05
40.726301363844485 1.2648036589271704e-05
41.398342430456346 1.0862431423727462e-05
42.07038349706821 1.1755234006499584e-05
42.74242456368007 1.7707251224980386e-05
43.41446563029193 1.7707251224980386e-05
44.08650669690379 1.3392038741581803e-05
44.75854776351565 1.3094437880657762e-05
45.43058883012751 1.5624045198512103e-05
46.10262989673937 1.4433641754815942e-05
46.774670963351234 1.9046455099138564e-05
47.446712029963095 1.607044648989816e-05
48.118753096574956 1.8153652516366444e-05
48.79079416318682 1.6516847781284223e-05
49.46283522979868 1.7112049503132304e-05
50.13487629641054 1.5921646059436142e-05
50.8069173630224 1.8302452946828463e-05
51.47895842963426 1.9790457251448665e-05
52.15099949624612 1.9641656820986645e-05
52.82304056285798 2.1724862847454924e-05
53.495081629469844 2.4403270595771288e-05
54.167122696081705 2.7379279205011687e-05
54.839163762693566 2.4552071026233307e-05
55.51120482930543 2.6784077483163606e-05
56.18324589591729 2.3659268443461184e-05
56.85528696252915 2.5296073178543408e-05
57.52732802914101 3.437289943672663e-05
58.19936909575287 3.437289943672663e-05
58.87141016236473 2.9313684801017947e-05
59.54345122897659 3.258729427118239e-05
60.215492295588454 3.258729427118239e-05
60.887533362200315 3.362889728441653e-05
61.55957442881218 3.7646508906891066e-05
62.23161549542404 3.987851536382137e-05
62.9036565620359 4.106891880751753e-05
63.57569762864776 4.166412052936605e-05
64.24773869525961 4.5830532582301685e-05
64.91977976187148 4.121771923797999e-05
65.59182082848334 4.8211339469693976e-05
66.2638618950952 4.4044927416758394e-05
66.93590296170706 4.538413129091563e-05
67.60794402831893 4.449132870814446e-05
68.27998509493078 4.240812268167526e-05
68.95202616154265 4.8062539039232976e-05
69.6240672281545 5.208015066170647e-05
70.29610829476637 5.966897261527066e-05
70.96814936137822 5.103854764847233e-05
71.64019042799009 4.776493817830894e-05
72.31223149460195 4.7913738608769944e-05
72.98427256121381 5.133614850939746e-05
73.65631362782567 5.832976874111124e-05
74.32835469443754 5.2972953244479696e-05
75.00039576104939 5.7585766588801144e-05
75.67243682766126 5.505615927094799e-05
76.34447789427311 5.743696615833912e-05
77.01651896088498 4.836013990015702e-05
77.68856002749683 5.684176443649105e-05
78.3606010941087 6.428178595959334e-05
79.03264216072056 6.428178595959198e-05
79.70468322733242 6.0264174337118754e-05
80.37672429394428 6.0115373906655464e-05
81.04876536055615 6.383538466820727e-05
81.720806427168 6.53233889728261e-05
82.39284749377987 6.472818725097939e-05
83.06488856039172 6.636499198606023e-05
83.73692962700359 6.443058639005535e-05
84.40897069361544 6.29425820854338e-05
85.08101176022731 6.130577735035291e-05
85.75305282683917 5.832976874111124e-05
86.42509389345103 5.78833674497264e-05
87.09713496006289 6.160337821127564e-05
87.76917602667476 6.324018294635785e-05
88.44121709328662 6.800179672114388e-05
89.11325815989848 6.993620231714867e-05
89.78529922651035 6.993620231715015e-05
90.4573402931222 6.829939758206648e-05
91.12938135973407 6.934100059530207e-05
91.80142242634592 7.276341049592703e-05
92.47346349295779 7.797142556209932e-05
93.14550455956964 7.529301781378135e-05
93.81754562618151 8.139383546272581e-05
94.48958669279337 7.276341049592703e-05
95.16162775940523 7.618582039655506e-05
95.83366882601709 7.588821953562941e-05
96.50570989262896 7.395381393962474e-05
97.17775095924081 7.33586122177751e-05
97.84979202585268 6.636499198606164e-05
98.52183309246453 7.320981178731308e-05
99.1938741590764 7.320981178731463e-05
99.86591522568825 8.035223244948996e-05
100.53795629230012 7.826902642302336e-05
101.20999735891198 7.826902642302171e-05
101.88203842552385 7.752502427071326e-05
102.5540794921357 8.779225397259089e-05
103.22612055874757 9.701788066123809e-05
103.89816162535942 9.27026681778375e-05
104.57020269197129 9.865468539632033e-05
105.24224375858314 8.913145784674906e-05
105.91428482519501 8.526264665473838e-05
106.58632589180687 8.258423890642025e-05
107.25836695841873 9.01730608599851e-05
107.93040802503059 9.478587420430577e-05
108.60244909164246 9.538107592615585e-05
109.27449015825431 9.404187205199567e-05
109.94653122486618 0.00010177949443602278
110.61857229147803 9.642267893938795e-05
111.2906133580899 0.00010460670261480117
111.96265442470175 0.00011353472844252008
112.63469549131362 0.00011279072629021239
113.30673655792548 0.0001095171168200456
113.97877762453734 0.00010832671337635172
114.6508186911492 0.0001087731146677355
115.32285975776107 0.0001251411620185602
115.99490082437292 0.00011651073705176045
116.66694189098479 0.0001281171706278006
117.33898295759664 0.0001263315654622537
118.01102402420851 0.00013272998397212329
118.68306509082036 0.00013198598181981037
119.35510615743223 0.000137789198607832
120.02714722404409 0.0001404676063561454
120.69918829065595 0.0001370451964555219
121.37122935726781 0.0001443364175481579
122.04327042387968 0.0001397236042038383
122.71531149049153 0.000136896396025057
123.3873525571034 0.00015043723519710383
124.05939362371525 0.0001651684778128405
124.73143469032712 0.00015713325456789481
125.40347575693897 0.00015594285112419535
126.07551682355084 0.00016293647135591366
126.7475578901627 0.0001660612803956126
127.41959895677456 0.00017007889201809068
128.09164002338642 0.00016933488986577342
128.7636810899983 0.00017409650364056528
129.43572215661015 0.00018793494367353328
130.107763223222 0.00019492856390524008
130.7798042898339 0.0002004341798323431
131.45184535644574 0.00020013657897141908
132.1238864230576 0.00020326138801111292
132.79592748966948 0.00021754622933547557
133.46796855628133 0.0002059397957594379
134.1400096228932 0.00022260544397118432
134.81205068950504 0.00023897349132199661
135.48409175611692 0.0002328726736730638
136.15613282272878 0.0002404614956266269
136.82817388934063 0.00024343750423586736
137.5002149559525 0.0002459671115537113
138.17225602256437 0.00026471596579193644
138.84429708917622 0.0002709655838713414
139.51633815578808 0.0002758759980765881
140.18837922239993 0.00030295767642066315
140.8604202890118 0.00031010009708285304
141.53246135562367 0.0003072728889040746
142.20450242223552 0.00032319453496351094
142.87654348884737 0.00035414502449959646
143.54858455545926 0.0003592042391353202
144.2206256220711 0.0003824171062873955
144.89266668868297 0.0004127723941016479
145.56470775529482 0.00043092604661799634
146.2367488219067 0.0004648525447633555
146.90878988851856 0.00046440614347196944
147.5808309551304 0.0005316639380408032
148.25287202174226 0.0005813632818150938
148.92491308835415 0.000626747413106035
149.596954154966 0.0007012964287675078
150.26899522157785 0.0007423653475750258
150.9410362881897 0.0008405736316799245
151.6130773548016 0.0009307466925399451
152.28511842141344 0.001012289328433133
152.9571594880253 0.0012104915018085458
153.62920055463715 0.001331466251774113
154.30124162124903 0.0016829328685254645
154.9732826878609 0.0018912534711722946
155.64532375447274 0.002231113654347552
156.3173648210846 0.0026022219279197237
156.98940588769648 0.002838070610202138
157.66144695430833 0.0035024645322150644
158.33348802092019 0.003801106996152342
159.00552908753204 0.004299142036908546
159.67757015414392 0.004633794205017815
160.34961122075578 0.0048758925053795235
161.02165228736763 0.00519358142441594
161.69369335397948 0.0053304778204407745
162.36573442059137 0.0055873073634184495
163.03777548720322 0.005650547546364809
163.70981655381507 0.0057387862016287875
164.38185762042693 0.005682242038052979
165.0538986870388 0.005702330096165592
165.72593975365066 0.0056004018012991074
166.39798082026252 0.0055422208329884565
167.07002188687437 0.005548768051928551
167.74206295348625 0.005426007696797618
168.4141040200981 0.005321847395474202
169.08614508670996 0.005271106448686653
169.75818615332182 0.005207568664879149
170.4302272199337 0.005138525265144992
171.10226828654555 0.0050855523119005125
171.7743093531574 0.005028412946603097
172.44635041976926 0.004956095937398344
173.11839148638114 0.004910414205246713
173.790432552993 0.004760720972201919
174.46247361960485 0.004670101510050351
175.13451468621673 0.004568768416905912
175.8065557528286 0.004476214549158534
176.47859681944044 0.0044065759477023075
177.1506378860523 0.004189922520949427
177.82267895266418 0.004093499842010215
178.49472001927603 0.004046478905984216
179.16676108588788 0.003931604973667535
179.83880215249974 0.0038610735696283736
180.51084321911162 0.003739503617941065
181.18288428572347 0.003658109782478339
181.85492535233533 0.003614957657644353
182.52696641894718 0.0035341590239033258
183.19900748555906 0.003572251934101753
183.87104855217092 0.003434909136785307
184.54308961878277 0.003402321842514124
185.21513068539463 0.003369585747812337
185.8871717520065 0.0032785198843697226
186.55921281861836 0.0032029292656950152
187.23125388523022 0.0031645387546358136
187.90329495184207 0.003127785048311562
188.57533601845395 0.0030251127512928994
189.2473770850658 0.0029655925791080904
189.91941815167766 0.0028760147199699535
190.59145921828951 0.0027123342464616153
191.2635002849014 0.0026804909543428576
191.93554135151325 0.002574545047853898
192.6075824181251 0.0025121976674903107
193.27962348473696 0.0024373510509678106
193.95166455134884 0.002425000615239566
194.6237056179607 0.0023726228637169344
195.29574668457255 0.0023180131057373723
195.9677877511844 0.0023276851337173054
196.63982881779629 0.002307448275174569
197.31186988440814 0.0022909314273932848
197.98391095102 0.002298520249346848
198.65595201763185 0.002275753783486062
199.32799308424373 0.0022623617447445764
200.00003415085558 0.002253284918486393
200.67207521746744 0.0022195072207715143
201.3441162840793 0.002243315289645343
202.01615735069117 0.0021628142567654838
202.68819841730303 0.0022052223794471605
203.36023948391488 0.002149124617162978
204.03228055052674 0.002156564638685988
204.70432161713862 0.002120406134083808
205.37636268375047 0.0020899020458390936
206.04840375036233 0.002065201174382398
206.72044481697418 0.002070855590739867
207.39248588358606 0.0020774028096802837
208.06452695019792 0.002073831599349195
208.73656801680977 0.0020893068441172453
209.40860908342162 0.0021098413035209153
210.0806501500335 0.0021055260910376058
210.75269121664536 0.0021974847570631353
211.4247322832572 0.0021811167097123127
212.09677334986907 0.0022084959889172315
212.76881441648095 0.0022453984956719063
213.4408554830928 0.0022823010024264874
214.11289654970466 0.002272480174015994
214.7849376163165 0.002321137914776977
215.4569786829284 0.002300603455373316
216.12901974954025 0.0023651828421938333
216.8010608161521 0.0023846756985842574
217.47310188276398 0.002341077172458986
218.14514294937584 0.002458034310802135
218.8171840159877 0.002470682347391407
219.48922508259955 0.0024982104270267753
220.16126614921143 0.0026068347412641565
220.83330721582328 0.0025739498461320497
221.50534828243514 0.0026357020247737887
222.177389349047 0.002702662218481584
222.84943041565887 0.0026981982055678377
223.52147148227073 0.002760396785500963
224.19351254888258 0.0028001265004343225
224.86555361549443 0.002838665811923866
225.53759468210632 0.0028902995612943077
226.20963574871817 0.0029501173343400404
226.88167681533002 0.0029681221864259447
227.55371788194188 0.0030346359788423405
228.22575894855376 0.0030992153656629862
228.89780001516561 0.003155015527086244
229.56984108177747 0.0031846268127481863
230.24188214838932 0.0032329869526482066
230.9139232150012 0.0032413197767542164
231.58596428161306 0.0033472656832431763
232.2580053482249 0.0033802993788057453
232.93004641483677 0.0033981554304610435
233.60208748144865 0.0034113986687723074
234.2741285480605 0.00348297167582454
234.94616961467236 0.003533712622612089
235.6182106812842 0.0035676391207572792
236.2902517478961 0.003543235850161658
236.96229281450795 0.0036170408636708212
237.6343338811198 0.0036494793575115422
238.30637494773165 0.003665103402709899
238.97841601434354 0.003699922703438167
239.6504570809554 0.0037027499116169455
240.32249814756725 0.003738759615788755
240.9945392141791 0.003781316538900733
241.66658028079098 0.0037848877492319814
242.33862134740284 0.003809142219397291
243.0106624140147 0.003825063865456727
243.68270348062654 0.003793071772907233
244.35474454723843 0.0038476815308869546
245.02678561385028 0.003844556721847252
245.69882668046213 0.0038085470176754434
246.370867747074 0.0038737216062176448
247.04290881368587 0.003877292816548897
247.71494988029772 0.003884732838071998
248.38699094690958 0.0038933632630387956
249.05903201352143 0.003907648104362984
249.7310730801333 0.0038694063937344102
250.40311414674517 0.0039423186046608
251.07515521335702 0.003944550611117731
251.74719627996888 0.003942616205521558
252.41923734658076 0.003953032235654066
253.0912784131926 0.003969400283004888
253.76331947980447 0.003983685124329243
254.43536054641632 0.004004368384163294
255.1074016130282 0.004008981197507786
255.77944267964006 0.0040621029511828995
256.4514837462519 0.0040679061679705746
257.12352481286376 0.004092160638135884
257.79556587947565 0.004128616743599426
258.46760694608747 0.004148258400420063
259.13964801269935 0.004107487082473471
259.81168907931124 0.004153168814625661
260.48373014592306 0.004178911289095239
261.15577121253494 0.004238729062140968
261.8278122791468 0.004271018755551587
262.49985334575865 0.004281732386544491
263.17189441237053 0.00433113412945788
263.8439354789824 0.004398391924027083
264.51597654559424 0.004416396776112615
265.1880176122061 0.0043955647158483045
265.86005867881795 0.004480232160780819
266.53209974542983 0.004486481778860224
267.2041408120417 0.00456847081604518
267.87618187865354 0.004618914161971417
268.5482229452654 0.004675011924255597
269.2202640118773 0.004650608653660219
269.89230507848913 0.004741376916241656
270.564346145101 0.00476503618468552
271.23638721171284 0.004773220208360527
271.9084282783247 0.0048663692778297485
272.5804693449366 0.004882142123459135
273.2525104115484 0.004956393538259268
273.9245514781603 0.004979755205841805
274.5965925447722 0.0050354065668350234
275.268633611384 0.005076029084350728
275.9406746779959 0.005109806782066038
276.6127157446077 0.005169475754680874
277.2847568112196 0.005246851978521122
277.9567978778315 0.005284796088289383
278.6288389444433 0.005356220294910704
279.3008800110552 0.005378540359480005
279.9729210776671 0.005419758078718443
280.6449621442789 0.005508740736134269
281.3170032108908 0.005568409708750008
281.9890442775026 0.005644446728715627
282.6610853441145 0.005624209870172793
283.3331264107264 0.005705306104775073
284.0051674773382 0.005756642253283987
284.6772085439501 0.005833423275402387
285.34924961056197 0.005899341866097558
286.0212906771738 0.0059673436628182005
286.6933317437857 0.005975230085633192
287.3653728103975 0.006020316616062677
288.0374138770094 0.006145904179372619
288.70945494362127 0.00616137942414119
289.3814960102331 0.006226702813113493
290.053537076845 0.006317173474834398
290.72557814345686 0.006379967256489909
291.3976192100687 0.0064213337761578095
292.06966027668057 0.00652608927920362
292.7417013432924 0.006623553561155687
293.4137424099043 0.00663188638526156
294.08578347651616 0.006712387418142079
294.757824543128 0.006778306008836183
295.42986560973986 0.006868776670557089
296.10190667635175 0.0069509145081727095
296.77394774296357 0.006987817014926701
297.44598880957545 0.007045997983237945
298.1180298761873 0.007197179220586756
298.79007094279916 0.007241372948433976
299.46211200941104 0.007352526869989722
300.13415307602287 0.007402077413332951
300.80619414263475 0.0074763288281334975
301.47823520924663 0.007602362792735467
302.15027627585846 0.007706969495349622
302.82231734247034 0.007749080017170371
303.4943584090822 0.007762174455051686
304.16639947569405 0.007918414907036146
304.83844054230593 0.008028229624717791
305.51048160891776 0.008078524170213272
306.18252267552964 0.008159174003523686
306.8545637421415 0.008280297553920466
307.52660480875335 0.008377761835872386
308.19864587536523 0.00847849972729517
308.8706869419771 0.008495314175938098
309.54272800858894 0.008594266462194619
310.2147690752008 0.008618520932360655
310.88681014181265 0.00875913733914653
311.5588512084245 0.008810324687225465
312.2308922750364 0.008851840007325116
312.90293334164824 0.00896567233662781
313.5749744082601 0.00899825963089899
314.247015474872 0.009035162137654333
314.9190565414838 0.009186045774142053
315.5910976080957 0.009227114692950351
316.26313867470753 0.009225626688644949
316.9351797413194 0.009210002643446439
317.6072208079313 0.009227412293811273
318.2792618745431 0.00927666523629342
318.951302941155 0.009303300513346123
319.6233440077669 0.009315502148644794
320.2953850743787 0.009249434757518871
320.9674261409906 0.009251964364837509
321.6394672076024 0.009173546537983244
322.3115082742143 0.009117895176990451
322.9835493408262 0.009050637382422384
323.655590407438 0.008983677188713714
324.3276314740499 0.008901836951959605
324.9996725406618 0.008726847645737012
325.6717136072736 0.008674618694644106
326.3437546738855 0.008617925730638808
327.0157957404973 0.00848221973805672
327.6878368071092 0.008286398371568708
328.3598778737211 0.008241460641569878
329.0319189403329 0.008090130603789311
329.7039600069448 0.007860085138295034
330.37600107355667 0.007716195122038919
331.0480421401685 0.00755921066790084
331.7200832067804 0.007453413561842977
332.3921242733922 0.007231849720884405
333.0641653400041 0.0071352782415145585
333.73620640661596 0.00697740098479495
334.4082474732278 0.00676997318473031
335.08028853983967 0.006590222264732196
335.75232960645155 0.006400352915463206
336.4243706730634 0.0062863717857287605
337.09641173967526 0.006101412850664992
337.7684528062871 0.005840268095203639
338.44049387289897 0.0056831348406357505
339.11253493951085 0.005514692753353216
339.7845760061227 0.005319466588586586
340.45661707273456 0.0051426916771977116
341.12865813934644 0.005019336120345125
341.80069920595827 0.004821877949121606
342.47274027257015 0.004694207179785594
343.144781339182 0.004446156862205017
343.81682240579386 0.004341252558729297
344.48886347240574 0.0041238551298246415
345.16090453901757 0.0039863635320773905
345.83294560562945 0.0037833997449272013
346.50498667224133 0.0036673354091671397
347.17702773885316 0.0034982981201619797
347.84906880546504 0.0032916143222502412
348.5211098720769 0.003220785317350594
349.19315093868875 0.0030940073505966842
349.8651920053006 0.002924226059439772
350.53723307191245 0.0027761696311298196
351.20927413852434 0.002641654041992158
351.8813152051362 0.0025052040472587018
352.55335627174804 0.0023696468551075937
353.2253973383599 0.002285574611896555
353.8974384049718 0.0021739742890502277
354.56947947158363 0.0020199658435218577
355.2415205381955 0.001957916064019363
355.91356160480734 0.0018074788288220999
356.5856026714192 0.0017335250148824784
357.2576437380311 0.0016417151492875539
357.92968480464293 0.0015472268759440353
358.6017258712548 0.0014435129759120106
359.2737669378667 0.0013451558913767322
359.9458080044785 0.001283552513165344
360.6178490710904 0.001211681905252293
361.28989013770223 0.0011243360525709878
361.9619312043141 0.0010308893822408422
362.633972270926 0.00098104123803615
363.3060133375378 0.0009344667033014563
363.9780544041497 0.0008694409151895555
364.6500954707616 0.0007934038952235328
365.3221365373734 0.0007474245622107029
365.9941776039853 0.0007004036261847653
366.6662186705971 0.0006389490484038937
367.338259737209 0.0006084449601591805
368.0103008038209 0.0005623168267160035
368.6823418704327 0.0005266047234050722
369.3543829370446 0.0004807741908227715
370.0264240036565 0.00045413891377010915
370.6984650702683 0.0004218492203598134
371.3705061368802 0.00038316110843972186
372.042547203492 0.0003556330288042166
372.7145882701039 0.000320516127215181
373.38662933671577 0.0002907560411228025
374.0586704033276 0.00028644082863937945
374.7307114699395 0.0002499847231761857
375.40275253655136 0.00023822948916970668
376.0747936031632 0.00023064066721612377
376.74683466977507 0.00019358936003109828
377.4188757363869 0.00017900691784580443
378.0909168029988 0.00015817485758112227
378.76295786961066 0.00014582442185278734
379.4349989362225 0.00015043723519709748
380.10704000283437 0.00012886117278010527
380.77908106944625 0.00012231395383978692
381.4511221360581 0.00010654110821080296
382.12316320266996 9.984508884002073e-05
382.7952042692818 9.210746645598747e-05
383.46724533589367 8.734585268120299e-05
384.13928640250555 8.10962346018052e-05
384.8113274691174 6.90433997343751e-05
385.48336853572926 6.160337821127434e-05
386.15540960234114 5.7139365297418714e-05
386.82745066895296 5.163374937031931e-05
387.49949173556485 5.505615927095032e-05
388.17153280217667 4.657453473461079e-05
388.84357386878855 4.315212483398444e-05
389.51561493540044 3.3628897284418306e-05
390.18765600201226 3.645610546319375e-05
390.85969706862414 3.10992899665612e-05
391.531738135236 3.3182495993032224e-05
392.20377920184785 3.2587294271181355e-05
392.87582026845973 3.0057686953327095e-05
393.5478613350716 2.4849671887158657e-05
394.21990240168344 2.2617665430226326e-05
394.8919434682953 2.425447016531055e-05
395.56398453490715 2.3064066721612374e-05
396.23602560151903 2.1427261986530208e-05
396.9080666681309 1.9344055960063626e-05
397.58010773474274 2.2171264138840285e-05
398.2521488013546 1.8004852085903852e-05
398.9241898679665 1.711204950313321e-05
399.59623093457833 1.621924692035967e-05
400.2682720011902 1.8600053807753488e-05
400.94031306780204 1.5326444337587576e-05
401.6123541344139 2.0236858542834083e-05
402.2843952010258 1.6368047350823068e-05
402.9564362676376 1.681444864220773e-05
403.6284773342495 1.4433641754815485e-05
404.3005184008614 1.696324907267118e-05
404.9725594674732 1.5326444337587576e-05
405.6446005340851 1.5028843476664818e-05
406.3166416006969 1.4731242615739515e-05
406.9886826673088 1.592164605943564e-05
407.6607237339207 1.6814448642209153e-05
408.3327648005325 1.2796837019733317e-05
409.0048058671444 1.7707251224979823e-05
409.6768469337563 1.6070446489899012e-05
410.3488880003681 1.621924692035967e-05
411.02092906698 1.6516847781285097e-05
411.6929701335918 1.3987240463429439e-05
412.3650112002037 1.5028843476663548e-05
413.0370522668156 1.4136040893892649e-05
413.7090933334274 1.8153652516365868e-05
414.3811344000393 1.621924692035967e-05
415.05317546665117 1.5028843476664818e-05
415.725216533263 1.7856051655441836e-05
416.3972575998749 1.3392038741582511e-05
417.0692986664867 1.4433641754815485e-05
417.7413397330986 1.2499236158809286e-05
418.41338079971047 1.2499236158810343e-05
419.0854218663223 1.5772845628973624e-05
419.7574629329342 1.621924692035967e-05
420.42950399954606 1.8897654668677544e-05
421.1015450661579 1.5326444337587576e-05
421.77358613276976 1.6070446489899012e-05
422.4456271993816 1.5475244768049592e-05
423.1176682659935 1.711204950313176e-05
423.78970933260536 1.5475244768050904e-05
424.4617503992172 1.3689639602505408e-05
425.13379146582906 1.3838440032967424e-05
425.80583253244095 1.3540839172044539e-05
426.47787359905277 1.7558450794517807e-05
427.14991466566465 1.4582442185278734e-05
427.8219557322765 1.711204950313176e-05
428.49399679888836 1.6963249072669746e-05
429.16603786550024 1.5326444337588874e-05
429.83807893211207 1.4433641754815485e-05
430.51011999872395 1.5028843476663548e-05
431.18216106533583 1.6665648211747127e-05
431.85420213194766 1.7409650364055794e-05
432.52624319855954 1.5326444337587576e-05
433.1982842651714 1.4731242615740762e-05
433.87032533178325 1.681444864220773e-05
434.54236639839513 1.785605165544335e-05
435.21440746500696 1.7409650364055794e-05
435.88644853161884 1.681444864220773e-05
436.5584895982307 1.621924692036104e-05
437.23053066484255 1.3838440032967424e-05
437.90257173145443 1.5475244768049592e-05
438.5746127980663 1.562404519851293e-05
439.24665386467814 1.7260849933593775e-05
439.91869493129 1.4136040893892649e-05
440.59073599790185 1.3094437880657347e-05
441.2627770645137 1.3094437880657347e-05
441.9348181311256 1.621924692036104e-05
442.60685919773744 1.4731242615739515e-05
443.2789002643493 1.9641656820986022e-05
443.9509413309612 1.5772845628974956e-05
444.622982397573 1.428484132435347e-05
445.2950234641849 1.4433641754816708e-05
445.96706453079673 1.4731242615739515e-05
446.6391055974086 1.4731242615739515e-05
447.3111466640205 1.5326444337588874e-05
447.9831877306323 1.4582442185277501e-05
448.6552287972442 1.3243238311119362e-05
449.3272698638561 1.4433641754816708e-05
449.9993109304679 1.65168477812837e-05
450.6713519970798 1.5475244768050904e-05
451.3433930636916 1.339203874158138e-05
452.0154341303035 1.592164605943564e-05
452.6874751969154 1.3540839172044539e-05
453.3595162635272 1.592164605943564e-05
454.0315573301391 1.3987240463429439e-05
454.703598396751 1.4880043046202788e-05
455.3756394633628 1.5028843476663548e-05
456.0476805299747 1.4284841324354679e-05
456.7197215965865 1.7707251224979823e-05
457.3917626631984 1.3838440032967424e-05
458.0638037298103 1.3689639602506565e-05
458.7358447964221 1.592164605943564e-05
459.407885863034 1.5326444337587576e-05
460.07992692964586 1.4284841324354679e-05
460.7519679962577 1.3540839172043394e-05
461.4240090628696 1.4136040893892649e-05
462.0960501294814 1.3987240463429439e-05
462.7680911960933 1.4880043046201533e-05
463.44013226270516 1.4880043046202788e-05
464.112173329317 1.65168477812837e-05
464.78421439592887 1.3689639602505408e-05
465.45625546254075 1.3987240463430624e-05
466.1282965291526 1.428484132435347e-05
466.80033759576446 1.2648036589272371e-05
467.4723786623763 1.3838440032967424e-05
468.14441972898817 1.4136040893891456e-05
468.81646079560005 1.3094437880658455e-05
469.4885018622119 1.4880043046201533e-05
470.16054292882376 1.3540839172043394e-05
470.83258399543564 1.5177643907126848e-05
471.50462506204747 1.5772845628973624e-05
472.17666612865935 1.2201635297886288e-05
472.8487071952712 1.205283486742324e-05
473.52074826188306 1.0862431423727118e-05
474.19278932849494 1.205283486742426e-05
474.86483039510676 1.175523400649921e-05
475.53687146171865 1.3689639602505408e-05
476.20891252833053 1.3540839172044539e-05
476.88095359494235 1.2499236158809286e-05
477.55299466155424 1.5475244768049592e-05
478.2250357281661 1.2945637450196426e-05
478.89707679477794 1.26480365892713e-05
479.5691178613898 1.056483056280398e-05
480.24115892800165 1.592164605943564e-05
480.91319999461354 1.0416030132341072e-05
481.5852410612254 1.1011231854190064e-05
482.25728212783724 1.0118429271417041e-05
482.9293231944491 9.672027980030995e-06
483.601364261061 1.1755234006500204e-05
484.27340532767283 1.1904034436961226e-05
484.9454463942847 1.0416030132341953e-05
485.61748746089654 1.1160032284651149e-05
486.2895285275084 9.52322754956898e-06
486.9615695941203 8.630424966797618e-06
487.63361066073213 1.0416030132341072e-05
488.305651727344 8.184023675410841e-06
488.9776927939559 9.820828410493841e-06
489.6497338605677 9.076826258182934e-06
490.3217749271796 8.928025827721675e-06
490.99381599379143 1.0416030132341072e-05
491.6658570604033 1.0267229701879057e-05
492.3378981270152 8.928025827721675e-06
493.009939193627 9.672027980030995e-06
493.6819802602389 7.737622384024796e-06
494.3540213268508 8.779225397259646e-06
495.0260623934626 6.100817648942628e-06
495.6981034600745 8.035223244949506e-06
496.3701445266863 6.100817648942628e-06
497.0421855932982 7.737622384024796e-06
497.7142266599101 5.952017218481116e-06
498.3862677265219 6.69601937079069e-06
499.0583087931338 6.993620231714719e-06
499.7303498597457 7.142420662177339e-06
500.4023909263575 6.100817648942628e-06
501.0744319929694 5.356815496633004e-06
501.7464730595812 7.886422814486812e-06
502.4185141261931 6.249618079404643e-06
503.09055519280497 5.356815496633004e-06
503.7625962594168 4.017611622474413e-06
504.4346373260287 3.422409900626352e-06
505.10667839264056 4.9104142052469205e-06
505.7787194592524 5.208015066170536e-06
506.45076052586427 6.249618079405172e-06
507.1228015924761 5.208015066170536e-06
507.794842659088 3.7200107615503833e-06
508.46688372569986 3.124809039702586e-06
509.1389247923117 5.059214635708521e-06
509.81096585892357 5.059214635708521e-06
510.48300692553545 3.124809039702586e-06
511.1550479921473 4.76161377478449e-06
511.82708905875916 4.4640129138612145e-06
512.4991301253709 3.422409900626352e-06
513.1711711919828 3.273609470164337e-06
513.8432122585947 2.5296073178542603e-06
514.5152533252066 3.5712103310889716e-06
515.1872943918183 2.9760086092403064e-06
515.8593354584302 3.1248090397023216e-06
516.5313765250421 3.273609470164337e-06
517.203417591654 3.1248090397023216e-06
517.8754586582659 1.7856051655441838e-06
518.5474997248778 2.97600860924081e-06
519.2195407914895 1.4880043046201532e-06
519.8915818581014 1.7856051655441838e-06
520.5636229247133 1.934405596006199e-06
521.2356639913252 2.9760086092403064e-06
521.907705057937 1.934405596006526e-06
522.5797461245488 8.928025827720919e-07
523.2517871911607 1.0416030132341073e-06
523.9238282577726 1.934405596006199e-06
524.5958693243845 1.1904034436961226e-06
525.2679103909963 1.339203874158138e-06
525.9399514576082 2.9760086092408093e-07
526.61199252422 1.6368047350821684e-06
527.2840335908319 8.928025827720919e-07
527.9560746574438 8.928025827720919e-07
528.6281157240556 1.1904034436961226e-06
529.3001567906675 1.0416030132342835e-06
529.9721978572793 1.0416030132341073e-06
530.6442389238912 4.4640129138604596e-07
531.3162799905031 1.1904034436961226e-06
531.988321057115 1.4880043046201532e-06
532.6603621237268 1.3392038741583643e-06
533.3324031903386 1.1904034436961226e-06
534.0044442569505 5.952017218480613e-07
534.6764853235624 1.339203874158138e-06
535.3485263901742 1.4880043046201532e-07
536.0205674567861 8.928025827720919e-07
536.692608523398 4.4640129138612145e-07
537.3646495900098 5.952017218480613e-07
538.0366906566217 7.440021523100766e-07
538.7087317232335 1.0416030132341073e-06
539.3807727898454 7.440021523100766e-07
540.0528138564573 1.4880043046204047e-07
540.7248549230691 5.952017218480613e-07
541.396895989681 4.4640129138604596e-07
542.0689370562928 2.9760086092403064e-07
542.7409781229047 4.4640129138604596e-07
543.4130191895166 5.952017218481619e-07
544.0850602561284 2.9760086092403064e-07
544.7571013227403 8.928025827720919e-07
545.4291423893521 5.952017218480613e-07
546.101183455964 1.4880043046201532e-07
546.7732245225759 5.952017218480613e-07
547.4452655891878 0.0
548.1173066557996 2.9760086092403064e-07
548.7893477224114 1.4880043046201532e-07
549.4613887890233 2.9760086092403064e-07
550.1334298556352 0.0
550.8054709222471 2.9760086092408093e-07
551.4775119888589 4.4640129138604596e-07
552.1495530554707 0.0
552.8215941220826 2.9760086092403064e-07
553.4936351886945 0.0
554.1656762553064 2.9760086092408093e-07
554.8377173219181 0.0
555.50975838853 1.4880043046201532e-07
556.1817994551419 0.0
556.8538405217538 1.4880043046201532e-07
557.5258815883657 1.4880043046201532e-07
558.1979226549776 0.0
558.8699637215893 1.4880043046201532e-07
559.5420047882012 4.4640129138604596e-07
560.2140458548131 0.0
560.886086921425 0.0
561.5581279880369 4.4640129138612145e-07
562.2301690546486 4.4640129138604596e-07
562.9022101212605 2.9760086092403064e-07
563.5742511878724 0.0
564.2462922544843 0.0
564.9183333210962 0.0
565.590374387708 2.9760086092408093e-07
566.2624154543198 2.9760086092403064e-07
566.9344565209317 2.9760086092403064e-07
567.6064975875436 0.0
568.2785386541555 1.4880043046201532e-07
568.9505797207673 2.9760086092408093e-07
569.6226207873791 1.4880043046201532e-07
570.294661853991 1.4880043046201532e-07
570.9667029206029 1.4880043046201532e-07
571.6387439872148 2.9760086092403064e-07
572.3107850538266 1.4880043046204047e-07
572.9828261204384 1.4880043046201532e-07
573.6548671870503 1.4880043046201532e-07
574.3269082536622 1.4880043046201532e-07
574.998949320274 1.4880043046201532e-07
575.6709903868859 1.4880043046201532e-07
576.3430314534978 0.0
577.0150725201096 0.0
577.6871135867215 0.0
578.3591546533333 1.4880043046201532e-07
579.0311957199452 0.0
579.7032367865571 0.0
580.3752778531689 1.4880043046201532e-07
581.0473189197808 0.0
581.7193599863926 0.0
582.3914010530045 0.0
583.0634421196164 0.0
583.7354831862282 0.0
584.4075242528401 1.4880043046201532e-07
585.079565319452 0.0
585.7516063860638 0.0
586.4236474526757 1.4880043046201532e-07
587.0956885192876 0.0
587.7677295858994 0.0
588.4397706525112 0.0
589.1118117191231 0.0
589.783852785735 0.0
590.4558938523469 1.4880043046204047e-07
591.1279349189587 1.4880043046201532e-07
591.7999759855705 0.0
592.4720170521824 0.0
593.1440581187943 0.0
593.8160991854062 0.0
594.488140252018 0.0
595.1601813186298 0.0
595.8322223852417 0.0
596.5042634518536 0.0
597.1763045184655 0.0
597.8483455850774 0.0
598.5203866516891 0.0
599.192427718301 1.4880043046201532e-07
599.8644687849129 0.0
600.5365098515248 0.0
601.2085509181367 0.0
601.8805919847484 0.0
602.5526330513603 0.0
603.2246741179722 0.0
603.8967151845841 0.0
604.568756251196 0.0
605.2407973178078 0.0
605.9128383844196 0.0
606.5848794510315 0.0
607.2569205176434 0.0
607.9289615842553 0.0
608.6010026508671 0.0
609.2730437174789 0.0
609.9450847840908 0.0
610.6171258507027 0.0
611.2891669173146 0.0
611.9612079839264 0.0
612.6332490505382 0.0
613.3052901171501 0.0
613.977331183762 0.0
614.6493722503739 0.0
615.3214133169857 0.0
615.9934543835976 0.0
616.6654954502094 0.0
617.3375365168213 0.0
618.0095775834332 0.0
618.681618650045 0.0
619.3536597166569 0.0
620.0257007832687 0.0
620.6977418498806 0.0
621.3697829164925 0.0
622.0418239831043 0.0
622.7138650497162 0.0
623.385906116328 0.0
624.0579471829399 0.0
624.7299882495518 0.0
625.4020293161636 0.0
626.0740703827755 0.0
626.7461114493874 0.0
627.4181525159992 0.0
628.090193582611 0.0
628.7622346492229 0.0
629.4342757158348 0.0
630.1063167824467 0.0
630.7783578490585 0.0
631.4503989156703 0.0
632.1224399822822 0.0
632.7944810488941 0.0
633.466522115506 0.0
634.1385631821178 0.0
634.8106042487296 0.0
635.4826453153415 0.0
636.1546863819534 0.0
636.8267274485653 0.0
637.4987685151772 0.0
638.170809581789 0.0
638.8428506484008 0.0
639.5148917150127 1.4880043046201532e-07
640.1869327816246 0.0
640.8589738482365 0.0
641.5310149148482 0.0
642.2030559814601 0.0
642.875097048072 0.0
643.5471381146839 0.0
644.2191791812958 0.0
644.8912202479075 0.0
645.5632613145194 0.0
646.2353023811313 0.0
646.9073434477432 0.0
647.5793845143551 0.0
648.251425580967 0.0
648.9234666475787 0.0
649.5955077141906 0.0
650.2675487808025 0.0
650.9395898474144 0.0
651.6116309140263 1.4880043046204047e-07
652.283671980638 0.0
652.9557130472499 0.0
653.6277541138618 0.0
654.2997951804737 0.0
654.9718362470855 0.0
655.6438773136974 0.0
656.3159183803092 0.0
656.9879594469211 0.0
657.660000513533 0.0
658.3320415801448 0.0
659.0040826467567 0.0
659.6761237133685 0.0
660.3481647799804 0.0
661.0202058465923 0.0
661.6922469132041 0.0
662.364287979816 0.0
663.0363290464278 0.0
663.7083701130397 0.0
664.3804111796516 0.0
665.0524522462634 0.0
665.7244933128753 0.0
666.3965343794872 0.0
667.068575446099 0.0
667.7406165127109 0.0
668.4126575793227 0.0
669.0846986459346 0.0
669.7567397125465 0.0
670.4287807791583 0.0
671.1008218457702 0.0
671.772862912382 0.0
672.4449039789939 0.0
673.1169450456058 0.0
673.7889861122176 1.4880043046201532e-07
