1.7303639814151242 38.0
2.13941626898753 29.0
2.5484685565599356 33.0
2.9575208441323415 18.0
3.3665731317047474 17.0
3.7756254192771532 19.0
4.184677706849559 17.0
4.593729994421965 14.0
5.002782281994371 14.0
5.411834569566777 23.0
5.8208868571391825 15.0
6.229939144711588 31.0
6.638991432283994 33.0
7.0480437198564 25.0
7.457096007428806 0.0
7.866148295001212 0.0
8.275200582573618 8.0
8.684252870146024 21.0
9.09330515771843 11.0
9.502357445290835 11.0
9.911409732863241 0.0
10.320462020435647 0.0
10.729514308008053 61.0
11.138566595580459 49.0
11.547618883152865 68.0
11.95667117072527 0.0
12.365723458297676 0.0
12.774775745870082 6.0
13.183828033442488 17.0
13.592880321014894 17.0
14.0019326085873 24.0
14.410984896159706 54.0
14.820037183732111 47.0
15.229089471304517 9.0
15.638141758876923 0.0
16.04719404644933 0.0
16.456246334021735 16.0
16.865298621594143 17.0
17.274350909166547 19.0
17.683403196738954 31.0
18.09245548431136 39.0
18.501507771883766 39.0
18.91056005945617 49.0
19.319612347028574 57.0
19.72866463460098 27.0
20.13771692217339 0.0
20.546769209745793 0.0
20.955821497318198 0.0
21.364873784890605 0.0
21.773926072463013 0.0
22.182978360035417 0.0
22.59203064760782 0.0
23.00108293518023 10.0
23.410135222752636 31.0
23.81918751032504 30.0
24.228239797897444 28.0
24.637292085469852 26.0
25.04634437304226 30.0
25.455396660614664 22.0
25.864448948187068 18.0
26.273501235759475 11.0
26.682553523331883 83.0
27.091605810904287 81.0
27.50065809847669 72.0
27.9097103860491 92.0
28.318762673621507 88.0
28.72781496119391 99.0
29.136867248766315 63.0
29.545919536338722 77.0
29.95497182391113 86.0
30.364024111483534 123.0
30.773076399055938 104.0
31.182128686628346 118.0
31.591180974200753 142.0
32.00023326177316 131.0
32.40928554934556 157.0
32.81833783691797 142.0
33.22739012449038 161.0
33.636442412062785 135.0
34.045494699635185 130.0
34.45454698720759 175.0
34.86359927478 196.0
35.27265156235241 151.0
35.68170384992481 257.0
36.090756137497216 239.0
36.499808425069624 290.0
36.908860712642024 200.0
37.31791300021443 221.0
37.72696528778684 214.0
38.13601757535925 218.0
38.545069862931655 261.0
38.954122150504055 279.0
39.36317443807646 291.0
39.77222672564887 319.0
40.18127901322127 291.0
40.59033130079368 352.0
40.999383588366086 399.0
41.408435875938494 296.0
41.8174881635109 273.0
42.2265404510833 288.0
42.63559273865571 542.0
43.04464502622812 560.0
43.45369731380052 505.0
43.862749601372926 388.0
44.27180188894533 380.0
44.68085417651774 360.0
45.08990646409015 437.0
45.49895875166255 415.0
45.90801103923496 396.0
46.317063326807364 364.0
46.726115614379765 352.0
47.13516790195217 502.0
47.54422018952458 537.0
47.95327247709699 525.0
48.362324764669395 547.0
48.771377052241796 549.0
49.180429339814204 521.0
49.58948162738661 411.0
49.99853391495901 416.0
50.40758620253142 437.0
50.81663849010383 466.0
51.225690777676235 522.0
51.63474306524864 573.0
52.04379535282104 542.0
52.45284764039345 585.0
52.86189992796586 679.0
53.27095221553826 675.0
53.680004503110666 672.0
54.089056790683074 730.0
54.49810907825548 730.0
54.90716136582789 681.0
55.31621365340029 660.0
55.7252659409727 730.0
56.134318228545105 695.0
56.543370516117506 725.0
56.95242280368991 690.0
57.36147509126232 975.0
57.77052737883473 1012.0
58.179579666407136 961.0
58.58863195397954 795.0
58.997684241551944 813.0
59.40673652912435 798.0
59.81578881669675 914.0
60.22484110426916 934.0
60.63389339184157 989.0
61.042945679413975 1095.0
61.45199796698638 1131.0
61.86105025455878 1030.0
62.27010254213119 1037.0
62.6791548297036 1112.0
63.088207117276 1271.0
63.49725940484841 1346.0
63.906311692420815 1331.0
64.31536397999322 1185.0
64.72441626756563 1228.0
65.13346855513804 1219.0
65.54252084271045 1182.0
65.95157313028284 1158.0
66.36062541785525 1128.0
66.76967770542765 1088.0
67.17872999300006 1078.0
67.58778228057247 1073.0
67.99683456814488 1083.0
68.40588685571728 1033.0
68.81493914328969 1226.0
69.22399143086209 1255.0
69.6330437184345 1250.0
70.0420960060069 1390.0
70.45114829357931 1438.0
70.86020058115172 1380.0
71.26925286872412 1451.0
71.67830515629653 1280.0
72.08735744386892 1186.0
72.49640973144133 1098.0
72.90546201901374 1056.0
73.31451430658615 1325.0
73.72356659415856 1474.0
74.13261888173096 1380.0
74.54167116930337 1328.0
74.95072345687578 1241.0
75.35977574444819 1274.0
75.76882803202058 1328.0
76.17788031959299 1185.0
76.5869326071654 1247.0
76.9959848947378 1097.0
77.40503718231021 1196.0
77.81408946988262 1405.0
78.22314175745502 1525.0
78.63219404502742 1528.0
79.04124633259983 1446.0
79.45029862017223 1398.0
79.85935090774464 1380.0
80.26840319531705 1369.0
80.67745548288946 1346.0
81.08650777046186 1368.0
81.49556005803427 1449.0
81.90461234560668 1480.0
82.31366463317907 1445.0
82.72271692075148 1474.0
83.13176920832389 1412.0
83.5408214958963 1486.0
83.9498737834687 1454.0
84.35892607104111 1457.0
84.76797835861352 1238.0
85.17703064618591 1244.0
85.58608293375832 1089.0
85.99513522133073 1080.0
86.40418750890314 1100.0
86.81323979647554 1282.0
87.22229208404795 1431.0
87.63134437162036 1429.0
88.04039665919277 1522.0
88.44944894676517 1550.0
88.85850123433757 1646.0
89.26755352190997 1520.0
89.67660580948238 1414.0
90.08565809705479 1460.0
90.4947103846272 1568.0
90.9037626721996 1455.0
91.31281495977201 1467.0
91.7218672473444 1518.0
92.13091953491681 1432.0
92.53997182248922 1508.0
92.94902411006163 1495.0
93.35807639763404 1462.0
93.76712868520644 1524.0
94.17618097277885 1552.0
94.58523326035126 1576.0
94.99428554792367 1287.0
95.40333783549606 1311.0
95.81239012306847 1272.0
96.22144241064088 1464.0
96.63049469821328 1435.0
97.03954698578569 1437.0
97.4485992733581 1466.0
97.8576515609305 1431.0
98.2667038485029 1379.0
98.67575613607531 1389.0
99.08480842364771 1374.0
99.49386071122012 1488.0
99.90291299879253 1549.0
100.31196528636494 1548.0
100.72101757393735 1469.0
101.13006986150975 1460.0
101.53912214908216 1612.0
101.94817443665455 1816.0
102.35722672422696 1717.0
102.76627901179937 1708.0
103.17533129937178 1751.0
103.58438358694418 1806.0
103.99343587451659 2031.0
104.402488162089 2028.0
104.8115404496614 2034.0
105.2205927372338 1439.0
105.62964502480621 1462.0
106.03869731237862 1485.0
106.44774959995102 1572.0
106.85680188752343 1631.0
107.26585417509584 1653.0
107.67490646266825 1749.0
108.08395875024065 1817.0
108.49301103781305 1805.0
108.90206332538546 1938.0
109.31111561295786 1820.0
109.72016790053027 1734.0
110.12922018810268 1855.0
110.53827247567509 1820.0
110.9473247632475 2045.0
111.35637705081989 2087.0
111.7654293383923 2159.0
112.1744816259647 2082.0
112.58353391353711 2117.0
112.99258620110952 2117.0
113.40163848868193 1992.0
113.81069077625433 2064.0
114.21974306382674 2110.0
114.62879535139915 2196.0
115.03784763897154 2196.0
115.44689992654395 2392.0
115.85595221411636 2347.0
116.26500450168876 2434.0
116.67405678926117 2369.0
117.08310907683358 2215.0
117.49216136440599 2386.0
117.90121365197838 2431.0
118.31026593955079 2525.0
118.7193182271232 2621.0
119.1283705146956 2652.0
119.53742280226801 2647.0
119.94647508984042 2686.0
120.35552737741283 2617.0
120.76457966498523 2776.0
121.17363195255764 2997.0
121.58268424013004 3002.0
121.99173652770244 2847.0
122.40078881527485 2512.0
122.80984110284726 2556.0
123.21889339041967 2870.0
123.62794567799207 3199.0
124.03699796556448 3193.0
124.44605025313687 3328.0
124.85510254070928 3273.0
125.26415482828169 3196.0
125.6732071158541 3094.0
126.0822594034265 3073.0
126.49131169099891 3190.0
126.90036397857132 2971.0
127.30941626614373 3130.0
127.71846855371614 3048.0
128.12752084128854 3219.0
128.53657312886094 3309.0
128.94562541643336 3621.0
129.35467770400575 3782.0
129.76372999157817 3742.0
130.17278227915057 3856.0
130.581834566723 3863.0
130.99088685429538 3866.0
131.3999391418678 3839.0
131.8089914294402 3736.0
132.21804371701262 3921.0
132.627096004585 4433.0
133.0361482921574 4328.0
133.44520057972983 4535.0
133.85425286730222 4769.0
134.26330515487464 4759.0
134.67235744244704 4852.0
135.08140973001946 4945.0
135.49046201759185 5073.0
135.89951430516427 5076.0
136.30856659273667 5268.0
136.71761888030906 5283.0
137.12667116788148 4903.0
137.53572345545388 4885.0
137.9447757430263 5258.0
138.3538280305987 5831.0
138.7628803181711 5801.0
139.1719326057435 6013.0
139.5809848933159 5871.0
139.99003718088832 6057.0
140.39908946846072 6536.0
140.80814175603314 6761.0
141.21719404360553 6829.0
141.62624633117795 6715.0
142.03529861875035 6946.0
142.44435090632274 6994.0
142.85340319389516 7899.0
143.26245548146755 7924.0
143.67150776903998 8234.0
144.08056005661237 8983.0
144.4896123441848 9010.0
144.89866463175719 9392.0
145.3077169193296 9729.0
145.716769206902 9818.0
146.1258214944744 10977.0
146.53487378204682 11421.0
146.9439260696192 11421.0
147.35297835719163 14079.0
147.76203064476402 13628.0
148.17108293233645 14394.0
148.58013521990884 16259.0
148.98918750748126 16390.0
149.39823979505366 18239.0
149.80729208262605 20026.0
150.21634437019847 19934.0
150.62539665777086 23062.0
151.03444894534329 24234.0
151.44350123291568 24035.0
151.8525535204881 29723.0
152.2616058080605 29952.0
152.6706580956329 31125.0
153.0797103832053 37586.0
153.4887626707777 37220.0
153.89781495835012 42992.0
154.30686724592252 52349.0
154.71591953349494 52411.0
155.12497182106733 63560.0
155.53402410863973 71422.0
155.94307639621215 71374.0
156.35212868378454 87500.0
156.76118097135696 90808.0
157.17023325892936 91792.0
157.57928554650178 115776.0
157.98833783407417 115564.0
158.3973901216466 121508.0
158.806442409219 137727.0
159.21549469679138 138689.0
159.6245469843638 144858.0
160.0335992719362 151196.0
160.44265155950862 151175.0
160.851703847081 156011.0
161.26075613465343 158889.0
161.66980842222583 159098.0
162.07886070979825 163886.0
162.48791299737064 164054.0
162.89696528494304 164116.0
163.30601757251546 163412.0
163.71506986008785 163861.0
164.12412214766027 161383.0
164.53317443523267 156742.0
164.9422267228051 155611.0
165.35127901037748 153278.0
165.76033129794988 151372.0
166.1693835855223 151219.0
166.5784358730947 146486.0
166.9874881606671 145215.0
167.3965404482395 144552.0
167.80559273581193 134380.0
168.21464502338432 133408.0
168.62369731095671 132533.0
169.03274959852914 126237.0
169.44180188610153 126174.0
169.85085417367395 123328.0
170.25990646124635 119415.0
170.66895874881877 119538.0
171.07801103639116 115962.0
171.48706332396358 113515.0
171.89611561153598 113606.0
172.30516789910837 107409.0
172.7142201866808 105918.0
173.12327247425318 104918.0
173.5323247618256 100607.0
173.941377049398 99714.0
174.35042933697042 97813.0
174.75948162454281 93212.0
175.16853391211524 93986.0
175.57758619968763 91105.0
175.98663848726002 88586.0
176.39569077483245 89035.0
176.80474306240484 81444.0
177.21379534997726 79210.0
177.62284763754965 79798.0
178.03189992512208 75920.0
178.44095221269447 75905.0
178.85000450026686 74989.0
179.25905678783928 69227.0
179.66810907541168 69502.0
180.0771613629841 66987.0
180.4862136505565 63742.0
180.89526593812892 63681.0
181.3043182257013 59462.0
181.7133705132737 57255.0
182.12242280084612 57930.0
182.53147508841852 55371.0
182.94052737599094 54691.0
183.34957966356333 54613.0
183.75863195113575 49446.0
184.16768423870815 49516.0
184.57673652628057 48276.0
184.98578881385296 44815.0
185.39484110142536 45121.0
185.80389338899778 42560.0
186.21294567657017 39455.0
186.6219979641426 39774.0
187.031050251715 37623.0
187.4401025392874 37074.0
187.8491548268598 36739.0
188.25820711443222 33289.0
188.66725940200462 32916.0
189.076311689577 32338.0
189.48536397714943 29574.0
189.89441626472183 29380.0
190.30346855229425 27898.0
190.71252083986664 25468.0
191.12157312743906 25311.0
191.53062541501146 23705.0
191.93967770258385 22252.0
192.34872999015627 22430.0
192.75778227772867 19874.0
193.1668345653011 19018.0
193.57588685287348 19187.0
193.9849391404459 16968.0
194.3939914280183 17025.0
194.8030437155907 16466.0
195.2120960031631 14441.0
195.6211482907355 14315.0
196.03020057830793 13294.0
196.43925286588032 12623.0
196.84830515345274 12593.0
197.25735744102514 11473.0
197.66640972859756 10662.0
198.07546201616995 10757.0
198.48451430374234 8814.0
198.89356659131477 8465.0
199.30261887888716 8327.0
199.71167116645958 6492.0
200.12072345403197 6690.0
200.5297757416044 6109.0
200.9388280291768 5110.0
201.3478803167492 5088.0
201.7569326043216 4537.0
202.165984891894 4309.0
202.57503717946642 4128.0
202.9840894670388 3593.0
203.39314175461124 3524.0
203.80219404218363 3655.0
204.21124632975605 2312.0
204.62029861732844 2410.0
205.02935090490084 2227.0
205.43840319247326 1566.0
205.84745548004565 1520.0
206.25650776761807 1328.0
206.66556005519047 1003.0
207.0746123427629 963.0
207.48366463033528 768.0
207.89271691790768 655.0
208.3017692054801 655.0
208.7108214930525 480.0
209.1198737806249 421.0
209.5289260681973 397.0
209.93797835576973 348.0
210.34703064334212 371.0
210.75608293091454 308.0
211.16513521848694 181.0
211.57418750605933 184.0
211.98323979363175 111.0
212.39229208120415 72.0
212.80134436877657 89.0
213.21039665634896 74.0
213.61944894392138 54.0
214.02850123149378 52.0
214.4375535190662 13.0
214.8466058066386 13.0
215.255658094211 18.0
215.6647103817834 14.0
216.0737626693558 22.0
216.48281495692822 13.0
216.89186724450062 17.0
217.30091953207304 14.0
217.70997181964543 18.0
218.11902410721783 30.0
218.52807639479025 17.0
218.93712868236264 32.0
219.34618096993506 34.0
219.75523325750746 25.0
220.16428554507988 0.0
220.57333783265227 0.0
220.98239012022466 16.0
221.3914424077971 47.0
221.80049469536948 61.0
222.2095469829419 60.0
222.6185992705143 72.0
223.02765155808672 69.0
223.4367038456591 42.0
223.84575613323153 25.0
224.25480842080393 30.0
224.66386070837632 15.0
225.07291299594874 14.0
225.48196528352113 28.0
225.89101757109356 46.0
226.30006985866595 48.0
226.70912214623837 33.0
227.11817443381076 14.0
227.5272267213832 23.0
227.93627900895558 19.0
228.34533129652797 19.0
228.7543835841004 14.0
229.1634358716728 19.0
229.5724881592452 19.0
229.9815404468176 20.0
230.39059273439003 21.0
230.79964502196242 14.0
231.2086973095348 15.0
231.61774959710723 15.0
232.02680188467963 19.0
232.43585417225205 26.0
232.84490645982444 11.0
233.25395874739687 14.0
233.66301103496926 15.0
234.07206332254165 14.0
234.48111561011407 24.0
234.89016789768647 22.0
235.2992201852589 17.0
235.70827247283128 18.0
236.1173247604037 29.0
236.5263770479761 31.0
236.93542933554852 19.0
237.3444816231209 14.0
237.7535339106933 14.0
238.16258619826573 20.0
238.57163848583812 11.0
238.98069077341054 16.0
239.38974306098294 14.0
239.79879534855536 12.0
240.20784763612775 14.0
240.61689992370017 60.0
241.02595221127257 54.0
241.43500449884496 40.0
241.84405678641738 37.0
242.25310907398978 33.0
242.6621613615622 31.0
243.0712136491346 35.0
243.480265936707 39.0
243.8893182242794 14.0
244.2983705118518 0.0
244.70742279942422 0.0
245.11647508699662 32.0
245.52552737456904 39.0
245.93457966214143 41.0
246.34363194971385 39.0
246.75268423728625 52.0
247.16173652485864 37.0
247.57078881243106 16.0
247.97984110000345 11.0
248.38889338757588 24.0
248.79794567514827 30.0
249.2069979627207 38.0
249.61605025029309 44.0
250.0251025378655 35.0
250.4341548254379 31.0
250.8432071130103 56.0
251.25225940058272 59.0
251.6613116881551 63.0
252.07036397572753 25.0
252.47941626329992 10.0
252.88846855087235 20.0
253.29752083844474 36.0
253.70657312601716 27.0
254.11562541358956 14.0
254.52467770116195 0.0
254.93372998873437 0.0
255.34278227630676 69.0
255.75183456387919 57.0
256.16088685145155 58.0
256.569939139024 19.0
256.9789914265964 18.0
257.38804371416876 17.0
257.7970960017412 17.0
258.2061482893136 14.0
258.61520057688597 7.0
259.0242528644584 0.0
259.4333051520308 0.0
259.84235743960323 13.0
260.2514097271756 22.0
260.660462014748 15.0
261.06951430232044 14.0
261.4785665898928 12.0
261.88761887746523 19.0
262.29667116503765 33.0
262.7057234526101 34.0
263.11477574018244 21.0
263.52382802775486 17.0
263.9328803153273 17.0
264.34193260289965 3.0
264.75098489047207 0.0
265.1600371780445 0.0
265.5690894656169 20.0
265.9781417531893 28.0
266.3871940407617 42.0
266.7962463283341 16.0
267.2052986159065 19.0
267.6143509034789 40.0
268.02340319105133 113.0
268.43245547862375 130.0
268.8415077661961 88.0
269.25056005376854 36.0
269.65961234134096 38.0
270.0686646289134 38.0
270.47771691648575 21.0
270.88676920405817 38.0
271.2958214916306 53.0
271.70487377920296 44.0
272.1139260667754 45.0
272.5229783543478 69.0
272.9320306419202 108.0
273.3410829294926 61.0
273.750135217065 70.0
274.15918750463743 76.0
274.5682397922098 49.0
274.9772920797822 54.0
275.38634436735464 47.0
275.79539665492706 44.0
276.2044489424994 29.0
276.61350123007185 39.0
277.02255351764427 92.0
277.43160580521663 88.0
277.84065809278906 55.0
278.2497103803615 18.0
278.6587626679339 17.0
279.06781495550626 8.0
279.4768672430787 0.0
279.8859195306511 0.0
280.2949718182235 37.0
280.7040241057959 92.0
281.1130763933683 97.0
281.52212868094074 55.0
281.9311809685131 50.0
282.3402332560855 42.0
282.74928554365795 17.0
283.1583378312303 14.0
283.56739011880273 28.0
283.97644240637516 54.0
284.3854946939476 59.0
284.79454698151994 62.0
285.20359926909236 71.0
285.6126515566648 67.0
286.0217038442372 9.0
286.4307561318096 0.0
286.839808419382 0.0
287.2488607069544 48.0
287.6579129945268 51.0
288.0669652820992 44.0
288.4760175696716 22.0
288.88506985724405 14.0
289.2941221448164 43.0
289.70317443238883 123.0
290.11222671996126 118.0
290.5212790075336 79.0
290.93033129510604 77.0
291.33938358267847 68.0
291.7484358702509 36.0
292.15748815782325 46.0
292.5665404453957 33.0
292.9755927329681 41.0
293.38464502054046 28.0
293.7936973081129 35.0
294.2027495956853 63.0
294.6118018832577 52.0
295.0208541708301 61.0
295.4299064584025 62.0
295.83895874597494 69.0
296.24801103354736 76.0
296.6570633211197 93.0
297.06611560869214 74.0
297.47516789626457 75.0
297.88422018383693 74.0
298.29327247140935 60.0
298.7023247589818 60.0
299.1113770465542 47.0
299.52042933412656 40.0
299.929481621699 72.0
300.3385339092714 79.0
300.74758619684377 49.0
301.1566384844162 65.0
301.5656907719886 71.0
301.97474305956104 35.0
302.3837953471334 41.0
302.7928476347058 31.0
303.20189992227824 76.0
303.6109522098506 79.0
304.02000449742303 79.0
304.42905678499545 68.0
304.8381090725679 55.0
305.24716136014024 77.0
305.65621364771266 74.0
306.0652659352851 82.0
306.47431822285745 49.0
306.88337051042987 49.0
307.2924227980023 51.0
307.7014750855747 51.0
308.1105273731471 55.0
308.5195796607195 59.0
308.9286319482919 125.0
309.3376842358643 119.0
309.7467365234367 131.0
310.15578881100913 174.0
310.56484109858155 159.0
310.9738933861539 128.0
311.38294567372634 79.0
311.79199796129876 77.0
312.2010502488712 33.0
312.61010253644355 14.0
313.01915482401597 10.0
313.4282071115884 26.0
313.83725939916076 38.0
314.2463116867332 42.0
314.6553639743056 72.0
315.064416261878 56.0
315.4734685494504 54.0
315.8825208370228 49.0
316.29157312459523 58.0
316.7006254121676 35.0
317.10967769974 37.0
317.51872998731244 36.0
317.92778227488486 33.0
318.3368345624572 34.0
318.74588685002965 45.0
319.15493913760207 90.0
319.56399142517444 94.0
319.97304371274686 73.0
320.3820960003193 57.0
320.7911482878917 45.0
321.20020057546407 43.0
321.6092528630365 61.0
322.0183051506089 36.0
322.42735743818133 83.0
322.8364097257537 97.0
323.2454620133261 105.0
323.65451430089854 36.0
324.0635665884709 48.0
324.4726188760433 63.0
324.88167116361575 104.0
325.29072345118817 144.0
325.69977573876054 110.0
326.10882802633296 83.0
326.5178803139054 95.0
326.92693260147774 145.0
327.33598488905017 150.0
327.7450371766226 158.0
328.154089464195 87.0
328.5631417517674 63.0
328.9721940393398 71.0
329.3812463269122 67.0
329.7902986144846 61.0
330.199350902057 60.0
330.6084031896294 50.0
331.01745547720185 48.0
331.4265077647742 60.0
331.83556005234664 76.0
332.24461233991906 83.0
332.6536646274914 99.0
333.06271691506385 89.0
333.47176920263627 92.0
333.8808214902087 16.0
334.28987377778105 9.0
334.6989260653535 25.0
335.1079783529259 115.0
335.51703064049826 82.0
335.9260829280707 82.0
336.3351352156431 50.0
336.7441875032155 70.0
337.1532397907879 50.0
337.5622920783603 24.0
337.97134436593274 37.0
338.38039665350516 16.0
338.7894489410775 17.0
339.19850122864995 21.0
339.60755351622237 60.0
340.01660580379473 67.0
340.42565809136715 41.0
340.8347103789396 55.0
341.243762666512 55.0
341.65281495408436 43.0
342.0618672416568 28.0
342.4709195292292 38.0
342.87997181680157 84.0
343.289024104374 106.0
343.6980763919464 112.0
344.10712867951884 52.0
344.5161809670912 65.0
344.9252332546636 59.0
345.33428554223605 32.0
345.7433378298084 44.0
346.15239011738083 34.0
346.56144240495325 38.0
346.9704946925257 24.0
347.37954698009804 22.0
347.78859926767046 15.0
348.1976515552429 14.0
348.6067038428153 16.0
349.0157561303877 17.0
349.4248084179601 27.0
349.8338607055325 0.0
350.2429129931049 0.0
350.6519652806773 7.0
351.0610175682497 39.0
351.47006985582215 28.0
351.8791221433945 40.0
352.28817443096693 38.0
352.69722671853935 45.0
353.1062790061117 22.0
353.51533129368414 18.0
353.92438358125656 20.0
354.333435868829 23.0
354.74248815640135 14.0
355.1515404439738 13.0
355.5605927315462 26.0
355.96964501911856 19.0
356.378697306691 14.0
356.7877495942634 17.0
357.1968018818358 14.0
357.6058541694082 16.0
358.0149064569806 18.0
358.42395874455303 16.0
358.8330110321254 10.0
359.2420633196978 18.0
359.65111560727024 16.0
360.06016789484266 0.0
360.46922018241503 0.0
360.87827246998745 2.0
361.2873247575599 15.0
361.69637704513224 21.0
362.10542933270466 7.0
362.5144816202771 0.0
362.9235339078495 0.0
363.33258619542187 0.0
363.7416384829943 0.0
364.1506907705667 0.0
364.55974305813913 0.0
364.9687953457115 0.0
365.3778476332839 0.0
365.78689992085634 0.0
366.1959522084287 0.0
366.60500449600113 0.0
367.01405678357355 0.0
367.423109071146 0.0
367.83216135871834 0.0
368.24121364629076 0.0
368.6502659338632 0.0
369.05931822143555 13.0
369.46837050900797 23.0
369.8774227965804 11.0
370.2864750841528 17.0
370.6955273717252 17.0
371.1045796592976 12.0
371.51363194687 0.0
371.9226842344424 0.0
372.3317365220148 0.0
372.74078880958723 0.0
373.14984109715965 0.0
373.558893384732 0.0
373.96794567230444 0.0
374.37699795987686 0.0
374.7860502474493 7.0
375.19510253502165 14.0
375.60415482259407 17.0
376.0132071101665 0.0
376.42225939773886 0.0
376.8313116853113 0.0
377.2403639728837 0.0
377.6494162604561 0.0
378.0584685480285 0.0
378.4675208356009 0.0
378.87657312317333 0.0
379.2856254107457 19.0
379.6946776983181 15.0
380.10372998589054 13.0
380.51278227346296 2.0
380.9218345610353 0.0
381.33088684860775 0.0
381.73993913618017 0.0
382.14899142375253 0.0
382.55804371132496 0.0
382.9670959988974 0.0
383.3761482864698 0.0
383.78520057404216 0.0
384.1942528616146 0.0
384.603305149187 0.0
385.0123574367594 0.0
385.4214097243318 0.0
385.8304620119042 0.0
386.23951429947664 0.0
386.648566587049 0.0
387.0576188746214 3.0
387.46667116219385 22.0
387.8757234497662 17.0
388.28477573733863 12.0
388.69382802491106 0.0
389.1028803124835 0.0
389.51193260005584 0.0
389.92098488762826 0.0
390.3300371752007 0.0
390.7390894627731 0.0
391.1481417503455 0.0
391.5571940379179 0.0
391.9662463254903 0.0
392.3752986130627 0.0
392.7843509006351 0.0
393.1934031882075 0.0
393.60245547577995 0.0
394.0115077633523 0.0
394.42056005092473 0.0
394.82961233849716 0.0
395.2386646260695 0.0
395.64771691364194 0.0
396.05676920121437 0.0
396.4658214887868 0.0
396.87487377635915 0.0
397.2839260639316 0.0
397.692978351504 0.0
398.10203063907636 0.0
398.5110829266488 0.0
398.9201352142212 0.0
399.3291875017936 0.0
399.738239789366 0.0
400.1472920769384 0.0
400.55634436451084 0.0
400.96539665208326 0.0
401.3744489396556 0.0
401.78350122722804 0.0
402.19255351480047 0.0
402.60160580237283 0.0
403.01065808994525 0.0
403.4197103775177 0.0
403.8287626650901 0.0
404.23781495266246 0.0
404.6468672402349 0.0
405.0559195278073 0.0
405.46497181537967 0.0
405.8740241029521 0.0
406.2830763905245 0.0
406.69212867809694 0.0
407.1011809656693 0.0
407.5102332532417 0.0
407.91928554081414 0.0
408.3283378283865 0.0
408.73739011595893 0.0
409.14644240353135 0.0
409.5554946911038 0.0
409.96454697867614 13.0
410.37359926624856 15.0
410.782651553821 13.0
