0.5833718304690213 1.4339330216646318e-06
1.001801416045807 1.6729218586087363e-06
1.420231001622593 9.55955347776422e-07
1.8386605871993784 2.8678660433292623e-06
2.2570901727761643 2.6288772063851574e-06
2.67551975835295 7.169665108323164e-07
3.0939493439297356 4.779776738882104e-07
3.5123789295065215 4.779776738882104e-07
3.9308085150833074 2.389888369441052e-07
4.349238100660093 0.0
4.767667686236879 0.0
5.186097271813665 1.1949441847205285e-06
5.60452685739045 4.779776738882104e-07
6.022956442967236 4.779776738882104e-07
6.441386028544022 4.779776738882104e-07
6.859815614120808 2.389888369441052e-07
7.278245199697594 4.779776738882104e-07
7.6966747852743795 1.194944184720526e-06
8.115104370851165 4.779776738882095e-07
8.533533956427952 1.1949441847205285e-06
8.951963542004737 7.169665108323172e-07
9.370393127581522 4.779776738882095e-07
9.788822713158309 1.1949441847205285e-06
10.207252298735094 7.169665108323172e-07
10.625681884311879 9.55955347776419e-07
11.044111469888666 7.169665108323172e-07
11.46254105546545 4.779776738882095e-07
11.880970641042238 7.169665108323172e-07
12.299400226619023 7.169665108323141e-07
12.71782981219581 7.169665108323172e-07
13.136259397772594 7.169665108323141e-07
13.554688983349381 2.3898883694410574e-07
13.973118568926166 1.67292185860874e-06
14.391548154502951 1.1949441847205237e-06
14.809977740079738 7.169665108323172e-07
15.228407325656523 1.4339330216646282e-06
15.64683691123331 0.0
16.065266496810096 9.55955347776423e-07
16.48369608238688 1.6729218586087257e-06
16.90212566796367 7.169665108323172e-07
17.320555253540455 2.3898883694410574e-07
17.73898483911724 7.169665108323172e-07
18.157414424694025 0.0
18.57584401027081 0.0
18.9942735958476 2.3898883694410574e-07
19.412703181424384 0.0
19.83113276700117 0.0
20.249562352577954 2.3898883694410574e-07
20.66799193815474 0.0
21.086421523731527 2.3898883694410574e-07
21.504851109308312 1.4339330216646343e-06
21.923280694885097 7.169665108323172e-07
22.341710280461882 4.779776738882073e-07
22.76013986603867 7.169665108323172e-07
23.178569451615456 2.3898883694410574e-07
23.59699903719224 4.779776738882115e-07
24.015428622769026 0.0
24.43385820834581 0.0
24.8522877939226 2.3898883694410574e-07
25.270717379499384 0.0
25.68914696507617 0.0
26.107576550652954 0.0
26.526006136229743 4.779776738882115e-07
26.944435721806528 4.779776738882115e-07
27.362865307383313 7.169665108323172e-07
27.781294892960098 9.55955347776423e-07
28.199724478536883 1.1949441847205184e-06
28.61815406411367 1.1949441847205285e-06
29.036583649690456 4.779776738882115e-07
29.45501323526724 2.3898883694410574e-07
29.873442820844026 7.16966510832311e-07
30.291872406420815 1.4339330216646343e-06
30.7103019919976 2.389888369441057e-06
31.128731577574385 1.1949441847205285e-06
31.54716116315117 2.8678660433292687e-06
31.965590748727955 2.150899532496933e-06
32.38402033430474 2.1508995324969695e-06
32.802449919881525 2.867866043329244e-06
33.22087950545831 4.0628102280498315e-06
33.639309091035095 5.257754412770281e-06
34.05773867661188 3.1068548802734007e-06
34.476168262188665 3.823821391105659e-06
34.89459784776545 5.735732086658488e-06
35.31302743334224 4.779776738882155e-06
35.73145701891902 5.974720923602592e-06
36.14988660449581 7.4086539452673406e-06
36.56831619007259 6.2137097605466955e-06
36.98674577564938 8.603598129987732e-06
37.40517536122617 6.691687434435016e-06
37.82360494680295 6.930676271379006e-06
38.24203453237974 8.603598129987878e-06
38.66046411795652 9.559553477764147e-06
39.07889370353331 1.0037531151652355e-05
39.4973232891101 1.4817307890534681e-05
39.91575287468688 8.842586966931836e-06
40.33418246026367 1.0276519988596633e-05
40.75261204584045 1.0276519988596458e-05
41.17104163141724 1.1710453010261081e-05
41.58947121699403 9.798542314708418e-06
42.00790080257081 8.842586966931836e-06
42.4263303881476 1.1232475336372873e-05
42.844759973724386 1.2666408358037711e-05
43.26318955930117 1.3383374868869806e-05
43.681619144877956 1.290539719498182e-05
44.10004873045474 1.099348649942877e-05
44.518478316031526 9.798542314708252e-06
44.936907901608315 1.505629672747879e-05
45.355337487185096 1.0754497662484665e-05
45.773767072761885 1.5295285564422896e-05
46.192196658338666 1.5295285564422635e-05
46.610626243915455 1.5295285564422635e-05
47.02905582949224 1.7924162770808083e-05
47.447485415069025 1.553427440136674e-05
47.86591500064581 1.7685173933863973e-05
48.284344586222595 1.8402140444695984e-05
48.70277417179938 1.9597084629416504e-05
49.12120375737617 1.7924162770808083e-05
49.53963334295295 1.5295285564422635e-05
49.95806292852974 1.9836073466360604e-05
50.37649251410653 1.8402140444696296e-05
50.79492209968331 1.6729218586087258e-05
51.2133516852601 2.1031017651081483e-05
51.63178127083688 2.3420906020522163e-05
52.05021085641367 2.3420906020522163e-05
52.46864044199046 1.9597084629416836e-05
52.88707002756724 2.150899532496933e-05
53.30549961314403 1.4339330216646464e-05
53.72392919872081 2.1031017651081123e-05
54.1423587842976 2.150899532496933e-05
54.56078836987439 1.8402140444696296e-05
54.97921795545117 1.6012252075254945e-05
55.39764754102796 2.222596183580202e-05
55.81607712660474 1.816315160775188e-05
56.23450671218153 2.3181917183578056e-05
56.652936297758316 2.46158502052431e-05
57.0713658833351 2.915663810718065e-05
57.489795468911886 2.2942928346634342e-05
57.90822505448867 2.5810794389963202e-05
58.326654640065456 2.2464950672745746e-05
58.745084225642245 2.77227050855165e-05
59.163513811219026 2.60497832269073e-05
59.581943396795815 2.4854839042186782e-05
60.0003729823726 3.1068548802734005e-05
60.418802567949385 2.987360461801296e-05
60.83723215352617 2.5332816716075422e-05
61.255661739102955 3.465338135689503e-05
61.67409132467974 2.915663810718065e-05
62.09252091025653 3.0351582291901686e-05
62.51095049583331 3.2263492987454e-05
62.9293800814101 3.1785515313566336e-05
63.34780966698688 3.106854880273348e-05
63.76623925256367 3.2502481824397554e-05
64.18466883814047 3.298045949828743e-05
64.60309842371724 3.8716191584944794e-05
65.02152800929403 4.0389113443553524e-05
65.43995759487082 4.015012460660942e-05
65.85838718044761 4.2779001812996013e-05
66.27681676602438 4.086709111744173e-05
66.69524635160117 4.56468678563238e-05
67.11367593717796 4.015012460660942e-05
67.53210552275475 4.1823046465218144e-05
67.95053510833154 4.636383436715769e-05
68.36896469390831 4.6124845530212016e-05
68.7873942794851 4.8275745062708945e-05
69.20582386506189 4.8275745062708945e-05
69.62425345063868 5.7118332029640785e-05
70.04268303621546 6.333204179018962e-05
70.46111262179224 5.687934319269668e-05
70.87954220736903 5.735732086658488e-05
71.29797179294582 5.353349947547922e-05
71.7164013785226 5.83132762143613e-05
72.1348309640994 4.803675622576647e-05
72.55326054967617 4.779776738882074e-05
72.97169013525296 5.568439900797616e-05
73.39011972082974 5.401147714936743e-05
73.80854930640653 5.472844366019974e-05
74.22697889198332 6.022518690991617e-05
74.6454084775601 5.2816532964646913e-05
75.06383806313688 6.52439524857403e-05
75.48226764871367 5.807428737741719e-05
75.90069723429046 5.448945482325564e-05
76.31912681986725 5.544541017103394e-05
76.73755640544402 5.353349947547922e-05
77.15598599102081 5.377248831242333e-05
77.5744155765976 5.520642133408795e-05
77.99284516217439 5.018765575826178e-05
78.41127474775118 5.401147714936927e-05
78.82970433332795 5.7835298540473095e-05
79.24813391890474 5.066563343214998e-05
79.66656350448153 5.568439900797616e-05
80.08499309005832 5.616237668186436e-05
80.50342267563511 6.619990783351897e-05
80.92185226121188 5.401147714936743e-05
81.34028184678867 6.858979620295776e-05
81.75871143236546 6.404900830101978e-05
82.17714101794225 6.978474038767827e-05
82.59557060351904 6.572193015962852e-05
83.01400018909582 6.309305295324551e-05
83.4324297746726 6.763384085518135e-05
83.85085936024939 7.599845014822497e-05
84.26928894582618 6.835080736601365e-05
84.68771853140296 6.978474038767827e-05
85.10614811697975 6.357103062713373e-05
85.52457770255653 6.619990783351673e-05
85.94300728813332 6.906777387684597e-05
86.3614368737101 6.691687434434903e-05
86.7798664592869 6.142013109463464e-05
87.19829604486368 7.313058410489821e-05
87.61672563044046 7.432552828961625e-05
88.03515521601724 7.480350596350445e-05
88.45358480159403 7.958328270238654e-05
88.87201438717082 6.52439524857403e-05
89.29044397274761 6.142013109463674e-05
89.70887355832438 6.47659748118521e-05
90.12730314390117 6.4526985974908e-05
90.54573272947796 6.787282969212545e-05
90.96416231505475 6.739485201823724e-05
91.38259190063154 7.241361759406588e-05
91.80102148620831 6.906777387684597e-05
92.2194510717851 7.528148363739265e-05
92.63788065736189 7.289159526795163e-05
93.05631024293868 7.480350596350445e-05
93.47473982851547 7.552047247433932e-05
93.89316941409224 7.12186734093429e-05
94.31159899966903 7.026271806156649e-05
94.73002858524582 6.54829413226844e-05
95.14845817082261 8.38850817673804e-05
95.5668877563994 8.292912641960679e-05
95.98531734197617 8.077822688710705e-05
96.40374692755296 6.954575155073417e-05
96.82217651312975 7.552047247433678e-05
97.24060609870654 7.193563992017521e-05
97.65903568428332 6.858979620296009e-05
98.0774652698601 7.1457662246287e-05
98.49589485543689 7.1457662246287e-05
98.91432444101368 7.575946131128087e-05
99.33275402659046 9.05767692018153e-05
99.75118361216725 9.583452361458557e-05
100.16961319774404 8.31681152565509e-05
100.58804278332082 9.033778036487119e-05
101.0064723688976 8.675294781070964e-05
101.4249019544744 8.699193664765375e-05
101.84333154005118 8.531901478904502e-05
102.26176112562797 7.814934968072456e-05
102.68019071120474 8.077822688710705e-05
103.09862029678153 8.818688083237427e-05
103.51704988235832 8.030024921321884e-05
103.93547946793511 7.504249480044856e-05
104.3539090535119 9.081575803876249e-05
104.77233863908867 8.316811525654808e-05
105.19076822466546 8.41240706043245e-05
105.60919781024225 8.603598129987732e-05
106.02762739581904 8.508002595210092e-05
106.44605698139583 8.723092548460081e-05
106.8644865669726 8.962081385403889e-05
107.28291615254939 9.248867989736813e-05
107.70134573812618 8.41240706043245e-05
108.11977532370297 9.153272454959171e-05
108.53820490927976 9.177171338653893e-05
108.95663449485653 9.607351245152968e-05
109.37506408043332 0.00010611104360318205
109.79349366601011 9.655149012541789e-05
110.2119232515869 0.0001041991329076292
110.63035283716368 9.798542314708584e-05
111.04878242274046 9.846340082097072e-05
111.46721200831725 0.00010850093197262308
111.88564159389404 0.0001041991329076292
112.30407117947082 9.607351245152968e-05
112.72250076504761 9.487856826681239e-05
113.14093035062439 0.00010539407709234972
113.55935993620118 0.00010850093197262308
113.97778952177796 0.00011112980917900822
114.39621910735475 0.00011351969754844924
114.81464869293154 0.00010204823337513574
115.23307827850832 0.0001099348649942877
115.6515078640851 0.00010276519988596457
116.0699374496619 0.0001041991329076292
116.48836703523868 0.00010635003244012614
116.90679662081547 0.00011065183150512
117.32522620639226 0.00011065183150512376
117.74365579196903 0.00011447565289622567
118.16208537754582 0.00010635003244012614
118.58051496312261 0.00011160778685289643
118.9989445486994 0.00011423666405928157
119.41737413427619 0.0001214063291676088
119.83580371985296 0.00012164531800454877
120.25423330542975 0.0001226012733523252
120.67266289100654 0.00012236228451538108
121.09109247658333 0.00012738105009120728
121.50952206216012 0.0001278590277650998
121.92795164773689 0.00012523015055871032
122.34638123331368 0.00012451318404787802
122.76481081889047 0.00013359475985175395
123.18324040446726 0.00012929296078676008
123.60166999004404 0.00012809801660204392
124.02009957562082 0.0001242741952109339
124.43852916119761 0.00012618610590648676
124.8569587467744 0.0001421983579817417
125.27538833235118 0.00013980846961230065
125.69381791792797 0.00014506622402507587
126.11224750350475 0.00014387127984035041
126.53067708908154 0.0001417203803078535
126.94910667465832 0.00013287779334092165
127.36753626023511 0.00014124240263396529
127.7859658458119 0.00013622363705813908
128.2043954313887 0.00014936802309006988
128.62282501696546 0.00014387127984034554
129.04125460254227 0.00015629869936144912
129.45968418811904 0.00014936802309006988
129.87811377369582 0.00014817307890533925
130.29654335927262 0.00016466330865449303
130.7149729448494 0.00016442431981753775
131.1334025304262 0.00016346836446977248
131.55183211600297 0.0001680091523717106
131.97026170157974 0.00017159398492586062
132.38869128715655 0.00016490229749143714
132.80712087273332 0.00018210949375140084
133.22555045831012 0.00018115353840363676
133.6439800438869 0.00017852466119725152
134.06240962946367 0.00017541780631696616
134.48083921504048 0.0001663362305131018
134.89926880061725 0.00017565679515391025
135.31769838619405 0.00018330443793613377
135.73612797177083 0.00019143005839223357
136.1545575573476 0.0001935809579247174
136.5729871429244 0.00019047410304445713
136.99141672850118 0.00020624736628275446
137.40984631407798 0.00020218455605471857
137.82827589965476 0.00021198309836942717
138.24670548523153 0.0002213036630102325
138.66513507080833 0.00020720332163054494
139.0835646563851 0.0002272783839338349
139.5019942419619 0.00023277512718356487
139.92042382753868 0.00022417152905357689
140.33885341311546 0.0002416177141504806
140.75728299869226 0.00023062422765106788
141.17571258426904 0.00024663647972630664
141.59414216984584 0.0002471144574002116
142.0125717554226 0.000256435022041032
142.4310013409994 0.00023970580345492786
142.8494309265762 0.00026671154202962874
143.26786051215296 0.0002815288499201446
143.68629009772977 0.00027173030760545513
144.10471968330654 0.00028248480526794017
144.52314926888332 0.0002707743522576603
144.94157885446012 0.00028654761549599006
145.3600084400369 0.0002898934592131879
145.7784380256137 0.00030160391222346913
146.19686761119047 0.00031881110848344516
146.61529719676724 0.00030614470012538643
147.03372678234405 0.0003243078517331597
147.45215636792082 0.0003178551531356471
147.87058595349762 0.00033625729358036533
148.2890155390744 0.0003532255010033973
148.70744512465117 0.0003582442665791993
149.12587471022798 0.00035011864612312377
149.54430429580475 0.00038787888236026713
149.96273388138155 0.0003864449493386288
150.38116346695833 0.00040006731304444317
150.7995930525351 0.0004409344041618563
151.2180226381119 0.00041775248697830747
151.63645222368868 0.00044356328136824143
152.05488180926548 0.0005054613901367965
152.47331139484226 0.000474631830171006
152.89174098041903 0.0005159768989623023
153.31017056599583 0.0005389198273089722
153.7286001515726 0.0005429826375369851
154.1470297371494 0.0005721392756442037
154.56545932272618 0.0006208929983808025
154.98388890830296 0.0006218489537285367
155.40231849387976 0.0007260480866362117
155.82074807945654 0.0007372805619725348
156.23917766503334 0.0007693050661230959
156.6576072506101 0.0008823467859976608
157.0760368361869 0.0009136543236372774
157.4944664217637 0.0009526095040592296
157.91289600734046 0.001040079418380704
158.33132559291727 0.0010412743625654952
158.74975517849404 0.0012475217288482636
159.16818476407082 0.001305596016225594
159.58661434964762 0.0013376205203761938
160.0050439352244 0.0016337276893498372
160.4234735208012 0.0016275139795894015
160.84190310637797 0.0018452328100454873
161.26033269195474 0.0021270006488024506
161.67876227753155 0.00209473715581514
162.09719186310832 0.0026164497868639584
162.51562144868512 0.0027839809615619582
162.9340510342619 0.002843967159634737
163.3524806198387 0.003432357676191334
163.77091020541548 0.003495211740307635
164.18933979099225 0.003770287891630052
164.60776937656905 0.004246831632496867
165.02619896214583 0.004295824344070118
165.44462854772263 0.004702583344549287
165.8630581332994 0.004957584433568655
166.28148771887618 0.005009445011185188
166.69991730445298 0.005407600413534418
167.11834689002976 0.00550964864690918
167.53677647560656 0.005664035435575449
167.95520606118333 0.005800020083796649
168.3736356467601 0.005864547069771161
168.7920652323369 0.005972092046396409
169.21049481791368 0.006116202315073294
169.6289244034905 0.0061470318750395
170.04735398906726 0.006137950299235623
170.46578357464404 0.006167106937342386
170.88421316022084 0.006070794436054328
171.3026427457976 0.005970180135700451
171.72107233137442 0.0060504803849140785
172.1395019169512 0.005982368566385007
172.55793150252796 0.0058681319023253225
172.97636108810477 0.005905175172052059
173.39479067368154 0.005730713321082468
173.81322025925834 0.005648262172337139
174.23164984483512 0.0057476815285058885
174.6500794304119 0.005567961923123539
175.0685090159887 0.0055213590999198155
175.48693860156547 0.0055316356199080355
175.90536818714227 0.00530603015783317
176.32379777271905 0.005382506585655286
176.74222735829582 0.005272810709497581
177.16065694387262 0.005098348858528737
177.5790865294494 0.005260622278813432
177.9975161150262 0.005069909186932388
178.41594570060298 0.005047205247422697
178.83437528617975 0.005157379101253583
179.25280487175655 0.004926276895928976
179.67123445733333 0.00485147338996514
180.08966404291013 0.004832115294172996
180.5080936284869 0.004693740757582355
180.92652321406368 0.004682986259919553
181.34495279964048 0.004615352419064687
181.76338238521726 0.004446387311344898
182.18181197079406 0.004465267429463785
182.60024155637083 0.004373495716077246
183.0186711419476 0.004275749281766814
183.4371007275244 0.004243485788779649
183.85553031310118 0.004159361718175039
184.273959898678 0.004061615283865181
184.69238948425476 0.0039966103202163815
185.11081906983154 0.003825255324127194
185.52924865540834 0.0038192806032038506
185.9476782409851 0.00374567204142481
186.36610782656192 0.003635020209919941
186.7845374121387 0.003656290216407966
187.20296699771546 0.0035623676034886886
187.62139658329227 0.003510268037035114
188.03982616886904 0.0034490868947771873
188.45825575444584 0.003387666763682785
188.87668534002262 0.003380019120900573
189.2951149255994 0.0033307874204898604
189.7135445111762 0.0032607636912654614
190.13197409675297 0.0033119073023712762
190.55040368232977 0.0032079471583008126
190.96883326790655 0.0031689919778789227
191.38726285348332 0.0032017334485400484
191.80569243906012 0.003097295326795689
192.2241220246369 0.003073157454264125
192.6425516102137 0.0030105423789849764
193.06098119579048 0.002980668774366962
193.47941078136725 0.0030184290106039274
193.89784036694405 0.002889614027491256
194.31626995252083 0.0028872241391216186
194.73469953809763 0.0028702559316987827
195.1531291236744 0.0027414409485859064
195.57155870925118 0.00274550375881377
195.98998829482798 0.0027098944221092837
196.40841788040476 0.002648235302177523
196.82684746598156 0.002642021592417156
197.24527705155833 0.0025201372855754877
197.66370663713514 0.0024565662549485253
198.0821362227119 0.0024341013042757788
198.50056580828868 0.002380567804800136
198.9189953938655 0.002328229249509537
199.33742497944226 0.002307676209532187
199.75585456501906 0.002208017864526649
200.17428415059584 0.002207778875689705
200.5927137361726 0.00216547785155045
201.01114332174942 0.0021143342404445573
201.4295729073262 0.002095932099999718
201.848002492903 0.0020677314172404555
202.26643207847977 0.002017782750319136
202.68486166405654 0.002045505455404514
203.10329124963334 0.0020110910628847005
203.52172083521012 0.002000814542895968
203.94015042078692 0.0020275812926338448
204.3585800063637 0.001980978469429743
204.77700959194047 0.00202017263868844
205.19543917751727 0.002032839047046615
205.61386876309405 0.0020230405047317692
206.03229834867085 0.002018499716829968
206.45072793424762 0.002018499716829968
206.8691575198244 0.0020170657838081666
207.2875871054012 0.0020531530981868643
207.70601669097798 0.002028059270307595
208.12444627655478 0.0019996195987113836
208.54287586213155 0.0020593668079474116
208.96130544770833 0.002080158836761408
209.37973503328513 0.002081592769783214
209.7981646188619 0.0020703602944467
210.2165942044387 0.002019933649851633
210.63502379001548 0.002049329276795759
211.05345337559226 0.002047656354937011
211.47188296116906 0.002007028252656651
211.89031254674583 0.002015870839623446
212.30874213232264 0.001996273754994166
212.7271717178994 0.002004877353124154
213.14560130347618 0.001991971955929037
213.564030889053 0.001998424654526663
213.98246047462976 0.0019886261122118195
214.40089006020656 0.001969268016419481
214.81931964578334 0.002003443420102489
215.2377492313601 0.0020063112861456824
215.65617881693692 0.0020082231968413713
216.0746084025137 0.0020213675828731604
216.4930379880905 0.002039052756807162
216.91146757366727 0.0020075062303305394
217.32989715924404 0.0020500462433064516
217.74832674482084 0.0020961710888368046
218.16675633039762 0.002043832533545905
218.58518591597442 0.002098560977206246
219.0036155015512 0.0021174410953248303
219.42204508712797 0.002132258403215221
219.84047467270477 0.0021313024478675892
220.25890425828155 0.0021743204385173817
220.67733384385835 0.002189137746408064
221.09576342943512 0.002207539886852761
221.5141930150119 0.002220445284047592
221.9326226005887 0.0022529477658721417
222.35105218616548 0.002273022828175293
222.76948177174228 0.002238130457981607
223.18791135731905 0.0022696769844582298
223.60634094289583 0.002326078349976882
224.02477052847263 0.0023442415015847927
224.4432001140494 0.002343285546236857
224.8616296996262 0.0023526061108778366
225.28005928520298 0.002392039268973615
225.69848887077976 0.0024496355786769795
226.11691845635656 0.002449396589840202
226.53534804193333 0.0024649308642414017
226.95377762751014 0.002507948854891509
227.3722072130869 0.0024907416586315333
227.79063679866368 0.0024675597414477867
228.2090663842405 0.0025578975218128286
228.62749596981726 0.0025688910083120835
229.04592555539406 0.002579645505974743
229.46435514097084 0.002665920476111567
229.8827847265476 0.002670461264013324
230.30121431212442 0.0026580338444924115
230.7196438977012 0.002737856116031559
231.138073483278 0.002729491506738701
231.55650306885477 0.0027175420648914953
231.97493265443154 0.0027925845596917568
232.39336224000834 0.0028310617624399486
232.81179182558512 0.002886268183773842
233.23022141116192 0.0029039533577079027
233.6486509967387 0.002918770665598239
234.0670805823155 0.002901802458175406
234.48551016789227 0.002967046410661148
234.90393975346905 0.0030463907045263864
235.32236933904585 0.00303922103941827
235.74079892462262 0.0030224918208319766
236.15922851019943 0.003100163192839018
236.5776580957762 0.003144615116510623
236.99608768135298 0.0031271689314134907
237.41451726692978 0.003185004229954178
237.83294685250655 0.003249770204765812
238.25137643808335 0.003240688628962156
238.66980602366013 0.003244273461516318
239.0882356092369 0.0033678306902161946
239.5066651948137 0.0032717571777648906
239.92509478039048 0.003341063940478456
240.34352436596728 0.0033546863041844974
240.76195395154406 0.003468683979406839
241.18038353712083 0.0033766732771831265
241.59881312269763 0.0034789604993954353
242.0172427082744 0.0034249490222458333
242.4356722938512 0.0034837402761343176
242.854101879428 0.0035112239923828907
243.27253146500476 0.0035528080500109244
243.69096105058156 0.0035105070258720584
244.10939063615834 0.003587939409041707
244.52782022173514 0.0036087314378560886
244.94624980731191 0.0036663277475596193
245.3646793928887 0.0036300014443438676
245.7831089784655 0.0036644158368640666
246.20153856404227 0.003681623033123792
246.61996814961907 0.0036529443726907493
247.03839773519584 0.0036522274061799166
247.45682732077262 0.0037320496777189962
247.87525690634942 0.003730854733534529
248.2936864919262 0.003780803400455592
248.712116077503 0.0037724387911628053
249.13054566307977 0.0037540366507181084
249.54897524865655 0.003698352251709879
249.96740483423335 0.003795142730672495
250.38583441981012 0.003742565186544537
250.80426400538693 0.003756904516761438
251.2226935909637 0.003758338449783102
251.64112317654048 0.0038066141948455545
252.05955276211728 0.003800400485085266
252.47798234769405 0.0038257333018010815
252.89641193327085 0.003850110163169641
253.31484151884763 0.0037561875502506053
253.7332711044244 0.0038417455538763364
254.1517006900012 0.0038185636366930187
254.57013027557798 0.0038161737483233186
254.98855986115478 0.003840789598528821
255.40698944673156 0.0038116329604216395
255.82541903230833 0.0038214315027360886
256.24384861788513 0.0038458083641043856
256.66227820346194 0.0038254943129641377
257.08070778903874 0.003863254549201305
257.49913737461554 0.003899102874743449
257.9175669601923 0.003837921732485231
258.3359965457691 0.003874009046863789
258.7544261313459 0.003864927471060439
259.17285571692264 0.0038329029669094045
259.59128530249944 0.0038517830850279882
260.00971488807625 0.0039045996179931635
260.428144473653 0.003960284017000608
260.8465740592298 0.00393184434540426
261.2650036448066 0.0038388776878330072
261.6834332303834 0.003899102874743449
262.10186281596015 0.003908901417057627
262.52029240153695 0.003911530294264012
262.93872198711375 0.0039555042402622635
263.3571515726905 0.003918699959372335
263.7755811582673 0.003933756256099813
264.1940107438441 0.003905077595667052
264.61244032942085 0.003925630635643714
265.03086991499765 0.0038859584887109937
265.44929950057445 0.003968887615130595
265.86772908615126 0.003988723688597497
266.286158671728 0.004027678869018843
266.7045882573048 0.003995893353705278
267.1230178428816 0.004021226170421898
267.54144742845835 0.004015729427171638
267.95987701403516 0.004005213918346098
268.37830659961196 0.004055401574104909
268.7967361851887 0.004080495401983487
269.2151657707655 0.004144544410284505
269.6335953563423 0.004118972604731487
270.0520249419191 0.004142393510752572
270.47045452749586 0.004191864199999436
270.88888411307266 0.004145500365632282
271.30731369864947 0.004170594193511979
271.7257432842262 0.0041715501488591876
272.144172869803 0.004174179026065573
272.5626024553798 0.004219586905085525
272.98103204095656 0.004306817830569546
273.39946162653337 0.004323547049155632
273.81789121211017 0.004291522545005124
274.236320797687 0.0043390813235575885
274.6547503832637 0.00431637738404731
275.0731799688405 0.004350074810056428
275.4916095544173 0.004407671119760553
275.91003913999407 0.004428702137411035
276.3284687255709 0.0044769778824737426
276.7468983111477 0.004503505643375149
277.1653278967244 0.004549152511230859
277.5837574823012 0.0045410268907747605
278.002187067878 0.004558951053545568
278.42061665345483 0.004593604434903085
278.8390462390316 0.004631364671139628
279.2574758246084 0.004625389950216026
279.6759054101852 0.004652873666465229
280.0943349957619 0.004663628164127081
280.51276458133873 0.00477093415191498
280.93119416691553 0.004758745721231477
281.3496237524923 0.004795788990957166
281.7680533380691 0.004765437408665266
282.1864829236459 0.004834266193705165
282.6049125092227 0.004875611262497156
283.02334209479943 0.004845737657878482
283.44177168037623 0.004936553415917239
283.86020126595304 0.004907157788973781
284.2786308515298 0.005000124446544367
284.6970604371066 0.004995344669805485
285.1154900226834 0.0049566284782212155
285.53391960826013 0.005094525037137285
285.95234919383694 0.0051294174073311235
286.37077877941374 0.005110059311538652
286.78920836499054 0.005184623828665914
287.2076379505673 0.0052238179979240415
287.6260675361441 0.005243176093716512
288.0444971217209 0.005344029382907648
288.46292670729764 0.005238635305814575
288.88135629287444 0.005352632981036908
289.29978587845125 0.00536028062381912
289.71821546402805 0.0054236126656100414
290.1366450496048 0.005431260308391516
290.5550746351816 0.0054116632237621
290.9735042207584 0.005468542566955538
291.39193380633515 0.005479775042291167
291.81036339191195 0.005515145390158893
292.22879297748875 0.00558038934264539
292.6472225630655 0.005577760465438246
293.0656521486423 0.005651608016053972
293.4840817342191 0.0057302353434085795
293.9025113197959 0.00572975736573547
294.32094090537265 0.005725216577832754
294.73937049094945 0.005763693780580753
295.15780007652626 0.005820573123774238
295.576229662103 0.005892030786019732
295.9946592476798 0.005954645861299085
296.4130888332566 0.005871477746043337
296.83151841883335 0.00597185305755906
297.24994800441016 0.006013915092861221
297.66837758998696 0.006018933858437047
298.08680717556376 0.006077486123489176
298.5052367611405 0.0061850311001131935
298.9236663467173 0.006209407961481491
299.3420959322941 0.006139384232257706
299.76052551787086 0.00623736965540395
300.17895510344766 0.006197219530797342
300.59738468902447 0.0062725010144355844
301.0158142746012 0.006376222169668469
301.434243860178 0.0063222106925191045
301.8526734457548 0.006349216431093787
302.2711030313316 0.006519854460672757
302.68953261690837 0.006491414789075524
303.10796220248517 0.0065447092997140575
303.52639178806197 0.006611626174059302
303.9448213736387 0.006609714263362851
304.3632509592155 0.006711284519064092
304.7816805447923 0.006645562588905369
305.20011013036907 0.006737812279964886
305.6185397159459 0.006815483651971718
306.0369693015227 0.006863042430523592
306.4553988870995 0.006840099502177888
306.8738284726762 0.006974172239702596
307.292258058253 0.007005718766179218
307.71068764382983 0.007038699225678459
308.1291172294066 0.007072874629360509
308.5475468149834 0.007168231175301202
308.9659764005602 0.007177312751106053
309.3844059861369 0.007270518397513275
309.80283557171373 0.007274820196578269
310.22126515729053 0.007308039644913499
310.63969474286733 0.007425144175017114
311.0581243284441 0.007424666197342217
311.4765539140209 0.007472463964731037
311.8949834995977 0.007522890609327263
312.31341308517443 0.0074997086921426625
312.73184267075123 0.007532689151640948
313.15027225632804 0.007621592998985186
313.5687018419048 0.007690660772860996
313.9871314274816 0.007785778329964746
314.4055610130584 0.007729137975608995
314.8239905986352 0.007834054075028518
315.24242018421194 0.007904077804252074
315.66084976978874 0.00792964960980509
316.07927935536554 0.008023811211562155
316.4977089409423 0.00806157144779823
316.9161385265191 0.008084514376144864
317.3345681120959 0.008063483358494881
317.75299769767264 0.008300799273579271
318.17142728324944 0.008329477934012564
318.58985686882625 0.008395677841846078
319.00828645440305 0.008365565248392258
319.4267160399798 0.008483625733841505
319.8451456255566 0.008522341925426448
320.2635752111334 0.008577070369087812
320.68200479671015 0.008580416212803864
321.10043438228695 0.008748425365175562
321.51886396786375 0.008701583553135703
321.9372935534405 0.008740538733556407
322.3557231390173 0.008786902567923562
322.7741527245941 0.008898988332450343
323.1925823101709 0.008897076421755998
323.61101189574765 0.008908308897091164
324.02944148132445 0.008963276329588305
324.44787106690126 0.009022067583477778
324.866300652478 0.009123637839177792
325.2847302380548 0.00911646817406947
325.7031598236316 0.009087072547125347
326.1215894092084 0.009186491903295338
326.54001899478516 0.009187208869804921
326.95844858036196 0.009211585731173219
327.37687816593876 0.009397758035153947
327.7953077515155 0.009213019664194884
328.2137373370923 0.0091415620019486
328.6321669226691 0.009238352480912213
329.05059650824586 0.009300011600842536
329.46902609382266 0.009365972519839106
329.88745567939947 0.009283760359930336
330.30588526497627 0.009235723603705828
330.724314850553 0.009246239112530114
331.1427444361298 0.009246717090204002
331.5611740217066 0.009358802854732054
331.97960360728337 0.009339683747775255
332.39803319286017 0.009258427543214261
332.81646277843697 0.009142039979623729
333.2348923640137 0.009272766873430907
333.6533219495905 0.009180517182370488
334.0717515351673 0.009091852323864228
334.4901811207441 0.009035450958346649
334.90861070632087 0.008990043079326044
335.3270402918977 0.008910459796623658
335.7454698774745 0.008862184051562156
336.1638994630512 0.008826096737182394
336.582329048628 0.008744601543784458
337.00075863420483 0.008674099836887127
337.4191882197816 0.008524014847285056
337.8376178053584 0.008536203277969206
338.2560473909352 0.008366760192575842
338.674476976512 0.008311553771242885
339.09290656208873 0.008255152405722948
339.51133614766553 0.008186562609519995
339.92976573324233 0.008063483358494881
340.3481953188191 0.007973623555802804
340.7666249043959 0.007855085092678534
341.1850544899727 0.007690660772862041
341.60348407554943 0.007617530188756103
342.02191366112623 0.0075343620734995564
342.44034324670304 0.007419408442929446
342.85877283227984 0.007291071437491458
343.2772024178566 0.007154608811595389
343.6956320034334 0.007077415417262446
344.1140615890102 0.006962700775530226
344.53249117458694 0.006749761721812091
344.95092076016374 0.006666354617718601
345.36935034574054 0.0065655013285290855
345.7877799313173 0.0064744465816524936
346.2062095168941 0.0062856454004666575
346.6246391024709 0.006192917731732348
347.0430686880477 0.0060521533067730985
347.46149827362444 0.005957991705016303
347.87992785920125 0.0059099549487905394
348.29835744477805 0.0057954792958951045
348.7167870303548 0.00561121890261042
349.1352166159316 0.005503912914822521
349.5536462015084 0.00535000410383125
349.97207578708515 0.005237440361629854
350.39050537266195 0.005165265732872738
350.80893495823875 0.00504170850417264
351.22736454381555 0.004883497894116312
351.6457941293923 0.004755399877513613
352.0642237149691 0.004614157474879654
352.4826533005459 0.004528121493580394
352.90108288612265 0.004391897856521644
353.31951247169945 0.004272403438049596
353.73794205727626 0.004153625986088945
354.156371642853 0.004097224620569575
354.5748012284298 0.003983704923021129
354.9932308140066 0.0038816566896460003
355.4116603995834 0.0037619232823375196
355.83008998516016 0.0036892706759060036
356.24851957073696 0.0035140918584259818
356.66694915631376 0.0033833649646180207
357.0853787418905 0.003303303704241289
357.5038083274673 0.003183331308095353
357.9222379130441 0.0030447177826677775
358.3406674986209 0.003018190021767393
358.75909708419766 0.0028769476191330226
359.17752666977447 0.002788282760626763
359.59595625535127 0.002746220725324975
360.014385840928 0.0026336569831239332
360.4328154265048 0.002598764612930095
360.8512450120816 0.0024384031033409387
361.26967459765837 0.0023208205955641123
361.68810418323517 0.002327990260672435
362.10653376881197 0.002218294384515095
362.5249633543888 0.0021195919948574717
362.9433929399655 0.002063190629338377
363.3618225255423 0.0019310298025082921
363.7802521111191 0.0019073699076510861
364.19868169669587 0.0018373461784262069
364.6171112822727 0.0017637376166474252
365.0355408678495 0.0017092481618244037
365.4539704534262 0.0016399413991103836
365.872400039003 0.0015491256410716274
366.2908296245798 0.0015225978801708328
366.70925921015663 0.001452335162109466
367.1276887957334 0.0013440732189735935
367.5461183813102 0.0012938855632153334
367.964547966887 0.001275005445096923
368.38297755246373 0.0012006799168071361
368.80140713804053 0.001157661926157199
369.21983672361733 0.001092178984834665
369.6382663091941 0.0010431862732609772
370.0566958947709 0.0009669488342758106
370.4751254803477 0.0009538044482438854
370.8935550659245 0.0009275156761801609
371.31198465150123 0.000862749701368185
371.73041423707804 0.0008412407060432164
372.14884382265484 0.0007998956372519965
372.5672734082316 0.0007707389991447082
372.9857029938084 0.0007415823610375285
373.4041325793852 0.0006842250401710386
373.82256216496194 0.0006266287304674186
374.24099175053874 0.0006149182774571579
374.65942133611554 0.0005785919742416554
375.07785092169235 0.0005503912914823269
375.4962805072691 0.0005393978049828237
375.9147100928459 0.000500203635723992
376.3331396784227 0.00048443037248574754
376.75156926399944 0.0004454751920637941
377.16999884957625 0.0004297019288254838
377.58842843515305 0.00040126225722919096
378.0068580207298 0.0003764074181869505
378.4252876063066 0.0003716276414480686
378.8437171918834 0.0003508356126339323
379.2621467774602 0.00031642122011402553
379.68057636303695 0.00029945301269095173
380.09900594861375 0.0002956291912998462
380.51743553419055 0.00027316424062713833
380.9358651197673 0.00025117726762824443
381.3542947053441 0.00024090074763964835
381.7727242909209 0.00023540400438996613
382.19115387649765 0.00022273759603189705
382.60958346207445 0.00020218455605470486
383.02801304765126 0.0001837824156100095
383.44644263322806 0.0001627513979589512
383.8648722188048 0.00016633623051309052
384.2833018043816 0.00015366982215505345
384.7017313899584 0.00015295285564424194
385.12016097553516 0.00014219835798173685
385.53859056111196 0.0001295319496236998
385.95702014668876 0.00011256374220068431
386.3754497322655 0.00011160778685289263
386.7938793178423 0.00010419913290762567
387.2123089034191 0.0001030041887229052
387.6307384889959 9.918036733181314e-05
388.04916807457266 8.866485850625945e-05
388.46759766014947 7.456451712655782e-05
388.88602724572627 6.81118185290765e-05
389.304456831303 7.265260643100506e-05
389.7228864168798 7.050170689850819e-05
390.1413160024566 5.759630970353486e-05
390.55974558803337 5.640136551880655e-05
390.97817517361017 5.018765575826007e-05
391.39660475918697 5.425046598630969e-05
391.8150343447638 4.373495716077543e-05
392.2334639303405 4.2301024139104913e-05
392.6518935159173 3.704326972633481e-05
393.0703231014941 3.895518042189287e-05
393.48875268707087 3.560933670467024e-05
393.9071822726477 3.417540368300567e-05
394.3256118582245 2.485483904218594e-05
394.7440414438013 2.4615850205245186e-05
395.162471029378 1.6490229749142592e-05
395.5809006149548 1.840214044469536e-05
395.99933020053163 2.4854839042189313e-05
396.4177597861084 1.7207196259974882e-05
396.8361893716852 1.768517393386307e-05
397.254618957262 1.577326323831245e-05
397.6730485428387 1.3144386031925257e-05
398.09147812841553 1.4100341379701638e-05
398.50990771399233 1.3144386031925257e-05
398.92833729956914 9.79854231470925e-06
399.3467668851459 1.0993486499428396e-05
399.7651964707227 1.07544976624843e-05
400.1836260562995 7.647642782212097e-06
400.60205564187623 8.12562045609925e-06
401.02048522745304 5.257754412770102e-06
401.43891481302984 5.9747209236032005e-06
401.8573443986066 4.779776738881912e-06
402.2757739841834 4.062810228049625e-06
402.6942035697602 4.779776738881912e-06
403.112633155337 2.3898883694412803e-06
403.53106274091374 3.1068548802732423e-06
403.94949232649054 2.1508995324968602e-06
404.36792191206735 2.8678660433295363e-06
404.7863514976441 2.628877206385051e-06
405.2047810832209 2.628877206385051e-06
405.6232106687977 7.169665108323841e-07
406.04164025437444 1.194944184720478e-06
406.46006983995125 1.6729218586086692e-06
406.87849942552805 1.194944184720478e-06
407.29692901110485 2.3898883694412803e-06
407.7153585966816 4.779776738881912e-07
408.1337881822584 4.779776738881912e-07
408.5522177678352 1.4339330216647682e-06
408.97064735341195 9.559553477763823e-07
409.38907693898875 7.169665108322868e-07
409.80750652456555 4.779776738882561e-07
410.2259361101423 4.779776738881912e-07
410.6443656957191 9.559553477763823e-07
411.0627952812959 7.169665108322868e-07
411.4812248668727 2.3898883694412803e-07
411.89965445244945 4.779776738881912e-07
412.31808403802626 9.559553477763823e-07
412.73651362360306 0.0
413.1549432091798 7.169665108322868e-07
413.5733727947566 0.0
413.9918023803334 4.779776738882561e-07
414.41023196591016 0.0
414.82866155148696 0.0
415.24709113706376 0.0
415.66552072264057 2.3898883694412803e-07
416.0839503082173 0.0
416.5023798937941 0.0
416.9208094793709 2.3898883694412803e-07
417.33923906494766 0.0
417.75766865052447 0.0
418.17609823610127 0.0
418.594527821678 0.0
419.0129574072548 4.779776738881912e-07
