1.037442904468763 9.398522501287536e-07
1.4630417152873811 4.699261250643768e-07
1.8886405261059993 1.879704500257506e-06
2.3142393369246177 3.759409000515012e-06
2.739838147743236 3.289482875450639e-06
3.165436958561854 2.1146675627896944e-06
3.5910357693804724 3.7594090005150164e-06
4.01663458019909 2.3496306253218826e-06
4.442233391017709 3.2894828754506358e-06
4.867832201836327 1.6447414377253179e-06
5.2934310126549455 9.39852250128753e-07
5.719029823473564 1.6447414377253179e-06
6.144628634292182 1.4097783751931295e-06
6.570227445110801 7.048891875965678e-07
6.995826255929417 1.4097783751931295e-06
7.421425066748036 1.1748153126609413e-06
7.847023877566654 2.584593687854071e-06
8.272622688385272 2.819556750386259e-06
8.69822149920389 2.3496306253218826e-06
9.12382031002251 3.0545198129184476e-06
9.549419120841128 2.3496306253218826e-06
9.975017931659746 2.3496306253218826e-07
10.400616742478364 4.699261250643765e-07
10.826215553296983 4.699261250643765e-07
11.251814364115601 0.0
11.67741317493422 0.0
12.103011985752838 7.048891875965678e-07
12.528610796571455 2.3496306253218826e-07
12.954209607390073 9.39852250128753e-07
13.379808418208691 1.4097783751931295e-06
13.80540722902731 7.048891875965647e-07
14.231006039845928 4.699261250643765e-07
14.656604850664547 9.39852250128753e-07
15.082203661483165 1.879704500257506e-06
15.507802472301783 4.699261250643765e-07
15.933401283120402 2.1146675627896944e-06
16.35900009393902 7.048891875965678e-07
16.784598904757637 1.4097783751931356e-06
17.210197715576253 4.6992612506437456e-07
17.635796526394873 0.0
18.06139533721349 4.6992612506437456e-07
18.48699414803211 7.048891875965678e-07
18.912592958850727 2.3496306253218924e-07
19.338191769669344 0.0
19.763790580487964 4.6992612506437847e-07
20.18938939130658 2.3496306253218728e-07
20.6149882021252 2.3496306253218924e-07
21.040587012943817 0.0
21.466185823762437 0.0
21.891784634581054 0.0
22.317383445399674 7.048891875965678e-07
22.74298225621829 9.398522501287491e-07
23.16858106703691 2.3496306253218924e-07
23.594179877855527 1.6447414377253249e-06
24.019778688674144 9.398522501287491e-07
24.445377499492764 2.3496306253218924e-07
24.87097631031138 4.6992612506437456e-07
25.29657512113 2.3496306253218924e-07
25.722173931948618 0.0
26.147772742767238 4.6992612506437847e-07
26.573371553585854 0.0
26.998970364404475 0.0
27.42456917522309 4.6992612506437456e-07
27.85016798604171 4.6992612506437847e-07
28.275766796860328 2.3496306253218924e-07
28.701365607678945 1.644741437725311e-06
29.126964418497565 1.8797045002575139e-06
29.55256322931618 1.4097783751931238e-06
29.9781620401348 4.6992612506437847e-07
30.403760850953418 9.398522501287491e-07
30.82935966177204 1.1748153126609462e-06
31.254958472590655 2.349630625321873e-06
31.680557283409275 2.1146675627897033e-06
32.10615609422789 3.7594090005149964e-06
32.53175490504651 3.054519812918435e-06
32.95735371586513 6.109039625836971e-06
33.382952526683745 5.1691873757081204e-06
33.808551337502365 5.639113500772495e-06
34.234150148320985 4.6992612506438245e-06
34.6597489591396 3.289482875450622e-06
35.08534776995822 4.229335125579372e-06
35.51094658077684 4.699261250643746e-06
35.93654539159546 5.169187375708207e-06
36.36214420241407 4.229335125579372e-06
36.78774301323269 4.9342243131759335e-06
37.21334182405131 4.6992612506438245e-06
37.638940634869925 3.994372063047183e-06
38.064539445688546 6.3440026883690575e-06
38.490138256507166 8.458670251158744e-06
38.915737067325786 4.229335125579442e-06
39.3413358781444 1.1043263939012802e-05
39.76693468896302 9.63348556381968e-06
40.19253349978164 7.75378106356218e-06
40.61813231060026 9.868448626352031e-06
41.04373112141887 1.127822700154499e-05
41.46932993223749 1.5272599064592175e-05
41.89492874305611 1.2453042314206134e-05
42.320527553874726 1.0103411688884053e-05
42.746126364693346 1.2922968439270301e-05
43.171725175511966 1.3392894564334677e-05
43.597323986330586 1.762222968991434e-05
44.0229227971492 1.550756212712436e-05
44.44852160796782 1.5272599064592175e-05
44.87412041878644 2.255645400308998e-05
45.29971922960506 1.151319006407737e-05
45.72531804042367 1.550756212712436e-05
46.15091685124229 1.6917340502317488e-05
46.57651566206091 1.6682377439785576e-05
47.002114472879526 1.3627857626866864e-05
47.42771328369815 1.4332746814463426e-05
47.85331209451677 1.738726662738186e-05
48.27891090533539 1.8797045002575298e-05
48.704509716154 1.7857192752446235e-05
49.13010852697262 1.550756212712436e-05
49.55570733779124 2.2086527878025605e-05
49.98130614860986 2.279141706562255e-05
50.40690495942847 2.091171256536467e-05
50.832503770247094 2.255645400308998e-05
51.258102581065714 2.4436158503347886e-05
51.68370139188433 2.443615850334748e-05
52.10930020270295 2.3966232378283104e-05
52.53489901352157 2.749067831626591e-05
52.96049782434019 2.9370382816523905e-05
53.3860966351588 3.007527200411997e-05
53.81169544597742 3.0780161191716537e-05
54.23729425679604 2.514104769094404e-05
54.66289306761466 3.054519812918486e-05
55.088491878433274 2.6315863003604978e-05
55.514090689251894 2.4201195440815293e-05
55.939689500070514 2.2321490940558167e-05
56.36528831088913 3.007527200411997e-05
56.79088712170775 3.101512425424872e-05
57.21648593252637 3.172001344184528e-05
57.64208474334499 3.383468100463554e-05
58.0676835541636 3.782905306768216e-05
58.49328236498222 3.8064016130214345e-05
58.91888117580084 4.299824044339027e-05
59.34447998661946 3.571438550489307e-05
59.770078797438075 4.041364675553621e-05
60.195677608256695 3.265986569197403e-05
60.621276419075315 3.383468100463554e-05
61.04687522989393 3.5009496317295906e-05
61.47247404071255 3.054519812918435e-05
61.89807285153117 3.33647548795706e-05
62.32367166234979 3.7594090005150596e-05
62.7492704731684 3.947379450540747e-05
63.17486928398702 4.0178683693004026e-05
63.60046809480564 3.618431162995684e-05
64.02606690562426 3.712416388008621e-05
64.45166571644288 3.618431162995624e-05
64.8772645272615 3.6184311629957446e-05
65.30286333808012 4.3938092693519756e-05
65.72846214889873 4.1118535943132086e-05
66.15406095971736 4.2998240443391e-05
66.57965977053597 5.263172600721083e-05
67.00525858135458 4.2763277380857375e-05
67.43085739217321 4.699261250643824e-05
67.85645620299182 4.8637353944163585e-05
68.28205501381044 4.182342513072864e-05
68.70765382462906 5.145691069454988e-05
69.13325263544768 4.7697501694034814e-05
69.55885144626629 4.3703129630986106e-05
69.98445025708492 5.4276467444936166e-05
70.41004906790353 4.9812169256822876e-05
70.83564787872216 5.827083950798342e-05
71.26124668954077 5.4981356632532744e-05
71.68684550035938 5.7800913382917114e-05
72.11244431117801 5.8505802570515617e-05
72.53804312199662 5.404150438240398e-05
72.96364193281524 5.92106917581102e-05
73.38924074363386 4.9812169256824536e-05
73.81483955445248 5.286668906974303e-05
74.24043836527109 6.015054400823895e-05
74.66603717608972 6.437987913382039e-05
75.09163598690833 6.015054400823895e-05
75.51723479772696 6.203024850849849e-05
75.94283360854557 5.8975728695579995e-05
76.36843241936418 5.66260980702562e-05
76.79403123018281 6.015054400824096e-05
77.21963004100142 5.968061788317657e-05
77.64522885182004 5.3101652132273447e-05
78.07082766263866 6.250017463356286e-05
78.49642647345728 6.015054400824096e-05
78.92202528427589 6.226521157102859e-05
79.34762409509452 5.216179988214645e-05
79.77322290591313 5.874076563304584e-05
80.19882171673176 6.156032238343409e-05
80.62442052755037 6.437987913382039e-05
81.05001933836898 6.226521157102859e-05
81.47561814918761 6.062047013330533e-05
81.90121696000622 5.6391135007725895e-05
82.32681577082484 5.521631969506309e-05
82.75241458164346 6.250017463356286e-05
83.17801339246208 6.344002688369163e-05
83.60361220328069 6.156032238343204e-05
84.02921101409932 7.072388182218956e-05
84.45480982491793 5.4981356632530915e-05
84.88040863573656 6.67295097591423e-05
85.30600744655517 7.048891875965736e-05
85.73160625737378 7.21336601973803e-05
86.15720506819241 5.8505802570515617e-05
86.58280387901102 7.18986971348505e-05
87.00840268982964 6.461484219635042e-05
87.43400150064826 7.18986971348505e-05
87.85960031146688 7.142877100978613e-05
88.28519912228549 7.424832776016994e-05
88.71079793310412 7.354343857257585e-05
89.13639674392273 6.743439894673663e-05
89.56199555474136 6.696447282167449e-05
89.98759436555997 6.13253593209019e-05
90.41319317637858 7.0488918759655e-05
90.83879198719721 6.508476832141698e-05
91.26439079801582 5.874076563304781e-05
91.68998960883444 6.860921425939754e-05
92.11558841965306 6.766936200927108e-05
92.54118723047168 6.297010075862725e-05
92.96678604129029 6.625958363407571e-05
93.39238485210892 6.156032238343409e-05
93.81798366292753 6.743439894673663e-05
94.24358247374616 8.5996480886782e-05
94.66918128456477 7.401336469764024e-05
95.09478009538338 6.931410344699409e-05
95.52037890620201 7.659795838549434e-05
95.94597771702063 6.93141034469964e-05
96.37157652783924 7.871262594828142e-05
96.79717533865787 7.283854938497928e-05
97.22277414947648 7.095884488472175e-05
97.64837296029509 8.035736738600671e-05
98.07397177111372 8.153218269867035e-05
98.49957058193233 7.471825388523431e-05
98.92516939275096 8.529159169918541e-05
99.35076820356957 8.529159169918541e-05
99.77636701438819 6.766936200926881e-05
100.20196582520681 7.448329082270461e-05
100.62756463602543 8.482166557412102e-05
101.05316344684404 8.4586702511586e-05
101.47876225766267 7.001899263459299e-05
101.90436106848128 8.81111484495717e-05
102.32995987929989 7.589306919789523e-05
102.75555869011852 8.176714576120254e-05
103.18115750093713 8.858107457463313e-05
103.60675631175576 8.999085294982924e-05
104.03235512257437 7.330847551004366e-05
104.45795393339299 8.646640701184348e-05
104.88355274421161 7.448329082270461e-05
105.30915155503023 7.918255207334844e-05
105.73475036584884 8.2002108823732e-05
106.16034917666747 7.260358632244709e-05
106.58594798748608 7.236862325991489e-05
107.01154679830469 7.894758901081361e-05
107.43714560912332 7.236862325991489e-05
107.86274441994193 7.636299532295959e-05
108.28834323076056 7.941751513588062e-05
108.71394204157917 8.341188719892788e-05
109.13954085239779 9.187055745008369e-05
109.56513966321641 8.05923304485416e-05
109.99073847403503 8.482166557412102e-05
110.41633728485364 8.76412223245044e-05
110.84193609567227 8.975588988729704e-05
111.26753490649088 9.163559438755458e-05
111.6931337173095 9.116566826248715e-05
112.11873252812812 0.00010103411688884221
112.54433133894673 9.257544663768025e-05
112.96993014976536 8.905100069970047e-05
113.39552896058397 9.06957421374258e-05
113.82112777140259 9.985930157617792e-05
114.24672658222121 9.727470788832717e-05
114.67232539303983 9.35152988878121e-05
115.09792420385844 0.00010103411688883884
115.52352301467707 9.586492951313401e-05
115.94912182549568 9.774463401339154e-05
116.3747206363143 0.00010526345201441816
116.80031944713292 0.00010103411688884221
117.22591825795153 9.46901142004699e-05
117.65151706877016 0.0001017390060764388
118.07711587958877 9.586492951313401e-05
118.50271469040739 9.703974482579173e-05
118.92831350122601 9.750967095085936e-05
119.35391231204463 9.516004032553744e-05
119.77951112286324 9.375026195034117e-05
120.20510993368187 0.00010714315651467919
120.63070874450048 0.00010878789795240452
121.0563075553191 0.00011677664207849514
121.48190636613772 0.00010502848895188947
121.90750517695633 0.00011348715920304458
122.33310398777496 0.00011654167901596683
122.75870279859357 0.00010784804570227577
123.18430160941219 0.00012124094026660661
123.60990042023082 0.00011630671595343465
124.03549923104943 0.00011395708532811275
124.46109804186804 0.00011936123576634916
124.88669685268667 0.00010878789795240452
125.31229566350528 0.00011889130964128876
125.7378944743239 0.00012969961051776521
126.16349328514252 0.00013533872401854215
126.58909209596113 0.0001313443519554905
127.01469090677976 0.00012312064476686818
127.44028971759838 0.00012641012764231887
127.86588852841699 0.0001238255339544565
128.29148733923563 0.00012006612495395373
128.71708615005423 0.00012922968439270084
129.14268496087286 0.00013792331770639163
129.56828377169148 0.00013792331770639163
129.9938825825101 0.0001482616924578176
130.4194813933287 0.00015296095370845138
130.84508020414734 0.0001567203627089663
131.27067901496596 0.00015390080595859037
131.69627782578456 0.00015108124920819392
132.1218766366032 0.00013862820689398818
132.54747544742182 0.00013604361320614325
132.97307425824042 0.00014755680327021117
133.39867306905904 0.0001513162122707261
133.82427187987767 0.00016353429152241055
134.24987069069627 0.00016071473477201342
134.6754695015149 0.00016470910683506054
135.10106831233352 0.00018068659508726107
135.52666712315212 0.00017998170589965246
135.95226593397075 0.0001849159302128283
136.37786474478938 0.00019102496983867785
136.80346355560798 0.00018444600408776393
137.2290623664266 0.00018162644733737775
137.65466117724523 0.0001736377032112951
138.08025998806383 0.00017598733383660534
138.50585879888246 0.00018797045002574668
138.93145760970108 0.00019266971127639035
139.3570564205197 0.00020183327071515898
139.7826552313383 0.00020676749502832135
140.20825404215694 0.0001994836400898237
140.63385285297556 0.00020582764277820637
141.05945166379416 0.0002034780121528708
141.4850504746128 0.00020277312296527425
141.91064928543142 0.00020183327071515898
142.33624809625002 0.00021475623915441562
142.76184690706864 0.00020723742115338572
143.18744571788727 0.00021522616527949436
143.61304452870587 0.00022157016796784892
144.0386433395245 0.00022673935534355696
144.46424215034313 0.00022697431840610428
144.88984096116172 0.00022885402290634662
145.31543977198035 0.00022885402290634662
145.74103858279898 0.00023684276703245664
146.16663739361758 0.0002471811417838569
146.5922362044362 0.00025469995978488676
147.01783501525483 0.0002556398120350326
147.44343382607343 0.0002711473741621396
147.86903263689206 0.00028101582278849133
148.29463144771069 0.00027913611828823384
148.7202302585293 0.00028360041647636426
149.1458290693479 0.0002760815984753155
149.57142788016654 0.0002866549362892637
149.99702669098517 0.00028383537953889643
150.42262550180376 0.0002911192344773752
150.8482243126224 0.0002981681263533407
151.27382312344102 0.0002960534587905708
151.69942193425962 0.000313910651542997
152.12502074507825 0.00032283924791921993
152.55061955589687 0.0003303580659202719
152.97621836671547 0.00032401406323188085
153.4018171775341 0.0003465705172349705
153.82741598835273 0.000341166366796753
154.25301479917132 0.0003712416388008497
154.67861360998995 0.000381814976614798
155.10421242080858 0.00041165528555641275
155.52981123162718 0.0004530087845620496
155.9554100424458 0.0004483095233114059
156.38100885326443 0.0004645219746261576
156.80660766408303 0.00048754835475428056
157.23220647490166 0.000513864217757885
157.6578052857203 0.0005469940095749229
158.0834040965389 0.0005505184555129423
158.5090029073575 0.00057143016807827
158.93460171817614 0.000626646487773333
159.36020052899477 0.0006567217597774964
159.78579933981337 0.000718986971348481
160.211398150632 0.0007441280190394247
160.63699696145062 0.0007669194361050977
161.06259577226922 0.0008543256953670187
161.48819458308785 0.000895679194372683
161.91379339390647 0.0009450214375045047
162.33939220472507 0.0010364220688294607
162.7649910155437 0.001026318657140577
163.19058982636233 0.0011600126397214668
163.61618863718093 0.001227682001730658
164.04178744799955 0.0012283868909182547
164.46738625881818 0.00147556803270221
164.89298506963678 0.0015011790065181196
165.3185838804554 0.001600333418906701
165.74418269127403 0.0018846387245707687
166.16978150209263 0.0019036707326357497
166.59538031291126 0.0021555511356702505
167.0209791237299 0.002390984124327498
167.44657793454851 0.0024523094836485615
167.8721767453671 0.0030272640976646502
168.29777555618574 0.003175290827059926
168.72337436700437 0.00340203018240371
169.14897317782297 0.0039259978118502525
169.5745719886416 0.0040357255620527815
170.00017079946022 0.004330369242468429
170.42576961027882 0.004700201102893796
170.85136842109745 0.004779853581092206
171.27696723191607 0.005259648154783276
171.70256604273467 0.0054093196256159255
172.1281648535533 0.0055195173019435195
172.55376366437193 0.005896163091183003
172.97936247519053 0.0059577234135660415
173.40496128600915 0.006228870787728181
173.83056009682778 0.006504952386203931
174.25615890764638 0.006409087456690366
174.681757718465 0.006551710035647401
175.10735652928363 0.006574971378838527
175.53295534010223 0.006477696670949763
175.95855415092086 0.006471352668261394
176.3841529617395 0.006539022030270664
176.80975177255812 0.006374782849561092
177.23535058337671 0.006318156751490411
177.66094939419534 0.006394754709875903
178.08654820501397 0.006180468396846964
178.51214701583257 0.006087423024083807
178.9377458266512 0.0061398197870284835
179.36334463746982 0.00594715007575249
179.78894344828842 0.005916604877622909
180.21454225910705 0.005894753312807416
180.64014106992568 0.00572698968615982
181.06573988074427 0.005750485992412655
181.4913386915629 0.0056033991152675084
181.91693750238153 0.00554324857125964
182.34253631320013 0.005495551069565237
182.76813512401876 0.005336716039293481
183.19373393483738 0.005402740659865386
183.61933274565598 0.005277975273660435
184.0449315564746 0.005149215515392798
184.47053036729324 0.005195033312586922
184.89612917811183 0.005044656952565976
185.32172798893046 0.005001423749060055
185.7473267997491 0.0049462074293649926
186.17292561056772 0.004784317879280637
186.59852442138632 0.004771629873903579
187.02412323220494 0.004712184219082938
187.44972204302357 0.0044802756763639715
187.87532085384217 0.004445266180046377
188.3009196646608 0.004286666112837153
188.72651847547942 0.004225340753516536
189.15211728629802 0.004139814198754538
189.57771609711665 0.0039015616533469052
190.00331490793528 0.003925057959600385
190.42891371875388 0.003812980578772272
190.8545125295725 0.0036386379863733915
191.28011134039113 0.003643572210686811
191.70571015120973 0.003497190222729017
192.13130896202836 0.0034144832247176883
192.55690777284698 0.003352922902334481
192.98250658366558 0.0032401406323188087
193.4081053944842 0.0032182890675033155
193.83370420530284 0.0031346422172420676
194.25930301612144 0.0030244445409142646
194.68490182694006 0.00305945403723156
195.1105006377587 0.0029699331104067975
195.53609944857732 0.002952075917654549
195.96169825939592 0.00295724510503006
196.38729707021454 0.002857855729578946
196.81289588103317 0.0028583256557042015
197.23849469185177 0.0027946506657577893
197.6640935026704 0.0027081842587459454
198.08969231348902 0.002733325306437072
198.51529112430762 0.0027333253064368893
198.94088993512625 0.002677874023679294
199.36648874594488 0.0026828082479926486
199.79208755676348 0.00257848464822818
200.2176863675821 0.002640044970611612
200.64328517840073 0.0025376010753477497
201.06888398921933 0.002443615850334707
201.49448280003796 0.0024285782143326474
201.92008161085658 0.002339527213633106
202.34568042167518 0.002331068543381791
202.7712792324938 0.002285485709250548
203.19687804331244 0.002196669671613529
203.62247685413104 0.00216847410410952
204.04807566494966 0.0020993949637250586
204.4736744757683 0.002066970061095617
204.89927328658692 0.0020282011557779425
205.32487209740552 0.00199413151171064
205.75047090822414 0.0019316313370770796
206.17606971904277 0.0019053154740736023
206.60166852986137 0.0018411705580021888
207.02726734068 0.001851508932753605
207.45286615149863 0.0018392908535020543
207.87846496231722 0.0018110952859980694
208.30406377313585 0.0018385859643143348
208.72966258395448 0.001837881075126861
209.15526139477308 0.0018176742517489707
209.5808602055917 0.001816734399498842
210.00645901641033 0.001834356629188878
210.43205782722893 0.0018653717534430037
210.85765663804756 0.0018435201886275107
211.28325544886619 0.0018369412228767324
211.70885425968478 0.0019140091073871655
212.1344530705034 0.001899206434447638
212.56005188132204 0.001875475165132013
212.98565069214064 0.0019316313370770796
213.41124950295927 0.0019873175828972072
213.8368483137779 0.001999065736023816
214.26244712459652 0.0019967161053986277
214.68804593541512 0.0019725149099576794
215.11364474623375 0.001978858912646048
215.53924355705237 0.0020312556755908606
215.96484236787097 0.0019795638018336448
216.3904411786896 0.002014338335088408
216.81603998950823 0.0020282011557779425
217.24163880032683 0.0020441786440299954
217.66723761114545 0.002012928556713215
218.09283642196408 0.002032665453966054
218.51843523278268 0.0019852029153344173
218.9440340436013 0.001962646461331328
219.36963285441993 0.0019696953532074247
219.79523166523853 0.0019480787514543324
220.22083047605716 0.001985672841459482
220.6464292868758 0.00195747727395575
221.07202809769439 0.001963116387456392
221.497626908513 0.0019682855748321
221.92322571933164 0.001968990464019828
222.34882453015024 0.0019452591947039463
222.77442334096887 0.0019929566963979794
223.2000221517875 0.0019859078045221462
223.6256209626061 0.002006114627899782
224.05121977342472 0.002006349590962314
224.47681858424335 0.002057806501656862
224.90241739506197 0.0020791881403474295
225.32801620588057 0.002104564151100766
225.7536150166992 0.0021200717132278907
226.17921382751783 0.002159545507733442
226.60481263833643 0.002197844486926043
227.03041144915505 0.0021759929221105505
227.45601025997368 0.0022361434661189385
227.88160907079228 0.0022166415319286176
228.3072078816109 0.002253060806621106
228.73280669242953 0.0022988786038150356
229.15840550324813 0.002280786447999904
229.58400431406676 0.00226527888587278
230.0096031248854 0.0023129763875669677
230.435201935704 0.0023792359712008888
230.8608007465226 0.002375946488325438
231.28639955734124 0.0023740667838253395
231.71199836815984 0.0024182398395812313
232.13759717897847 0.002411425910767798
232.5631959897971 0.002411190947705427
232.9887948006157 0.0024403263674592566
233.41439361143432 0.00245042977914814
233.83999242225295 0.002432337623333162
234.26559123307158 0.002491783278153971
234.69119004389017 0.0025432401888483528
235.1167888547088 0.0025502890807243186
235.54238766552743 0.002584828650916722
235.96798647634603 0.002562742123038524
236.39358528716465 0.00263229118954805
236.81918409798328 0.0026376953399864667
237.24478290880188 0.00270653951730822
237.6703817196205 0.0027302707866239707
238.09598053043914 0.0027246316731233803
238.52157934125773 0.0027469531640637555
238.94717815207636 0.002772564137879764
239.372776962895 0.0027897164414447994
239.7983757737136 0.0028385887584513074
240.22397458453221 0.002858795581829075
240.64957339535084 0.002898974265522272
241.07517220616944 0.0029487864347789014
241.50077101698807 0.0029610045140305748
241.9263698278067 0.003008467052662277
242.3519686386253 0.0030552247021059806
242.77756744944392 0.0030641532984822034
243.20316626026255 0.0031980822441255476
243.62876507108118 0.0031435708136182913
244.05436388189977 0.0031055067974878675
244.4799626927184 0.0031355820694919873
244.90556150353703 0.0032276875900048184
245.33116031435563 0.0032476594503198387
245.75675912517426 0.003276324943948765
246.18235793599288 0.0032650467169474382
246.60795674681148 0.0032934772475136146
247.0335555576301 0.003357387200522368
247.45915436844874 0.0034370396787210076
247.88475317926734 0.003462415689474254
248.31035199008596 0.003494135702916099
248.7359508009046 0.003495075555166461
249.1615496117232 0.003489436441665455
249.58714842254182 0.0034718142119755414
250.01274723336044 0.0035632148433007993
250.43834604417904 0.003545357650548115
250.86394485499767 0.0036017487855558384
251.2895436658163 0.003615141680120415
251.7151424766349 0.0035991641918679852
252.14074128745352 0.0036346436143103447
252.56634009827215 0.0036576699944384987
252.99193890909078 0.003634408651248055
253.41753771990938 0.003662369255689142
253.843136530728 0.0036576699944384987
254.26873534154663 0.0037138261663839382
254.69433415236523 0.0036658937016271253
255.11993296318386 0.003731213433011072
255.54553177400248 0.0037171156492593893
255.97113058482108 0.003705367496132779
256.3967293956397 0.0037462510690128817
256.82232820645834 0.003717820538446986
257.24792701727694 0.0037615236680774724
257.6735258280956 0.00373967210326248
258.0991246389142 0.0038026422040211096
258.5247234497328 0.0037579992221394897
258.95032226055145 0.00375564959151467
259.37592107137004 0.0037448412906381885
259.80151988218864 0.0037737417473291453
260.2271186930073 0.003829193030087248
260.6527175038259 0.00375564959151467
261.0783163146445 0.0038073414652712453
261.50391512546315 0.003835302069713085
261.92951393628175 0.00377491656264231
262.35511274710035 0.0037873696049560107
262.780711557919 0.003789249309456774
263.2063103687376 0.0037756214518299062
263.6319091795562 0.003793713607644379
264.05750799037486 0.0037796158238929544
264.48310680119346 0.0037518901825141547
264.90870561201206 0.0037847850112681567
265.3343044228307 0.0038181497661482345
265.7599032336493 0.0037911290139570316
266.1855020444679 0.0037723319689539525
266.61110085528657 0.003842820887714116
267.03669966610516 0.003790424124769435
267.46229847692376 0.0038254336210862216
267.8878972877424 0.003829193030087248
268.313496098561 0.003826373473336862
268.7390949093796 0.0038021722778955372
269.1646937201983 0.0038080463544593506
269.59029253101687 0.003804756871583899
270.01589134183547 0.003830837771524462
270.4414901526541 0.0038089862067094793
270.8670889634727 0.003809926058959608
271.2926877742913 0.003834362217462444
271.71828658511 0.0037962982013327404
272.1438853959286 0.00383365732827536
272.5694842067472 0.003811570800396824
272.99508301756583 0.0038463453336520987
273.42068182838443 0.00381979450758596
273.84628063920303 0.003917774104661364
274.2718794500217 0.0038550389669657903
274.6974782608403 0.003922003439787467
275.1230770716589 0.003889813500220036
275.54867588247754 0.003883704460594718
275.97427469329614 0.003900621801096516
276.3998735041148 0.0039640618279807305
276.8254723149334 0.003986383318921289
277.251071125752 0.004039015044927962
277.67666993657065 0.004015988664800347
278.10226874738925 0.00399930628736056
278.52786755820784 0.004029851485489208
278.9534663690265 0.004019983036863394
279.3790651798451 0.0040401898602411635
279.8046639906637 0.004076844097995642
280.23026280148235 0.0041097389267506935
280.65586161230095 0.004121252116814772
281.08146042311955 0.0041346450113785545
281.5070592339382 0.004129945750128463
281.9326580447568 0.004202784299513445
282.3582568555754 0.004259645360645668
282.78385566639406 0.004237088906643146
283.20945447721266 0.004267869067834864
283.63505328803126 0.004266929215584165
284.0606520988499 0.004301468785776969
284.4862509096685 0.004333188799218815
284.9118497204871 0.004343057247844587
285.33744853130577 0.004461008705236331
285.76304734212437 0.00442552928279397
286.18864615294297 0.004463593298923589
286.6142449637616 0.004552409336561356
287.0398437745802 0.004538076589746892
287.4654425853988 0.004602926395005164
287.8910413962175 0.004601516616630586
288.3166402070361 0.004616319289570115
288.7422390178547 0.00464357500482323
289.1678378286733 0.004719938000146815
289.5934366394919 0.004734740673086343
290.0190354503105 0.0047775039504665655
290.4446342611292 0.004751188087463597
290.8702330719478 0.0048209721170356604
291.2958318827664 0.004854101908852052
291.72143069358503 0.00483906427285064
292.14702950440363 0.004863970357479053
292.57262831522223 0.004905088893421533
292.9982271260409 0.005009882419311548
293.4238259368595 0.005000013970685196
293.8494247476781 0.005016226421999248
294.27502355849674 0.005043952063378717
294.70062236931534 0.005060399477755295
295.126221180134 0.005129008692015374
295.5518199909526 0.005131358322640695
295.9774188017712 0.005144751217204343
296.40301761258985 0.005135587657766275
296.82861642340845 0.0052027870936504845
297.25421523422705 0.005296772318662656
297.6798140450457 0.005308990397915037
298.1054128558643 0.005316979142041133
298.5310116666829 0.00535034389691999
298.95661047750156 0.005339300632981691
299.38220928832015 0.005421067778742897
299.80780809913875 0.005466415649810881
300.2334069099574 0.005516697745193502
300.659005720776 0.005563925320762474
301.0846045315946 0.005560400874823748
301.51020334241326 0.005521162043381613
301.93580215323186 0.005613972453081832
302.36140096405046 0.005687985817778715
302.7869997748691 0.0056485120232740655
303.2125985856877 0.005744611915849735
303.6381973965063 0.005693624931279487
304.06379620732497 0.0056839914457164275
304.48939501814357 0.005806172238233171
304.91499382896217 0.005874546489429256
305.3405926397808 0.005845411069676048
305.7661914505994 0.005934227107313219
306.191790261418 0.005927648141561526
306.6173890722367 0.006039960485452709
307.0429878830553 0.005982864461257385
307.4685866938739 0.006052413527766107
307.89418550469253 0.006131831042902798
308.31978431551113 0.00613300585821546
308.7453831263297 0.006185167658096782
309.1709819371484 0.006210778631913618
309.596580747967 0.006257066355232461
310.0221795587856 0.006267404729983041
310.44777836960424 0.006350111727995211
310.87337718042284 0.0064194258314422105
311.29897599124143 0.006398749081938522
311.7245748020601 0.006450910881821525
312.1501736128787 0.006445976657508349
312.5757724236973 0.006496258752889372
313.00137123451594 0.0066896333533542395
313.42697004533454 0.00666402237953734
313.8525688561532 0.006594238349966167
314.2781676669718 0.006676005495727372
314.7037664777904 0.00673333648298433
315.12936528860905 0.006804765253995017
315.55496409942765 0.006775864797303556
315.98056291024625 0.006910968558258648
316.4061617210649 0.006991560888708115
316.8317605318835 0.006998844743646613
317.2573593427021 0.007076617517343825
317.68295815352076 0.007045602393090521
318.10855696433936 0.007069333662406274
318.53415577515796 0.0071778865972951895
318.9597545859766 0.00724532099624289
319.3853533967952 0.007285499679935897
319.8109522076138 0.007296777906936467
320.23655101843246 0.007342595704131222
320.66214982925106 0.00741190980757822
321.08774864006966 0.007497906288464002
321.5133474508883 0.007417548921078992
321.9389462617069 0.007515293555092386
322.3645450725255 0.0076501623529848465
322.7901438833442 0.0076386491629217915
323.21574269416277 0.007696920002429776
323.64134150498137 0.007767173958125867
324.0669403158 0.007874082151579056
324.4925391266186 0.007948800405464293
324.9181379374372 0.007923189431647226
325.3437367482559 0.008040670962914383
325.7693355590745 0.008067456752043055
326.1949343698931 0.008105755731234721
326.62053318071173 0.008142879895115892
327.04613199153033 0.008130191889739152
327.47173080234893 0.00821289888774939
327.8973296131676 0.008250258014693106
328.3229284239862 0.00842178105034161
328.7485272348048 0.008495324488913054
329.17412604562344 0.008545136658171016
329.59972485644204 0.008521875314980328
330.02532366726064 0.00859447890130163
330.4509224780793 0.008566048370736382
330.8765212888979 0.008652984703873294
331.3021200997165 0.008749789485635392
331.72771891053515 0.008777045200890295
332.15331772135374 0.00883743070796107
332.57891653217234 0.00892507193028439
333.004515342991 0.008959611500477815
333.4301141538096 0.008943399049161898
333.85571296462825 0.00907027910293048
334.28131177544685 0.00900613418685919
334.70691058626545 0.008996970627419233
335.1325093970841 0.009185880929696322
335.5581082079027 0.009133014240626578
335.9837070187213 0.009245561547578265
336.40930582953996 0.009196924193635336
336.83490464035856 0.009316520392464224
337.26050345117716 0.0093195749122759
337.6861022619958 0.00931370083571384
338.1117010728144 0.009310411352838388
338.537299883633 0.00929466882764749
338.96289869445167 0.00928926467721049
339.38849750527027 0.009350355073468862
339.81409631608886 0.009308061722211823
340.2396951269075 0.009324039210465256
340.6652939377261 0.00936398293109573
341.0908927485447 0.009342836255466582
341.5164915593634 0.009327563656403238
341.942090370182 0.009348475368968604
342.36768918100057 0.009240392360202557
342.7932879918192 0.009183061372945936
343.2188868026378 0.009270937558332979
343.6444856134564 0.009117036752373171
344.0700844242751 0.009087666369557865
344.4956832350937 0.009030805308425071
344.9212820459123 0.008987337141855413
345.34688085673093 0.008841895006149184
345.77247966754953 0.00886844583221532
346.19807847836813 0.00877117112432582
346.6236772891868 0.008768351567576604
347.0492761000054 0.008583435637363765
347.474874910824 0.008546546436545066
347.90047372164264 0.008437053649406204
348.32607253246124 0.008271639653383536
348.75167134327984 0.008134656187926177
349.1772701540985 0.008078969942107134
349.6028689649171 0.007966892561279273
350.0284677757357 0.007878311486703583
350.45406658655435 0.007745792319436474
350.87966539737295 0.007669194361050977
351.30526420819155 0.007502605549714646
351.7308630190102 0.00736397734282165
352.1564618298288 0.0072657627826822205
352.58206064064746 0.007109982272224344
353.00765945146605 0.0070148222318988035
353.43325826228465 0.006863740982689682
353.8588570731033 0.0068111092566833864
354.2844558839219 0.006544426180709341
354.7100546947405 0.00651552572401701
355.13565350555916 0.006301239410988514
355.56125231637776 0.006147103641967392
355.98685112719636 0.006063221828642587
356.412449938015 0.005914960136185579
356.8380487488336 0.0057674033329153575
357.2636475596522 0.005682111741215411
357.68924637047087 0.00546406601918629
358.11484518128947 0.005360917234734654
358.54044399210807 0.005151095219892712
358.9660428029267 0.005113266166825716
359.3916416137453 0.004961480028429915
359.8172404245639 0.004809928853096004
360.2428392353826 0.004599166986005264
360.6684380462012 0.004523508879869896
361.0940368570198 0.004362089255909693
361.51963566783843 0.004228160310266922
361.945234478657 0.004190096294136705
362.3708332894756 0.0040246822981135
362.7964321002943 0.0037953583490826118
363.2220309111129 0.0037436664753255273
363.6476297219315 0.0035782524793023817
364.07322853275014 0.003520921492045003
364.49882734356873 0.0034102538895923375
364.92442615438733 0.0032683361998224526
365.350024965206 0.003148974964056532
365.7756237760246 0.0030202152057888865
366.2012225868432 0.0029081378249606396
366.62682139766184 0.0028350643125135138
367.05242020848044 0.002712648556934238
367.47801901929904 0.0026268870391096344
367.9036178301177 0.0025103453600940147
368.3292166409363 0.0023933337549529796
368.7548154517549 0.002347046031633823
369.18041426257355 0.0021745831437355026
369.60601307339215 0.002105504003351036
370.03161188421075 0.0020808328817848772
370.4572106950294 0.0019619415721438623
370.882809505848 0.0018376461120640833
371.30840831666666 0.0017878339428075026
371.73400712748526 0.0016933787916695586
372.15960593830386 0.0016106717936580095
372.5852047491225 0.0015068181200189926
373.0108035599411 0.0014797973678277896
373.4364023707597 0.0014497220958234747
373.86200118157836 0.0013200224853058943
374.28759999239696 0.0012939415853648203
374.71319880321556 0.0012161688116664997
375.1387976140342 0.001181629241474429
375.5643964248528 0.001140275742468762
375.9899952356714 0.001029843103078491
376.41559404649007 0.000999767831074507
376.84119285730867 0.000941966917691586
377.26679166812727 0.0009245796510640797
377.6923904789459 0.0008348237611769032
378.1179892897645 0.0007645698054797758
378.5435881005831 0.0007596355811664981
378.9691869114018 0.0006969004434705025
379.3947857222204 0.0006828026597185704
379.820384533039 0.0006273513769608877
380.24598334385763 0.0006010355139573653
380.67158215467623 0.0005580372735139727
381.09718096549483 0.0005364206717609388
381.5227797763135 0.0005054055475067602
381.9483785871321 0.00045770804581272376
382.3739773979507 0.00044008581612275
382.79957620876934 0.00041071543330628395
383.22517501958794 0.00038533942255280644
383.65077383040654 0.0003611382271119417
384.0763726412252 0.0003496250370479122
384.5019714520438 0.0003202546542313873
384.9275702628624 0.0002901793822272271
385.35316907368104 0.0002831304903512999
385.77876788449964 0.00027326204172494747
386.20436669531824 0.00023660780396989284
386.6299655061369 0.0002257995030934433
387.0555643169555 0.00021311149771670456
387.4811631277741 0.00019454941577663482
387.90676193859275 0.00018844037615082366
388.33236074941135 0.0001743425923988917
388.75795956022995 0.00016729370052290338
389.1835583710486 0.00014215265283198044
389.6091571818672 0.00013721842851878593
390.03475599268586 0.00011936123576635712
390.46035480350446 0.00011630671595343854
390.88595361432306 0.00011395708532810134
391.3115524251417 9.328033582528303e-05
391.7371512359603 9.234048357515423e-05
392.1627500467789 7.918255207334051e-05
392.58834885759757 7.56581061353681e-05
393.01394766841617 7.965247819841548e-05
393.43954647923476 7.283854938497197e-05
393.8651452900534 6.297010075862935e-05
394.290744100872 6.015054400824296e-05
394.7163429116906 5.9915580945702756e-05
395.1419417225093 5.169187375708379e-05
395.5675405333279 4.158846206819923e-05
395.99313934414647 4.2293351255790184e-05
396.4187381549651 3.759409000515185e-05
396.8443369657837 3.500949631729766e-05
397.2699357766023 2.9135419753988795e-05
397.695534587421 3.0545198129185875e-05
398.1211333982396 2.866549362892828e-05
398.5467322090582 2.6080899941070613e-05
398.97233101987683 1.9501934190172524e-05
399.39792983069543 1.9736897252704723e-05
399.82352864151403 1.809215581497691e-05
400.2491274523327 1.6917340502318335e-05
400.6747262631513 1.433274681446414e-05
401.1003250739699 1.315793150180139e-05
401.52592388478854 1.1278227001545556e-05
401.95152269560714 1.0338374751416758e-05
402.37712150642574 1.1043263939011881e-05
402.8027203172444 7.28385493849817e-06
403.228319128063 1.0808300876481157e-05
403.6539179388816 7.753781063561534e-06
404.07951674970025 6.8139288134337735e-06
404.50511556051885 5.874076563304977e-06
404.93071437133744 6.578965750900695e-06
405.3563131821561 4.464298188111782e-06
405.7819119929747 3.524445937982986e-06
406.2075108037933 2.349630625321677e-06
406.63310961461195 3.759409000515185e-06
407.05870842543055 2.3496306253219906e-06
407.48430723624915 3.524445937982515e-06
407.9099060470678 9.398522501287962e-07
408.3355048578864 9.398522501286708e-07
408.76110366870506 9.398522501287962e-07
409.18670247952366 1.6447414377253935e-06
409.61230129034226 1.8797045002573415e-06
410.0379001011609 1.1748153126609953e-06
410.4634989119795 1.1748153126609953e-06
410.8890977227981 7.04889187596503e-07
411.31469653361677 4.699261250643981e-07
411.74029534443537 4.699261250643981e-07
412.16589415525397 4.699261250643354e-07
412.5914929660726 2.3496306253219906e-07
413.0170917768912 4.699261250643981e-07
413.4426905877098 0.0
413.8682893985285 1.1748153126609953e-06
414.2938882093471 0.0
414.7194870201657 4.699261250643354e-07
415.1450858309843 0.0
415.5706846418029 0.0
415.9962834526215 0.0
416.4218822634402 0.0
416.8474810742588 0.0
417.2730798850774 0.0
417.69867869589604 0.0
418.12427750671463 0.0
418.54987631753323 0.0
418.9754751283519 0.0
419.4010739391705 0.0
419.8266727499891 0.0
420.25227156080774 0.0
420.67787037162634 2.3496306253219906e-07
421.10346918244494 0.0
421.5290679932636 0.0
421.9546668040822 0.0
422.3802656149008 0.0
422.80586442571945 0.0
423.23146323653805 0.0
423.65706204735665 0.0
424.0826608581753 0.0
424.5082596689939 0.0
424.9338584798125 0.0
425.35945729063116 0.0
425.78505610144975 0.0
426.21065491226835 0.0
426.636253723087 2.3496306253219906e-07
