1.8139597104624632 1.5587484271866158e-06
2.3913460187998576 2.251525505936223e-06
2.968732327137252 4.8494395512472495e-06
3.5461186354746466 5.369022360309459e-06
4.123504943812041 6.234993708746453e-06
4.700891252149436 4.503051011872453e-06
5.2782775604868295 8.313324944995272e-06
5.855663868824225 8.486519214682699e-06
6.433050177161618 7.274159326870862e-06
7.010436485499014 6.927770787496081e-06
7.587822793836407 1.731942696874015e-06
8.165209102173803 1.558748427186618e-06
8.742595410511196 5.195828090622045e-07
9.319981718848592 1.558748427186618e-06
9.897368027185985 2.5979140453110302e-06
10.474754335523379 3.46388539374803e-06
11.052140643860774 3.810273933122833e-06
11.62952695219817 3.4638853937480405e-06
12.206913260535563 3.4638853937480405e-06
12.784299568872957 2.078331236248818e-06
13.361685877210352 8.659713484370075e-07
13.939072185547747 1.0391656181244121e-06
14.51645849388514 5.195828090622061e-07
15.093844802222534 1.039165618124409e-06
15.67123111055993 2.771108314998424e-06
16.248617418897325 1.039165618124409e-06
16.82600372723472 1.7319426968740255e-06
17.403390035572112 8.659713484370075e-07
17.980776343909508 2.251525505936219e-06
18.558162652246903 1.3855541574992204e-06
19.135548960584295 2.771108314998424e-06
19.71293526892169 1.9051369665614164e-06
20.290321577259085 2.078331236248818e-06
20.86770788559648 2.078331236248818e-06
21.445094193933876 5.195828090622077e-07
22.022480502271268 1.731942696874015e-07
22.599866810608663 0.0
23.17725311894606 0.0
23.75463942728345 3.46388539374803e-07
24.332025735620846 2.771108314998424e-06
24.90941204395824 2.251525505936219e-06
25.486798352295637 1.9051369665614164e-06
26.064184660633032 1.7319426968740255e-06
26.641570968970424 8.659713484370075e-07
27.21895727730782 3.46388539374803e-07
27.796343585645214 0.0
28.373729893982606 0.0
28.95111620232 1.731942696874015e-07
29.528502510657397 3.46388539374803e-07
30.105888818994792 6.92777078749606e-07
30.683275127332188 5.195828090622077e-07
31.26066143566958 1.5587484271866132e-06
31.838047744006975 2.944302584685807e-06
32.415434052344374 2.0783312362488433e-06
32.99282036068176 1.9051369665614164e-06
33.57020666901916 2.944302584685825e-06
34.14759297735655 5.715410899684249e-06
34.72497928569395 1.1950404608430702e-05
35.30236559403134 1.1084433259993696e-05
35.87975190236874 6.23499370874653e-06
36.45713821070613 8.486519214682673e-06
37.03452451904352 7.1009650571834615e-06
37.61191082738092 5.022633820934643e-06
38.18929713571831 6.754576517808658e-06
38.76668344405571 1.056485045093149e-05
39.344069752393104 9.872073372181885e-06
39.9214560607305 6.061799439059052e-06
40.498842369067894 1.2816375956867711e-05
41.07622867740529 1.0911238990306428e-05
41.65361498574268 6.4081879784338555e-06
42.23100129408007 6.92777078749606e-06
42.80838760241747 1.2469987417492906e-05
43.385773910754864 1.541429000217873e-05
43.96316021909226 2.5632751913735422e-05
44.540546527429655 2.3727614947174005e-05
45.11793283576705 2.1302895171550645e-05
45.69531914410444 1.7839009777802354e-05
46.27270545244183 1.749262123842755e-05
46.85009176077923 1.8012204047489754e-05
47.427478069116624 1.6973038429365347e-05
48.00486437745402 1.8878175395926764e-05
48.582250685791415 2.459358629561101e-05
49.15963699412881 2.4766780565298412e-05
49.737023302466206 2.4766780565298412e-05
50.3144096108036 1.8878175395926994e-05
50.89179591914099 2.545955764404802e-05
51.469182227478385 2.4766780565298412e-05
52.04656853581578 2.5632751913735422e-05
52.623954844153175 2.9962608655920456e-05
53.20134115249057 2.4939974834985812e-05
53.778727460827966 2.909663730748345e-05
54.35611376916536 2.8057471689359385e-05
54.93350007750275 3.1001774274044866e-05
55.510886385840145 2.8577054498421246e-05
56.08827269417754 2.7018306071234632e-05
56.665659002514936 2.5113169104673215e-05
57.24304531085233 2.6845111801547232e-05
57.820431619189726 3.42924653981055e-05
58.39781792752712 3.6717185173729114e-05
58.97520423586452 4.243259607341336e-05
59.55259054420191 4.2259401803726484e-05
60.1299768525393 4.8321201242785017e-05
60.707363160876696 3.619760236466691e-05
61.28474946921409 4.1566624724976355e-05
61.86213577755149 4.035426483716454e-05
62.43952208588888 4.416453877028738e-05
63.01690839422628 4.3644955961225176e-05
63.59429470256367 3.8622322140290535e-05
64.17168101090107 3.49852424768551e-05
64.74906731923846 4.520370438841179e-05
65.32645362757586 5.542216629996848e-05
65.90383993591325 5.351702933340706e-05
66.48122624425065 5.957882877246611e-05
67.05861255258804 5.81932746149669e-05
67.63599886092544 4.7974812703410217e-05
68.21338516926284 4.225940180372596e-05
68.79077147760023 5.039953247903383e-05
69.36815778593763 4.8667589782159817e-05
69.94554409427502 5.091911528809604e-05
70.52293040261242 4.987994966997286e-05
71.1003167109498 4.745522989434801e-05
71.6777030192872 5.213147517590785e-05
72.25508932762459 5.646133191809289e-05
72.83247563596198 5.143869809715824e-05
73.40986194429938 5.4729389221218864e-05
73.98724825263677 5.1611892366845644e-05
74.56463456097417 6.771895944777397e-05
75.14202086931157 6.079118866027792e-05
75.71940717764896 6.789215371746139e-05
76.29679348598636 6.0617994390590526e-05
76.87417979432375 6.96240964143354e-05
77.45156610266115 7.04900677627724e-05
78.02895241099854 5.490258349090627e-05
78.60633871933594 5.81932746149669e-05
79.18372502767333 6.269632562683933e-05
79.76111133601073 6.823854225683619e-05
80.33849764434812 6.252313135715348e-05
80.9158839526855 6.165716000871492e-05
81.4932702610229 5.992521731184091e-05
82.0706565693603 5.6980914727155085e-05
82.64804287769769 6.165716000871492e-05
83.22542918603509 6.616021102058737e-05
83.80281549437248 6.667979382964957e-05
84.38020180270988 6.408187978433855e-05
84.95758811104727 6.304271416621413e-05
85.53497441938467 5.957882877246611e-05
86.11236072772206 4.6242870006536196e-05
86.68974703605946 5.3690223603094464e-05
87.26713334439685 7.256839899902123e-05
87.84451965273425 6.702618236902437e-05
88.42190596107164 6.252313135715195e-05
88.99929226940904 7.083645630214895e-05
89.57667857774642 7.932297551682988e-05
90.15406488608382 7.585909012308186e-05
90.73145119442121 7.152923338089681e-05
91.3088375027586 6.841173652652359e-05
91.886223811096 6.546743394183776e-05
92.4636101194334 6.356229697527635e-05
93.04099642777079 5.282425225465745e-05
93.61838273610819 5.957882877246611e-05
94.19576904444558 7.343437034745823e-05
94.77315535278298 6.9450902144648e-05
95.35054166112037 7.135603911120941e-05
95.92792796945777 6.97972906840228e-05
96.50531427779516 7.447353596558264e-05
97.08270058613256 7.395395315652044e-05
97.66008689446996 8.157450102276611e-05
98.23747320280735 7.378075888683303e-05
98.81485951114475 6.165716000871645e-05
99.39224581948213 7.204881618995901e-05
99.96963212781952 7.274159326870863e-05
100.54701843615692 7.533950731401964e-05
101.12440474449431 6.789215371746139e-05
101.70179105283171 7.776422708964327e-05
102.2791773611691 8.399922079838972e-05
102.8565636695065 8.521158068620154e-05
103.4339499778439 8.05353354046417e-05
104.01133628618129 8.05353354046417e-05
104.58872259451869 8.573116349526374e-05
105.16610890285608 7.776422708964327e-05
105.74349521119348 8.573116349526374e-05
106.32088151953087 7.828380989870548e-05
106.89826782786827 8.001575259557948e-05
107.47565413620566 6.667979382965121e-05
108.05304044454304 7.04900677627724e-05
108.63042675288044 7.04900677627724e-05
109.20781306121783 7.637867293214406e-05
109.78519936955523 9.47372655190086e-05
110.36258567789262 8.711671765276295e-05
110.93997198623002 9.594962540682043e-05
111.51735829456742 0.00010322378473369129
112.09474460290481 8.451880360745192e-05
112.6721309112422 8.590435776495114e-05
113.2495172195796 9.023421450713618e-05
113.826903527917 0.0001065144758577519
114.40428983625439 9.300532282213459e-05
114.98167614459179 8.815588327088735e-05
115.55906245292918 9.127338012526059e-05
116.13644876126658 9.023421450713618e-05
116.71383506960397 8.590435776495114e-05
117.29122137794137 8.607755203464065e-05
117.86860768627875 9.127338012526059e-05
118.44599399461615 8.780949473151255e-05
119.02338030295354 0.00010408975608212829
119.60076661129094 0.00010460933889119052
120.17815291962833 0.00010720725293650153
120.75553922796573 9.975989933994325e-05
121.33292553630312 9.4044488440259e-05
121.91031184464052 9.075379731619838e-05
122.48769815297791 9.629601394619523e-05
123.06508446131531 0.00010408975608212829
123.6424707696527 0.00011153710967868656
124.2198570779901 0.00011205669248774877
124.7972433863275 0.00010755364147587632
125.37462969466489 0.0001051289217002527
125.95201600300229 0.00011292266383618855
126.52940231133967 0.00011222988675743616
127.10678861967706 9.283212855244719e-05
127.68417492801446 0.00010755364147587897
128.26156123635184 9.837434518244403e-05
128.83894754468923 0.00011067113833024956
129.41633385302663 0.00011794529765712041
129.99372016136402 0.0001167329377693086
130.57110646970142 0.00012054321170243142
131.14849277803881 0.00011829168619649522
131.7258790863762 0.0001269513996808653
132.3032653947136 0.00014288527249210623
132.880651703051 0.00013665027878335977
133.4580380113884 0.00013474514181679835
134.0354243197258 0.00014704193496460386
134.6128106280632 0.00013335958765929915
135.19019693640058 0.00011846488046618262
135.76758324473798 0.00013093486788367552
136.34496955307537 0.00012851014810805192
136.92235586141277 0.00013110806215336292
137.49974216975016 0.00013457194754711095
138.07712847808756 0.0001501594318189771
138.65451478642495 0.00014634915788585426
139.23190109476235 0.00015379651148241254
139.80928740309975 0.0001486006833917978
140.3866737114371 0.00014894707193116528
140.9640600197745 0.0001522377630552259
141.5414463281119 0.00015604803698834874
142.1188326364493 0.00016574691609084322
142.6962189447867 0.00017094274418146528
143.2736052531241 0.00018254676025052118
143.85099156146148 0.00019345799924082747
144.42837786979888 0.00020211771272519755
145.00576417813627 0.00019207244508332824
145.58315048647367 0.00017925606912646053
146.16053679481107 0.00018912814249864244
146.73792310314846 0.00020540840384925818
147.31530941148586 0.00020211771272519755
147.89269571982325 0.00020107854710707312
148.47008202816065 0.00022861643598736997
149.04746833649804 0.00023623698385361562
149.62485464483544 0.0002253257448633093
150.20224095317283 0.00021839797407581328
150.77962726151023 0.00024732141711360933
151.35701356984762 0.00024229878329267468
151.93439987818502 0.0002447235030682983
152.51178618652241 0.0002535564108223558
153.0891724948598 0.00025043891396798253
153.6665588031972 0.00025130488531641956
154.2439451115346 0.0002461090572257975
154.821331419872 0.000253210022282981
155.3987177282094 0.00024558947441673533
155.9761040365468 0.00025944501599172744
156.55349034488418 0.00029824053240170537
157.13087665322158 0.0003055146917285762
157.70826296155897 0.0002940838699292077
158.28564926989637 0.00029668178397451874
158.86303557823376 0.0002767644429604812
159.44042188657113 0.0002810942997026526
160.01780819490853 0.00033409174622699747
160.59519450324592 0.0003256052270123148
161.17258081158332 0.0003155599593704455
161.7499671199207 0.00034465659667792895
162.3273534282581 0.00036630588038885414
162.9047397365955 0.0003820665589304077
163.4821260449329 0.00039020668960571556
164.0595123532703 0.0003931509921904014
164.6368986616077 0.0004485731584903699
165.21428496994508 0.0004586184261322392
165.79167127828248 0.00048632950928222335
166.36905758661987 0.0005325723792887596
166.94644389495727 0.0006101634121087155
167.52383020329466 0.0006614289159361862
168.10121651163206 0.0006758040403202406
168.67860281996946 0.000696240964143354
169.25598912830685 0.0007206613561692776
169.83337543664425 0.0008100295993279768
170.41076174498164 0.0009672899962041373
170.98814805331904 0.0010289471562128522
171.56553436165643 0.0011661170178052741
172.14292066999383 0.001273497465011463
172.72030697833122 0.0014245228681788772
173.29769328666862 0.001505924174931956
173.875079595006 0.0015772802140431653
174.4524659033434 0.0017541115633940023
175.0298522116808 0.0019380438778020227
175.6072385200182 0.002169951004913453
176.1846248283556 0.002338642223588982
176.762011136693 0.0026735999411645482
177.33939744503036 0.0029228264952445874
177.91678375336775 0.003266443926304392
178.49417006170515 0.003576288474775153
179.07155637004254 0.0042074083935160446
179.64894267837994 0.004639354902116424
180.22632898671733 0.005346160716710709
180.80371529505473 0.005743121982834234
181.38110160339212 0.006339083464828582
181.95848791172952 0.006678890621955263
182.53587422006692 0.00691443482873013
183.1132605284043 0.007132140025727193
183.6906468367417 0.007379981025649865
184.2680331450791 0.007509183950836667
184.8454194534165 0.007489093415552928
185.4228057617539 0.00752563740645697
186.0001920700913 0.0075517897411797675
186.57757837842868 0.007659170188385955
187.15496468676608 0.007290612782491166
187.73235099510347 0.007280740709118983
188.30973730344087 0.006866979598835782
188.88712361177826 0.006833379910516426
189.46450992011566 0.00659385223553875
190.04189622845306 0.006494265530468494
190.61928253679045 0.006152553236375251
191.19666884512785 0.006035993492875629
191.77405515346524 0.005692029673276451
192.35144146180264 0.005601968653039001
192.92882777014003 0.005316371302324476
193.50621407847743 0.005301996177940422
194.08360038681482 0.005004621616887153
194.66098669515222 0.005006180365314339
195.2383730034896 0.004754702285728233
195.815759311827 0.004681787498190068
196.39314562016438 0.004352371997244399
196.97053192850177 0.004219878380933537
197.54791823683917 0.00394779018325463
198.12530454517656 0.003914710077744336
198.70269085351396 0.003563125710278911
199.28007716185135 0.0034536669318364728
199.85746347018875 0.003219854667758481
200.43484977852614 0.0031140329689794788
201.01223608686354 0.003033151245035462
201.58962239520093 0.00287467848827149
202.16700870353833 0.002692824505099718
202.74439501187572 0.002596874879692898
203.32178132021312 0.0023848850935955187
203.89916762855052 0.0023571740104455343
204.4765539368879 0.0022260659482921715
205.0539402452253 0.0021592129601928343
205.6313265535627 0.002079197207597255
206.2087128619001 0.0020933991377116217
206.7860991702375 0.002044731547929462
207.3634854785749 0.002056508758268205
207.94087178691228 0.0020859517841150636
208.51825809524968 0.0020591066723135163
209.09564440358707 0.002059279866583204
209.67303071192447 0.002056508758268205
210.25041702026186 0.0020199647673641635
210.82780332859926 0.002024814206915411
211.40518963693665 0.001998315483653238
211.98257594527405 0.0020151153278129166
212.55996225361145 0.0019544973334223257
213.13734856194884 0.0019236687534179683
213.71473487028624 0.0018872979567837068
214.2921211786236 0.0018753475521751833
214.869507486961 0.0018452117492495756
215.4468937952984 0.0017942926339614795
216.0242801036358 0.001801393599018663
216.60166641197318 0.001756536283169626
217.17905272031058 0.0017516868436183788
217.75643902864797 0.0017352333879980754
218.33382533698537 0.0016844874669796667
218.91121164532277 0.0016683803998987386
219.48859795366016 0.0016176344788803299
220.06598426199756 0.0016295848834887606
220.64337057033495 0.0015864595103365978
221.22075687867235 0.0016392837625912552
221.79814318700974 0.0016592011036053063
222.37552949534714 0.0016990357856334086
222.95291580368453 0.001716355212602149
223.53030211202193 0.001729864365637766
224.10768842035932 0.0018249480196961497
224.68507472869672 0.0018611456220608165
225.26246103703411 0.0018904154536379873
225.8398473453715 0.001964369406794508
226.4172336537089 0.0019880970217416817
226.9946199620463 0.001987404244662932
227.5720062703837 0.0020265461496122845
228.1493925787211 0.00204022849691759
228.7267788870585 0.002021003932982288
229.30416519539588 0.0020028185346651108
229.88155150373328 0.002001606174777299
230.45893781207067 0.0019818620280329354
231.03632412040807 0.002006628808598234
231.61371042874546 0.00199554437533824
232.19109673708286 0.0019396026262292092
232.76848304542025 0.0019740682858970997
233.34586935375762 0.0019422005402745203
233.92325566209502 0.0019662745437610692
234.5006419704324 0.0019150090399335982
235.0780282787698 0.0019480891454438918
235.6554145871072 0.0019496478938710784
236.2328008954446 0.0019596931615129477
236.810187203782 0.0020126906080372925
237.3875735121194 0.0020220430986004124
237.96495982045678 0.0020914940007450604
238.54234612879418 0.002099634131420368
239.11973243713157 0.0021708169762618902
239.69711874546897 0.0021921198714334404
240.27450505380637 0.0022802757547043277
240.85189136214376 0.002273001595377457
241.42927767048116 0.0022684985443655846
242.00666397881855 0.002367046083817716
242.58405028715595 0.002358386370333346
243.16143659549334 0.002381248013932083
243.73882290383074 0.0023757057973020864
244.31620921216813 0.002406361183036756
244.89359552050553 0.002457626686864227
245.47098182884292 0.0024768512507995287
246.04836813718032 0.0025158199614791943
246.6257544455177 0.0024745997252935926
247.2031407538551 0.0024952098433863932
247.7805270621925 0.002539893964965743
248.3579133705299 0.0025778235100272838
248.9352996788673 0.002619736523291635
249.5126859872047 0.002649525937677868
250.0900722955421 0.0026815668775700373
250.66745860387948 0.0027489394484785717
251.24484491221685 0.0027763041430890457
251.82223122055424 0.0028331118635465135
252.39961752889164 0.002842464354109633
252.97700383722903 0.002929407877492709
253.55439014556643 0.00295867770906988
254.13177645390383 0.0029829249068261156
254.70916276224122 0.0030405985986320205
255.28654907057862 0.003120094768418538
255.863935378916 0.0031088371408887036
256.44132168725343 0.0031427832177475874
257.01870799559083 0.0031467666859503977
257.5960943039282 0.0032593429612472087
258.1734806122656 0.0032854952959700066
258.750866920603 0.003326195949346545
259.3282532289404 0.0033410906565396626
259.9056395372778 0.0033921829660974456
260.4830258456152 0.0034276877913833625
261.0604121539526 0.003449683463633663
261.63779846229 0.0034919428654373885
262.2151847706274 0.0035137653434180014
262.7925710789648 0.0034697739989174013
263.3699573873022 0.0035799255544385887
263.9473436956396 0.003636213692086994
264.52473000397697 0.003602787198037326
265.10211631231437 0.0035891048507320205
265.67950262065176 0.0036100613573641967
266.25688892898916 0.0036452197941107393
266.83427523732655 0.003642795074335115
267.41166154566395 0.003687479195914465
267.98904785400134 0.0036434878514138656
268.56643416233874 0.003640197160289805
269.14382047067613 0.0037067037598497664
269.7212067790135 0.003669293797597288
270.2985930873509 0.0036691206033276007
270.8759793956883 0.0037034130687257057
271.4533657040257 0.00370046876614102
272.0307520123631 0.0036956193265897733
272.6081383207005 0.0037226376326610073
273.1855246290379 0.003676221568384784
273.7629109373753 0.0036640979695066658
274.3402972457127 0.003708608896816328
274.9176835540501 0.0036732772658000985
275.4950698623875 0.0036604608898432307
276.0724561707249 0.003644353822762302
276.6498424790623 0.003630671475456998
277.22722878739967 0.003646432153998551
277.80461509573706 0.003660807278382605
278.38200140407446 0.00357663486331488
278.9593877124118 0.003584428605450461
279.5367740207492 0.003628939532760123
280.1141603290866 0.003614044825567007
280.691546637424 0.0035871997137654596
281.2689329457614 0.0036097149688248216
281.8463192540988 0.0035967253985982666
282.42370556243617 0.003632576612423559
283.00109187077356 0.0035613937675820365
283.57847817911096 0.0036062510834310737
284.15586448744835 0.0036265148129844996
284.73325079578575 0.0036256488416360625
285.31063710412315 0.0036005356725313897
285.88802341246054 0.003644873405571364
286.46540972079794 0.003613525242757945
287.04279602913533 0.0036228777333210645
287.6201823374727 0.00366513713512479
288.1975686458101 0.003686959613105403
288.7749549541475 0.0036677350491701012
289.3523412624849 0.0037295654034485036
289.9297275708223 0.0036919822469263374
290.5071138791597 0.0037633382860375467
291.0845001874971 0.0037577960694075503
291.6618864958345 0.003832269605373133
292.2392728041719 0.0038158161497528296
292.8166591125093 0.0038284593314400098
293.3940454208467 0.003915229660553398
293.9714317291841 0.003928912007858702
294.54881803752147 0.003949695320221191
295.12620434585887 0.004001999989666786
295.70359065419626 0.003993859858991478
296.28097696253366 0.004042181060234263
296.85836327087105 0.0040712776975417465
297.43574957920845 0.004141940959574207
298.01313588754584 0.004135186383056397
298.59052219588324 0.004190262160816992
299.16790850422063 0.004309939401170986
299.74529481255803 0.0043579142138743966
300.3226811208954 0.004335052570275659
300.9000674292328 0.004400866392756872
301.4774537375702 0.004415068322871239
302.0548400459076 0.004485904779173386
302.632226354245 0.004498201572321192
303.2096126625824 0.00453959500277648
303.7869989709198 0.004612509790314877
304.3643852792572 0.004637276570880175
304.9417715875946 0.004688542074707646
305.519157895932 0.0047332261962869954
306.0965442042694 0.004743791046737927
306.6739305126068 0.0048660662011372315
307.25131682094417 0.00486554661832817
307.82870312928156 0.004878536188554725
308.40608943761896 0.0049654797119378005
308.98347574595635 0.004992671212278723
309.56086205429375 0.005040472830712446
310.13824836263115 0.00505883142329931
310.71563467096854 0.0051424842555583255
311.29302097930594 0.0051409255071311385
311.87040728764333 0.005133997736343643
312.4477935959807 0.005239299852313582
313.0251799043181 0.005327282541314782
313.6025662126555 0.005313080611200415
314.1799525209929 0.005338540168844463
314.7573388293303 0.005347546270868208
315.3347251376677 0.005409203430876923
315.9121114460051 0.005401063300202147
316.48949775434244 0.005518662209319361
317.06688406267983 0.005473112116391574
317.6442703710172 0.005560575222583713
318.2216566793546 0.005542909407075597
318.799042987692 0.005616516971692743
319.3764292960294 0.005634009592931171
319.9538156043668 0.005686141068107079
320.5312019127042 0.005702074940918319
321.1085882210416 0.00582937272913856
321.685974529379 0.005841149939477303
322.2633608377164 0.005817941907339191
322.8407471460538 0.005918740972297258
323.4181334543912 0.00601798128882814
323.9955197627286 0.00599598561657784
324.572906071066 0.006086739413894038
325.15029237940337 0.006093147601872471
325.72767868774076 0.00611860715951652
326.30506499607816 0.0061840745934583575
326.88245130441555 0.006305137387969851
327.45983761275295 0.006274482002235181
328.03722392109034 0.00636921926775419
328.61461022942774 0.0064151157492213515
329.19199653776514 0.006499288164289428
329.76938284610253 0.006519378699573167
330.3467691544399 0.0065654483753100155
330.9241554627773 0.006641827048242159
331.5015417711147 0.006681315341730888
332.0789280794521 0.006746955969942412
332.6563143877895 0.006867325987375157
333.2337006961269 0.006915647188617941
333.8110870044643 0.006888802076816395
334.3884733128017 0.007014194728070073
334.9658596211391 0.007101831028531898
335.5432459294765 0.007204188841917152
336.1206322378139 0.0072523368488902505
336.6980185461513 0.0072391740843940075
337.27540485448867 0.007387081990707049
337.85279116282607 0.007417564182172031
338.43017747116346 0.007463287469369505
339.00756377950086 0.007531699205896029
339.58495008783825 0.007650164086362212
340.16233639617565 0.00765484033164377
340.73972270451304 0.007780059788627763
341.31710901285044 0.007836694314815542
341.89449532118783 0.007921386312692682
342.4718816295252 0.007916536873141434
343.0492679378626 0.008056997425857916
343.6266542462 0.00814203581227443
344.2040405545374 0.008157623296546297
344.7814268628748 0.008293580798250908
345.3588131712122 0.008381909875791483
345.9361994795496 0.008403732353772096
346.513585787887 0.008451707166475506
347.0909720962244 0.00851804057176578
347.6683584045618 0.008599268684249171
348.2457447128992 0.008695218309655993
348.8231310212366 0.008825633594730606
349.400517329574 0.008768825874273137
349.97790363791137 0.00890599573586556
350.55528994624876 0.008998827864418007
351.13267625458616 0.009017013262735183
351.71006256292355 0.009069491126450467
352.28744887126095 0.009133573006235704
352.8648351795983 0.009185531287141025
353.4422214879357 0.009242858590407554
354.0196077962731 0.009303130196258771
354.5969941046105 0.00926849134232129
355.17438041294787 0.009297761173898461
355.75176672128526 0.009362882219300924
356.32915302962266 0.009380374840539352
356.90653933796006 0.009377950120763728
357.48392564629745 0.00944445672032369
358.06131195463485 0.009482039876845857
358.63869826297224 0.009398213850317154
359.21608457130964 0.009404622038295589
359.79347087964703 0.009340020575702188
360.3708571879844 0.00931975684614876
360.9482434963218 0.009229522631641627
361.5256298046592 0.009202677519840078
362.1030161129966 0.009113482470951067
362.680402421334 0.008992073287900198
363.2577887296714 0.00886997132777058
363.8351750380088 0.008762244492025015
364.4125613463462 0.008625767407511344
364.9899476546836 0.00852133126288984
365.567333963021 0.00836407086601368
366.1447202713584 0.008142728589353181
366.7221065796958 0.008036733696304492
367.29949288803317 0.007794954495820879
367.87687919637057 0.007581232767026626
368.45426550470796 0.007413234325429845
369.03165181304536 0.007217871189222457
369.60903812138275 0.006978343514244781
370.18642442972015 0.006744531250166788
370.76381073805754 0.006488550119568809
371.34119704639494 0.006334926802356085
371.91858335473233 0.005996505199386902
372.49596966306973 0.005770833065984218
373.0733559714071 0.005534596082130602
373.6507422797445 0.005293856047265114
374.2281285880819 0.005040646024982133
374.8055148964193 0.00479886682449852
375.3829012047567 0.004619091172562998
375.9602875130941 0.0043329742390394105
376.5376738214315 0.004127565835190153
377.1150601297689 0.0038473375068359367
377.6924464381063 0.003645566182650114
378.2698327464437 0.0034728914957717744
378.8472190547811 0.003218988696410044
379.4246053631185 0.003039905821553271
380.00199167145587 0.0028322458921980764
380.57937797979326 0.002685723540042535
381.15676428813066 0.002502137614173889
381.73415059646806 0.0023154341914508707
382.31153690480545 0.0021671798965984547
382.88892321314285 0.002002298951856049
383.46630952148024 0.0018694589470058115
384.04369582981764 0.0016805039987768567
384.62108213815503 0.0015734699401100424
385.1984684464924 0.0014544854768347977
385.7758547548298 0.001298437439846449
386.3532410631672 0.0012194608528689939
386.9306273715046 0.0011084433259993696
387.508013679842 0.0010003701017144311
388.0853999881794 0.0009144657439494799
388.6627862965168 0.0008595631604585737
389.2401726048542 0.000752355907522072
389.8175589131916 0.0006742452918931203
390.3949452215289 0.0006061799439059052
390.9723315298663 0.0005594174910903068
391.5497178382037 0.0004972407482725297
392.1271041465411 0.0004416453877028738
392.7044904548785 0.00040233028848383367
393.2818767632159 0.0003758315652216612
393.8592630715533 0.00033097424937262427
394.4366493798907 0.0002887148475688983
395.0140356882281 0.0002478409999226715
395.5914219965655 0.0002244597735148723
396.1688083049029 0.00019761466171332512
396.7461946132403 0.00016453455620303142
397.3235809215777 0.00014600276934647946
397.90096722991507 0.00012972250799586372
398.47835353825246 0.00011759890911774562
399.05573984658986 0.00010668767012743932
399.63312615492725 9.491045978869602e-05
400.21051246326465 7.481992450495744e-05
400.78789877160204 6.460146259340076e-05
401.36528507993944 6.079118866027792e-05
401.94267138827684 5.4036612142469264e-05
402.52005769661423 4.901397832153462e-05
403.0974440049516 3.49852424768551e-05
403.674830313289 3.169455135279447e-05
404.2522166216264 3.082858000435746e-05
404.8296029299638 2.3727614947174005e-05
405.4069892383012 2.2688449329049595e-05
405.9843755466386 2.0263729553425974e-05
406.561761854976 1.5933872811240937e-05
407.1391481633134 1.714623269905275e-05
407.7165344716508 1.5067901462803928e-05
408.2939207799882 9.872073372181885e-06
408.8713070883256 1.1604016069055899e-05
409.448693396663 1.0045267641869285e-05
410.02607970500037 8.313324944995272e-06
410.60346601333777 7.1009650571834615e-06
411.18085232167516 7.620547866245666e-06
411.75823863001256 6.4081879784338555e-06
412.33562493834995 8.14013067530787e-06
412.91301124668735 4.156662472497636e-06
413.49039755502474 3.637079663435431e-06
414.06778386336214 5.542216629996848e-06
414.64517017169953 5.715410899684249e-06
415.2225564800369 5.022633820934643e-06
415.7999427883743 2.424719775623621e-06
416.3773290967117 5.022633820934643e-06
416.9547154050491 2.424719775623621e-06
417.5321017133865 3.983468202810234e-06
418.1094880217239 4.503051011872438e-06
418.6868743300613 4.156662472497636e-06
419.2642606383987 5.022633820934643e-06
419.8416469467361 2.597914045311022e-06
420.4190332550735 3.2906911240606286e-06
420.9964195634109 2.944302584685825e-06
421.5738058717483 3.637079663435431e-06
422.1511921800857 3.46388539374803e-06
422.72857848842307 3.637079663435431e-06
423.30596479676046 3.2906911240606286e-06
423.88335110509786 4.3298567421850376e-06
424.46073741343525 2.597914045311022e-06
425.03812372177265 3.1174968543732265e-06
425.61551003011004 3.983468202810234e-06
426.19289633844744 4.503051011872882e-06
426.7702826467848 3.810273933122833e-06
427.3476689551222 4.3298567421850376e-06
427.92505526345957 3.2906911240606286e-06
428.50244157179696 4.3298567421850376e-06
429.07982788013436 4.3298567421850376e-06
429.65721418847176 4.849439551247242e-06
430.23460049680915 3.637079663435431e-06
430.81198680514655 2.944302584685825e-06
431.38937311348394 4.849439551247242e-06
431.96675942182134 3.637079663435431e-06
432.54414573015873 4.3298567421850376e-06
433.1215320384961 3.2906911240606286e-06
433.6989183468335 3.637079663435431e-06
434.2763046551709 3.637079663435431e-06
434.8536909635083 3.637079663435431e-06
435.4310772718457 3.810273933122833e-06
436.0084635801831 3.46388539374803e-06
436.5858498885205 4.849439551247242e-06
437.1632361968579 2.944302584685825e-06
437.7406225051953 3.810273933122833e-06
438.3180088135327 6.061799439059052e-06
438.8953951218701 2.078331236248818e-06
439.4727814302075 3.46388539374803e-06
440.05016773854487 2.597914045311022e-06
440.62755404688227 3.1174968543732265e-06
441.20494035521966 4.156662472497636e-06
441.78232666355706 3.983468202810234e-06
442.35971297189445 3.1174968543732265e-06
442.93709928023185 4.156662472497636e-06
443.51448558856924 3.810273933122833e-06
444.09187189690664 3.810273933122833e-06
444.66925820524403 3.637079663435431e-06
445.24664451358143 4.503051011872438e-06
445.8240308219188 3.46388539374803e-06
446.4014171302562 4.67624528155984e-06
446.9788034385936 2.597914045311022e-06
447.556189746931 3.1174968543732265e-06
448.1335760552684 3.983468202810234e-06
448.7109623636058 1.9051369665614164e-06
449.2883486719432 4.503051011872438e-06
449.8657349802806 3.46388539374803e-06
450.443121288618 2.424719775623621e-06
451.0205075969554 4.156662472497636e-06
451.5978939052928 3.637079663435431e-06
452.1752802136302 3.2906911240606286e-06
452.75266652196757 3.2906911240606286e-06
453.33005283030496 3.810273933122833e-06
453.90743913864236 3.46388539374803e-06
454.48482544697976 2.597914045311022e-06
455.06221175531715 2.944302584685825e-06
455.63959806365455 3.637079663435431e-06
456.21698437199194 3.637079663435431e-06
456.79437068032934 4.156662472497636e-06
457.37175698866673 2.944302584685825e-06
457.9491432970041 2.251525505936219e-06
458.5265296053415 4.156662472497636e-06
459.1039159136789 3.2906911240606286e-06
459.6813022220163 3.637079663435431e-06
460.2586885303537 2.944302584685825e-06
460.8360748386911 3.810273933122833e-06
461.4134611470285 3.2906911240606286e-06
461.9908474553659 3.2906911240606286e-06
462.5682337637033 3.983468202810234e-06
463.1456200720407 4.3298567421850376e-06
463.7230063803781 3.1174968543735335e-06
464.3003926887154 4.849439551247242e-06
464.8777789970528 3.46388539374803e-06
465.4551653053902 5.542216629996848e-06
466.0325516137276 2.597914045311022e-06
466.609937922065 2.771108314998424e-06
467.1873242304024 3.2906911240606286e-06
467.7647105387398 2.944302584685825e-06
468.3420968470772 3.637079663435431e-06
468.9194831554146 3.46388539374803e-06
469.496869463752 2.424719775623621e-06
470.0742557720894 2.944302584685825e-06
470.65164208042677 4.156662472497636e-06
471.22902838876416 2.424719775623621e-06
471.80641469710156 4.503051011872438e-06
472.38380100543895 3.983468202810234e-06
472.96118731377635 3.810273933122833e-06
473.53857362211374 4.3298567421850376e-06
474.11595993045114 4.156662472497636e-06
474.69334623878854 4.849439551247242e-06
475.27073254712593 4.67624528155984e-06
475.8481188554633 3.46388539374803e-06
476.4255051638007 5.195828090622044e-06
477.0028914721381 5.542216629996848e-06
477.5802777804755 6.061799439059052e-06
478.1576640888129 3.983468202810234e-06
478.7350503971503 4.849439551247242e-06
479.3124367054877 2.597914045311022e-06
479.8898230138251 4.67624528155984e-06
480.4672093221625 5.195828090622044e-06
481.0445956304999 4.503051011872438e-06
481.6219819388373 5.195828090622044e-06
482.1993682471747 4.503051011872438e-06
482.77675455551207 3.810273933122833e-06
483.35414086384947 6.581382248121257e-06
483.93152717218686 4.3298567421850376e-06
484.50891348052426 4.156662472497636e-06
485.08629978886165 3.46388539374803e-06
485.66368609719905 4.849439551247242e-06
486.24107240553644 3.810273933122833e-06
486.81845871387384 3.1174968543732265e-06
487.39584502221123 4.3298567421850376e-06
487.97323133054863 4.156662472497636e-06
488.550617638886 3.637079663435431e-06
489.1280039472234 3.983468202810234e-06
489.7053902555608 3.637079663435431e-06
490.2827765638982 5.195828090622044e-06
490.8601628722356 5.369022360309446e-06
491.437549180573 3.810273933122833e-06
492.0149354889104 3.983468202810234e-06
492.5923217972478 4.3298567421850376e-06
493.1697081055852 4.3298567421850376e-06
493.7470944139226 4.503051011872438e-06
494.32448072226 3.637079663435431e-06
494.9018670305974 3.2906911240606286e-06
495.47925333893477 2.944302584685825e-06
496.05663964727216 4.503051011872438e-06
496.63402595560956 3.983468202810234e-06
497.21141226394695 4.503051011872438e-06
497.78879857228435 5.195828090622044e-06
498.36618488062174 3.983468202810234e-06
498.94357118895914 3.810273933122833e-06
499.52095749729654 5.542216629996848e-06
500.09834380563393 4.503051011872882e-06
500.67573011397127 4.156662472497636e-06
501.25311642230866 3.983468202810234e-06
501.83050273064606 3.1174968543732265e-06
502.40788903898346 4.67624528155984e-06
502.98527534732085 3.637079663435431e-06
503.56266165565825 2.771108314998424e-06
504.14004796399564 4.67624528155984e-06
504.71743427233304 4.67624528155984e-06
505.29482058067043 3.46388539374803e-06
505.8722068890078 3.983468202810234e-06
506.4495931973452 1.9051369665614164e-06
507.0269795056826 3.46388539374803e-06
507.60436581402 3.2906911240606286e-06
508.1817521223574 3.46388539374803e-06
508.7591384306948 3.637079663435431e-06
509.3365247390322 2.424719775623621e-06
509.9139110473696 2.251525505936219e-06
510.491297355707 2.771108314998424e-06
511.0686836640444 2.771108314998424e-06
511.6460699723818 1.3855541574993483e-06
512.2234562807191 2.424719775623621e-06
512.8008425890565 2.597914045311022e-06
513.3782288973939 2.771108314998424e-06
513.9556152057313 2.424719775623621e-06
514.5330015140687 3.810273933122833e-06
515.1103878224061 2.078331236248818e-06
515.6877741307435 2.771108314998424e-06
516.2651604390809 1.731942696874015e-06
516.8425467474183 1.5587484271866132e-06
517.4199330557557 1.385554157499212e-06
517.9973193640931 1.731942696874015e-06
518.5747056724305 2.078331236248818e-06
519.1520919807679 2.771108314998424e-06
519.7294782891053 2.424719775623621e-06
520.3068645974427 1.9051369665614164e-06
520.88425090578 2.597914045311022e-06
521.4616372141174 2.424719775623621e-06
522.0390235224548 2.078331236248818e-06
522.6164098307922 1.9051369665614164e-06
523.1937961391296 1.731942696874015e-06
523.771182447467 1.5587484271866132e-06
524.3485687558044 1.5587484271866132e-06
524.9259550641418 1.2123598878118105e-06
525.5033413724792 1.9051369665614164e-06
526.0807276808166 1.5587484271866132e-06
526.658113989154 1.9051369665614164e-06
527.2355002974914 1.039165618124409e-06
527.8128866058288 2.078331236248818e-06
528.3902729141662 2.597914045311022e-06
528.9676592225036 2.251525505936219e-06
529.545045530841 5.195828090622045e-07
530.1224318391784 1.5587484271866132e-06
530.6998181475158 1.731942696874015e-06
531.2772044558532 1.731942696874015e-06
531.8545907641906 2.424719775623621e-06
532.431977072528 1.385554157499212e-06
533.0093633808654 2.078331236248818e-06
533.5867496892027 2.251525505936219e-06
534.1641359975401 1.9051369665614164e-06
534.7415223058775 1.2123598878118105e-06
535.3189086142149 1.731942696874015e-06
535.8962949225523 1.5587484271866132e-06
536.4736812308897 1.385554157499212e-06
537.0510675392271 5.195828090622045e-07
537.6284538475645 1.2123598878118105e-06
538.2058401559019 1.385554157499212e-06
538.7832264642393 1.731942696874015e-06
539.3606127725767 1.2123598878118105e-06
539.9379990809141 1.5587484271866132e-06
540.5153853892515 8.659713484370075e-07
541.0927716975889 6.92777078749606e-07
541.6701580059263 2.078331236248818e-06
542.2475443142637 8.659713484370075e-07
542.8249306226011 1.2123598878118105e-06
543.4023169309385 1.2123598878118105e-06
543.9797032392759 1.5587484271866132e-06
544.5570895476133 8.659713484370075e-07
545.1344758559507 1.039165618124409e-06
545.711862164288 1.385554157499212e-06
546.2892484726254 8.659713484370075e-07
546.8666347809628 1.2123598878118105e-06
547.4440210893002 1.2123598878118105e-06
548.0214073976376 1.039165618124409e-06
548.598793705975 1.2123598878118105e-06
549.1761800143124 1.039165618124409e-06
549.7535663226498 1.039165618124409e-06
550.3309526309872 3.46388539374803e-07
550.9083389393246 5.195828090622045e-07
551.485725247662 3.46388539374803e-07
552.0631115559994 5.195828090622045e-07
552.6404978643368 6.92777078749606e-07
553.2178841726742 6.92777078749606e-07
553.7952704810116 1.385554157499212e-06
554.372656789349 5.195828090622045e-07
554.9500430976864 1.039165618124409e-06
555.5274294060238 8.65971348437178e-07
556.104815714361 1.731942696874015e-07
556.6822020226984 1.2123598878118105e-06
557.2595883310358 5.195828090622045e-07
557.8369746393732 8.659713484370075e-07
558.4143609477106 5.195828090622045e-07
558.991747256048 1.039165618124409e-06
559.5691335643854 8.659713484370075e-07
560.1465198727228 3.46388539374803e-07
560.7239061810602 6.92777078749606e-07
561.3012924893976 5.195828090622045e-07
561.878678797735 8.659713484370075e-07
562.4560651060724 1.731942696874015e-07
563.0334514144098 5.195828090622045e-07
563.6108377227472 5.195828090622045e-07
564.1882240310846 5.195828090622045e-07
564.765610339422 3.46388539374803e-07
565.3429966477594 5.195828090622045e-07
565.9203829560968 3.46388539374803e-07
566.4977692644342 1.731942696874015e-07
567.0751555727716 3.46388539374803e-07
567.652541881109 3.46388539374803e-07
568.2299281894464 1.731942696874015e-07
568.8073144977838 0.0
569.3847008061211 0.0
569.9620871144585 1.731942696874015e-07
570.5394734227959 3.46388539374803e-07
571.1168597311333 1.731942696874015e-07
571.6942460394707 0.0
572.2716323478081 1.731942696874015e-07
572.8490186561455 1.731942696874015e-07
573.4264049644829 0.0
574.0037912728203 1.731942696874015e-07
574.5811775811577 0.0
575.1585638894951 0.0
575.7359501978325 1.731942696874015e-07
576.3133365061699 0.0
576.8907228145073 0.0
577.4681091228447 1.731942696874015e-07
578.0454954311821 0.0
578.6228817395195 0.0
579.2002680478569 1.731942696874015e-07
