0.7479995133641495 2.1339192614573016e-06
1.169758675604135 1.4226128409715344e-06
1.5915178378441204 1.1855107008096114e-06
2.013277000084106 9.484085606476901e-07
2.4350361623240913 7.113064204857668e-07
2.856795324564077 2.6081235417811454e-06
3.2785544868040626 3.3194299622669157e-06
3.700313649044048 2.133919261457303e-06
4.122072811284033 6.164655644209967e-06
4.54383197352402 6.638859924533838e-06
4.965591135764004 7.350166345019591e-06
5.38735029800399 3.319429962266912e-06
5.809109460243976 1.8968171212953781e-06
6.230868622483961 2.371021401619228e-06
6.652627784723946 4.7420428032384453e-07
7.074386946963932 1.4226128409715336e-06
7.496146109203917 4.979144943400368e-06
7.917905271443903 4.267838522914592e-06
8.33966443368389 8.298574905667298e-06
8.761423595923874 9.958289886800755e-06
9.18318275816386 1.0906698447448402e-05
9.604941920403846 1.0432494167124602e-05
10.02670108264383 9.484085606476912e-06
10.448460244883815 1.1618004867934167e-05
10.870219407123802 8.061472765505375e-06
11.291978569363787 8.06147276550534e-06
11.713737731603773 4.26783852291461e-06
12.135496893843758 1.8968171212953824e-06
12.557256056083743 2.8452256819430613e-06
12.97901521832373 1.8968171212953824e-06
13.400774380563714 1.896817121295374e-06
13.8225335428037 1.8968171212953824e-06
14.244292705043685 1.8968171212953824e-06
14.66605186728367 2.3710214016192178e-06
15.087811029523657 2.371021401619228e-06
15.509570191763641 2.6081235417811395e-06
15.931329354003628 2.371021401619228e-06
16.353088516243613 2.3710214016192178e-06
16.7748476784836 4.267838522914628e-06
17.196606840723582 3.319429962266905e-06
17.61836600296357 3.319429962266905e-06
18.040125165203555 2.6081235417811395e-06
18.461884327443542 3.7936342425907804e-06
18.883643489683525 1.4226128409715306e-06
19.30540265192351 9.48408560647687e-07
19.727161814163498 1.6597149811334663e-06
20.14892097640348 9.48408560647687e-07
20.570680138643468 7.113064204857653e-07
20.992439300883454 2.3710214016192377e-07
21.414198463123437 4.742042803238435e-07
21.835957625363424 7.113064204857653e-07
22.25771678760341 1.4226128409715306e-06
22.679475949843397 1.8968171212953902e-06
23.10123511208338 1.6597149811334526e-06
23.522994274323366 3.5565321024288265e-06
23.944753436563353 4.267838522914628e-06
24.366512598803336 4.267838522914592e-06
24.788271761043323 4.267838522914592e-06
25.21003092328331 2.133919261457314e-06
25.631790085523292 3.319429962266905e-06
26.05354924776328 3.319429962266905e-06
26.475308410003265 3.0823278221049834e-06
26.89706757224325 2.3710214016192377e-06
27.318826734483235 2.8452256819430613e-06
27.74058589672322 1.4226128409715306e-06
28.162345058963208 9.484085606476951e-07
28.58410422120319 1.1855107008096089e-06
29.005863383443177 2.6081235417811395e-06
29.427622545683164 4.267838522914592e-06
29.84938170792315 4.030736382752704e-06
30.271140870163133 5.453349223724201e-06
30.69290003240312 6.164655644209967e-06
31.114659194643107 5.216247083562323e-06
31.53641835688309 5.6904513638861225e-06
31.958177519123076 5.216247083562279e-06
32.37993668136306 9.24698346631495e-06
32.80169584360305 1.0195392026962636e-05
33.223455005843036 4.979144943400441e-06
33.645214168083015 2.133919261457296e-06
34.066973330323 2.133919261457296e-06
34.48873249256299 2.8452256819430613e-06
34.910491654802975 4.7420428032384356e-06
35.33225081704296 2.8452256819430613e-06
35.75400997928295 5.216247083562279e-06
36.175769141522935 6.638859924533922e-06
36.597528303762914 6.4017577843718886e-06
37.0192874660029 1.066959630728648e-05
37.44104662824289 1.066959630728648e-05
37.862805790482874 1.0432494167124558e-05
38.28456495272286 1.0432494167124558e-05
38.70632411496285 1.1380902727772436e-05
39.128083277202826 9.721187746638793e-06
39.54984243944281 4.979144943400357e-06
39.9716016016828 5.927553504048045e-06
40.393360763922786 9.484085606476871e-06
40.81511992616277 9.24698346631495e-06
41.23687908840276 8.298574905667262e-06
41.658638250642746 9.009881326153178e-06
42.080397412882725 1.0195392026962636e-05
42.50215657512271 7.113064204857653e-06
42.9239157373627 4.504940663076514e-06
43.345674899602685 4.504940663076514e-06
43.76743406184267 4.979144943400357e-06
44.18919322408266 3.319429962266905e-06
44.610952386322644 3.793634242590812e-06
45.032711548562624 5.453349223724201e-06
45.45447071080261 7.587268485181496e-06
45.8762298730426 7.824370625343419e-06
46.29798903528258 9.24698346631495e-06
46.71974819752257 1.0195392026962636e-05
47.14150735976256 6.875962064695731e-06
47.56326652200254 8.772779185991255e-06
47.98502568424252 9.958289886800715e-06
48.40678484648251 1.6597149811334525e-05
48.828544008722496 1.470033269003915e-05
49.25030317096248 1.730845623182029e-05
49.67206233320247 1.7545558371982212e-05
50.093821495442455 2.631833755797376e-05
50.515580657682435 3.200878892185944e-05
50.93733981992242 3.366850390299289e-05
51.35909898216241 2.9874869660402146e-05
51.780858144402394 3.0111971800564066e-05
52.20261730664238 2.536992899732563e-05
52.62437646888237 2.5607031137487554e-05
53.046135631122354 2.8215154679269166e-05
53.46789479336233 3.200878892185944e-05
53.88965395560232 2.2050499035058727e-05
54.31141311784231 2.39473161563541e-05
54.73317228008229 2.679254183829716e-05
55.15493144232228 3.5091116743964424e-05
55.576690604562266 3.319429962266905e-05
55.99844976680225 3.3905606043155386e-05
56.42020892904223 3.746213814558364e-05
56.84196809128222 3.935895526687901e-05
57.263727253522205 3.5091116743964424e-05
57.68548641576219 3.1297482501373676e-05
58.10724557800218 3.1297482501373676e-05
58.529004740242165 2.8689358959592532e-05
58.95076390248215 3.106038036121228e-05
59.37252306472213 2.797805253910677e-05
59.79428222696212 3.248299320218328e-05
60.216041389202104 3.414270818331674e-05
60.63780055144209 3.0823278221049836e-05
61.05955971368208 3.319429962266905e-05
61.481318875922064 3.6039525304612714e-05
61.90307803816204 3.1534584641535596e-05
62.32483720040203 3.343140176283097e-05
62.746596362642016 3.5091116743964424e-05
63.168355524882 2.7503848258782925e-05
63.59011468712199 3.200878892185944e-05
64.01187384936198 2.774095039894532e-05
64.43363301160196 3.4854014603801914e-05
64.85539217384195 3.414270818331731e-05
65.27715133608193 4.1492874528335614e-05
65.69891049832192 3.7699240285746195e-05
66.1206696605619 3.9121853126717756e-05
66.54242882280188 4.860593873319315e-05
66.96418798504187 4.386389592995627e-05
67.38594714728185 4.481230449060246e-05
67.80770630952185 4.8131734452870934e-05
68.22946547176183 5.2636675115945755e-05
68.65122463400182 4.931724515368056e-05
69.0729837962418 4.030736382752738e-05
69.49474295848178 4.481230449060246e-05
69.91650212072177 4.172997666849894e-05
70.33826128296175 3.9358955266878354e-05
70.76002044520175 4.0781568107851237e-05
71.18177960744173 4.52865087709263e-05
71.60353876968172 4.670912161189938e-05
72.0252979319217 5.287377725610945e-05
72.44705709416168 6.022394360112712e-05
72.86881625640167 6.520308854452958e-05
73.29057541864165 6.306916928307013e-05
73.71233458088165 4.789463231270901e-05
74.13409374312162 5.6193207218374515e-05
74.55585290536162 4.7420428032385154e-05
74.9776120676016 4.338969164963242e-05
75.39937122984158 4.172997666849753e-05
75.82113039208157 4.7420428032385154e-05
76.24288955432155 4.908014301351698e-05
76.66464871656154 4.7420428032385154e-05
77.08640787880152 4.149287452833701e-05
77.5081670410415 5.050275585448849e-05
77.9299262032815 5.548190079789064e-05
78.35168536552148 5.358508367659342e-05
78.77344452776147 5.856422861999566e-05
79.19520369000145 5.548190079788876e-05
79.61696285224144 5.7852922199509886e-05
80.03872201448142 6.235786286258648e-05
80.4604811767214 5.714161577902219e-05
80.8822403389614 6.472888426420574e-05
81.30399950120137 6.757410994614656e-05
81.72575866344137 6.520308854452958e-05
82.14751782568135 6.638859924533697e-05
82.56927698792134 5.832712647983374e-05
82.99103615016132 5.7141615779024106e-05
83.4127953124013 7.041933562808959e-05
83.8345544746413 6.852251850679656e-05
84.25631363688127 7.113064204857533e-05
84.67807279912127 6.188365858226262e-05
85.09983196136125 6.757410994614656e-05
85.52159112360124 7.516137843133047e-05
85.94335028584122 6.7099905665825e-05
86.3651094480812 6.212076072242245e-05
86.78686861032119 7.848080839359743e-05
87.20862777256117 8.227444263618547e-05
87.63038693480117 8.298574905667402e-05
88.05214609704115 8.274864691650931e-05
88.47390525928114 8.417125975748365e-05
88.89566442152112 8.27486469165121e-05
89.3174235837611 7.682109341246138e-05
89.73918274600109 7.018223348793004e-05
90.16094190824107 7.848080839359479e-05
90.58270107048106 7.279035702971121e-05
91.00446023272104 6.78112120863085e-05
91.42621939496104 7.160484632890159e-05
91.84797855720102 7.018223348793004e-05
92.269737719441 7.421296987068027e-05
92.69149688168099 7.516137843133047e-05
93.11325604392097 8.345995333699506e-05
93.53501520616096 8.037762551489283e-05
93.95677436840094 7.800660411327095e-05
94.37853353064094 7.91921148140832e-05
94.80029269288092 7.848080839359743e-05
95.2220518551209 6.78112120863085e-05
95.64381101736089 7.350166345019699e-05
96.06557017960087 7.682109341246138e-05
96.48732934184086 8.796489400007446e-05
96.90908850408084 7.421296987068027e-05
97.33084766632084 7.63468891321401e-05
97.75260682856081 8.227444263618825e-05
98.1743659908008 8.156313621569972e-05
98.59612515304079 6.970802920760619e-05
99.01788431528077 6.923382492727999e-05
99.43964347752076 6.947092706744425e-05
99.86140263976074 6.7099905665825e-05
100.28316180200072 6.970802920760383e-05
100.70492096424071 7.942921695424514e-05
101.1266801264807 7.255325488954684e-05
101.54843928872069 8.227444263618825e-05
101.97019845096067 8.583097473861424e-05
102.39195761320066 8.891330256072216e-05
102.81371677544064 8.27486469165121e-05
103.23547593768062 7.72952976927852e-05
103.65723509992061 7.63468891321401e-05
104.07899426216059 6.615149710517507e-05
104.50075342440059 6.80483142264727e-05
104.92251258664056 7.018223348792767e-05
105.34427174888056 7.302745916987313e-05
105.76603091112054 6.615149710517729e-05
106.18779007336052 6.591439496501315e-05
106.60954923560051 7.302745916987313e-05
107.03130839784049 7.848080839359479e-05
107.45306756008048 8.511966831813136e-05
107.87482672232046 7.658399127229944e-05
108.29658588456046 8.322285119683595e-05
108.71834504680044 8.180023835586439e-05
109.14010420904042 7.848080839359479e-05
109.56186337128041 8.440836189764558e-05
109.98362253352039 8.511966831812848e-05
110.40538169576038 8.630517901894098e-05
110.82714085800036 9.009881326152876e-05
111.24890002024036 8.417125975748365e-05
111.67065918248034 8.891330256072216e-05
112.09241834472031 8.061472765505204e-05
112.51417750696031 7.776950197311166e-05
112.93593666920029 8.53567704582904e-05
113.35769583144028 8.701648543942677e-05
113.77945499368026 8.725358757958575e-05
114.20121415592025 8.369705547715981e-05
114.62297331816023 8.27486469165121e-05
115.04473248040021 7.848080839359479e-05
115.46649164264021 8.891330256072216e-05
115.88825080488019 8.39341576173189e-05
116.31000996712018 8.108893193537862e-05
116.73176912936016 8.867620042055726e-05
117.15352829160015 9.223273252298912e-05
117.57528745384013 9.484085606477031e-05
117.99704661608011 9.578926462541479e-05
118.4188057783201 9.792318388687535e-05
118.84056494056009 9.484085606476711e-05
119.26232410280008 8.583097473861713e-05
119.68408326504006 8.701648543942677e-05
120.10584242728004 7.516137843132795e-05
120.52760158952003 6.567729282485344e-05
120.94936075176001 7.753239983294711e-05
121.371119914 7.871791053375935e-05
121.79287907623998 8.962460898120492e-05
122.21463823847998 9.246983466315105e-05
122.63639740071996 0.00010005710314833268
123.05815656295994 0.00010479914595156766
123.47991572519993 9.816028602703727e-05
123.90167488743991 9.199563038282411e-05
124.3234340496799 9.223273252298912e-05
124.74519321191988 8.53567704582904e-05
125.16695237415988 9.484085606477031e-05
125.58871153639986 0.00010527335023189505
126.01047069863984 0.00011404612941788246
126.43222986087983 0.00010811857591383817
126.85398902311981 0.00011689135509982548
127.2757481853598 0.00010977829089497164
127.69750734759978 0.00010337653311059616
128.11926650983978 9.48408560647735e-05
128.54102567207974 9.104722182217643e-05
128.96278483431973 9.05730175418526e-05
129.38454399655973 9.887159244751972e-05
129.80630315879972 0.00010954118875480602
130.22806232103972 0.00010906698447448219
130.6498214832797 0.00011475743583838368
131.07158064551965 0.00011665425295966354
131.49333980775964 0.00012044788720225424
131.91509896999963 0.00011665425295966354
132.33685813223963 0.00011309772085723478
132.75861729447962 0.00010740726949334876
133.1803764567196 0.0001147574358383682
133.6021356189596 0.00010361363525077204
134.02389478119954 0.00010005710314832931
134.44565394343954 0.00010788147377367259
134.86741310567953 0.00012756095140711176
135.28917226791953 0.0001185510700809589
135.71093143015952 0.00012210760218338767
136.1326905923995 0.0001332514027709978
136.5544497546395 0.00013182878993004405
136.97620891687944 0.00013514821989229312
137.39796807911944 0.0001304061770890548
137.81972724135943 0.00012969487066856903
138.24148640359942 0.00012281890860387342
138.66324556583942 0.0001292206663882452
139.0850047280794 0.00012566413428581643
139.5067638903194 0.00013989026269555036
139.92852305255934 0.00014297259051763642
140.35028221479934 0.00014558071405941752
140.77204137703933 0.00015435349324540847
141.19380053927932 0.0001548276975257323
141.61555970151932 0.00015174536970362736
142.0373188637593 0.00014154997767666492
142.4590780259993 0.00014795173546105665
142.88083718823924 0.00015174536970362736
143.30259635047923 0.00014036446697585534
143.72435551271923 0.00014534361191925562
144.14611467495922 0.00013704503701358848
144.56787383719922 0.00014320969265779835
144.9896329994392 0.00014534361191925562
145.4113921616792 0.00014154997767668398
145.83315132391914 0.00015577610608638
146.25491048615913 0.0001628891702912375
146.67666964839913 0.00017355876659852382
147.09842881063912 0.00016763121309447588
147.5201879728791 0.00018019762652305752
147.9419471351191 0.00019157852925082958
148.3637062973591 0.00018541387360664467
148.78546545959904 0.00019655767419422983
149.20722462183903 0.00018873330356888654
149.62898378407903 0.00017261035803787616
150.05074294631902 0.00018351705648532435
150.472502108559 0.0001889704057090485
150.894261270799 0.00019371244851228682
151.316020433039 0.00019489795921312267
151.73777959527894 0.0001854138736066197
152.15953875751893 0.0001707135409165808
152.58129791975892 0.00019798028703520135
153.00305708199892 0.00019537216349342024
153.4248162442389 0.000178775013682086
153.8465754064789 0.00019916579773603777
154.26833456871884 0.00022003078607025974
154.69009373095884 0.00021789686680880244
155.11185289319883 0.00021173221116459258
155.53361205543882 0.0002226389096120408
155.95537121767882 0.00021268061972524023
156.3771303799188 0.00021979368393009778
156.7988895421588 0.00020414494267943873
157.22064870439874 0.0002188452753694501
157.64240786663873 0.00023283430163900326
158.06416702887873 0.0002318858930783556
158.48592619111872 0.0002318858930783556
158.90768535335872 0.0002612865584584334
159.3294445155987 0.00026697700982231945
159.7512036778387 0.00027195615476575637
160.17296284007864 0.00027005933764442437
160.59472200231863 0.0002878419981565682
161.01648116455863 0.00029305824524013035
161.43824032679862 0.0002876048960164063
161.85999948903861 0.00030325363726709285
162.2817586512786 0.00026626570340183365
162.7035178135186 0.0002570187199355535
163.12527697575854 0.00027693529970911995
163.54703613799853 0.00026602860126167177
163.96879530023853 0.00027337876760669117
164.39055446247852 0.00028713069173608245
164.8123136247185 0.0003136861314342172
165.2340727869585 0.0003276751577037704
165.6558319491985 0.000325778340582519
166.07759111143844 0.00034118997969299973
166.49935027367843 0.0003511482695798003
166.92110943591842 0.0003170055613964841
167.34286859815842 0.00031155221217276
167.7646277603984 0.0003475917374773715
168.1863869226384 0.00035494190382239096
168.6081460848784 0.00035209667814049535
169.02990524711834 0.000386476488463926
169.45166440935833 0.00042156760520788985
169.87342357159832 0.00041445454100303233
170.29518273383832 0.00042583544373080433
170.7169418960783 0.0004357937336176049
171.1387010583183 0.0004720703610623783
171.5604602205583 0.0005159342569924026
171.98221938279823 0.0005251812404586479
172.40397854503823 0.000559561050782126
172.82573770727822 0.000559561050782126
173.24749686951822 0.0006008168231702996
173.6692560317582 0.0006503711704641405
174.0910151939982 0.000689255921450695
174.5127743562382 0.0007215018125128132
174.93453351847813 0.0008258267541839595
175.35629268071813 0.0008198992006799117
175.77805184295812 0.0009360792493592515
176.19981100519811 0.0010076840956881506
176.6215701674381 0.0010491769702164861
177.0433293296781 0.001161563384653235
177.4650884919181 0.001226292268917604
177.88684765415803 0.0012533219128958973
178.30860681639803 0.0013965316055536958
178.73036597863802 0.0014036446697585534
179.152125140878 0.0015442462388745705
179.573884303118 0.001637901584238528
179.995643465358 0.0016874559315323689
180.417402627598 0.001925269378115032
180.83916178983793 0.002061603108707875
181.26092095207792 0.002137238691419527
181.68268011431792 0.0024359873880235436
182.1044392765579 0.00246277992986184
182.5261984387979 0.002771012712072333
182.9479576010379 0.0030341960876520617
183.3697167632779 0.0031041412190002463
183.79147592551783 0.003602055713339855
184.21323508775782 0.0037822533398629123
184.63499424999782 0.003998727593830744
185.0567534122378 0.004689643230262572
185.4785125744778 0.004816255773109036
185.9002717367178 0.005287851929891091
186.3220308989578 0.005977344953482753
186.74379006119773 0.006025239585794655
187.16554922343772 0.0067045372173585496
187.58730838567772 0.006920063062765733
188.0090675479177 0.00702106857447471
188.4308267101577 0.007574464969612626
188.8525858723977 0.007630421074690839
189.2743450346377 0.007794258653543775
189.69610419687763 0.008051514475618405
190.11786335911762 0.008198517802518793
190.53962252135761 0.008370179751996023
190.9613816835976 0.008472607876545971
191.3831408458376 0.008521450917419326
191.8049000080776 0.008360695666389546
192.2266591703176 0.008375395999080713
192.64841833255753 0.008281503551575465
193.07017749479752 0.007880089628281338
193.4919366570375 0.007927984260594044
193.9136958192775 0.007514241026011498
194.3354549815175 0.007280695417952009
194.7572141437575 0.007347321119337508
195.1789733059975 0.006901331993693871
195.60073246823742 0.006835891803008251
196.02249163047742 0.006832809475186147
196.4442507927174 0.006435663390414935
196.8660099549574 0.006366903769767979
197.2877691171974 0.0060456303698485795
197.7095282794374 0.005740479915460192
198.1312874416774 0.005689028751045822
198.55304660391732 0.005176888128295313
198.97480576615732 0.005031070312095733
199.3965649283973 0.0049450022352169574
199.8183240906373 0.004630841899502416
200.2400832528773 0.00454595933332445
200.6618424151173 0.004479570734079113
201.08360157735729 0.004237963653254689
201.50536073959722 0.004243179900337681
201.92711990183722 0.004015324743642077
202.3488790640772 0.003890846120057071
202.7706382263172 0.003850064551949221
203.1923973885572 0.003586406972089168
203.6141565507972 0.0035031841208923355
204.03591571303718 0.0033841588465315085
204.45767487527712 0.0031449227871076773
204.87943403751711 0.003134490292940553
205.3011931997571 0.0029559523813986292
205.7229523619971 0.002823649387188279
206.1447115242371 0.0027989907646114396
206.5664706864771 0.0026121542781638485
206.98822984871708 0.002505458315091323
207.40998901095702 0.0023918863899534265
207.831748173197 0.0022716756048913344
208.253507335437 0.002214059784831988
208.675266497677 0.002061366006567713
209.097025659917 0.0020295943197860163
209.518784822157 0.0019608346991390603
209.94054398439698 0.0019036930833602947
210.36230314663692 0.001843706241899073
210.7840623088769 0.0018012649588100896
211.2058214711169 0.001791543771063451
211.6275806333569 0.0017507622029556008
212.0493397955969 0.0017607204928424016
212.4710989578369 0.0017483911815539817
212.89285812007688 0.0017253922739585083
213.31461728231682 0.0017374844831065336
213.7363764445568 0.001733453746723781
214.1581356067968 0.001773761110551307
214.5798947690368 0.0017628544121038587
215.0016539312768 0.001836593177694215
215.42341309351679 0.0018162023936402903
215.84517225575678 0.0018650454345138965
216.26693141799672 0.0018840136057265988
216.6886905802367 0.0019501651028317737
217.1104497424767 0.0019565668606161455
217.5322089047167 0.001960123392718574
217.9539680669567 0.0019252693781147726
218.37572722919668 0.0019477940814301546
218.79748639143668 0.0019584636777377046
219.21924555367661 0.0019617831076997076
219.6410047159166 0.0019717413975865084
220.0627638781566 0.0019262177866754202
220.4845230403966 0.0019470827750096688
220.9062822026366 0.0018937347934732374
221.32804136487658 0.001886384627128218
221.74980052711658 0.001815728189360211
222.1715596893565 0.0017638028206645063
222.5933188515965 0.0017519477136564107
223.0150780138365 0.0017151968819313133
223.4368371760765 0.0017185163118935802
223.8585963383165 0.0016521277126482433
224.28035550055648 0.0016108719402600695
224.70211466279648 0.0016528390190689516
225.1238738250364 0.0016350563585565852
225.5456329872764 0.001577677640637401
225.9673921495164 0.001559894980125257
226.3891513117564 0.0015556271416023427
226.8109104739964 0.0015264635783624268
227.23266963623638 0.0015385557875106845
227.65442879847637 0.0014804657631712142
228.0761879607163 0.0015162681863354643
228.4979471229563 0.0015067841007289876
228.9197062851963 0.001597831322551164
229.3414654474363 0.0015591836737047715
229.76322460967629 0.0016111090424002314
230.18498377191628 0.0015866875219635538
230.60674293415627 0.0016838993994301673
231.0285020963962 0.0017170936990526086
231.4502612586362 0.0017687819656079067
231.8720204208762 0.001793677690324908
232.2937795831162 0.0018761892351012554
232.71553874535618 0.00183967550551632
233.13729790759618 0.0019269290930959057
233.55905706983617 0.00198098838105309
233.9808162320761 0.0019655767419422985
234.4025753943161 0.0019563297584759835
234.8243345565561 0.0020438204481957314
235.2460937187961 0.002051170614540751
235.66785288103608 0.0019821738917536326
236.08961204327608 0.00209432320405022
236.51137120551607 0.0020390784053927677
236.933130367756 0.0020578094744652846
237.354889529996 0.002036470281850712
237.776648692236 0.0020684790707725708
238.198407854476 0.0019966371223035097
238.62016701671598 0.002015842395656625
239.04192617895598 0.0019992452458455602
239.4636853411959 0.002002564675807558
239.8854445034359 0.0019307227273384965
240.3072036656759 0.0019072496154624668
240.7289628279159 0.00190274467479939
241.1507219901559 0.0019300114209180109
241.57248115239588 0.001900610755537933
241.99424031463587 0.00186907617089665
242.4159994768758 0.0019164965989287815
242.8377586391158 0.0019020333683789047
243.2595178013558 0.0019162594967886194
243.6812769635958 0.0019098577390042478
244.10303612583579 0.001883065197165951
244.52479528807578 0.0019563297584759835
244.94655445031577 0.0019802770746326043
245.3683136125557 0.0020037501865083672
245.7900727747957 0.001980988381052823
246.2118319370357 0.002056386861624313
246.6335910992757 0.0021351047721580698
247.05535026151568 0.0021170850095057637
247.47710942375568 0.0021576294754734517
247.89886858599567 0.0022282859132420037
248.3206277482356 0.0022510477186972475
248.7423869104756 0.002289221163263316
249.1641460727156 0.002321229952185175
249.5859052349556 0.002340435225538291
250.00766439719558 0.0024046899055221705
250.42942355943558 0.0023975768413173125
250.85118272167557 0.0023703100951990115
251.2729418839155 0.0024260290981367428
251.6947010461555 0.002410143254745894
252.1164602083955 0.002440729430826782
252.5382193706355 0.0024331421623416003
252.95997853287548 0.002434090570902248
253.38173769511548 0.0024762947518510692
253.80349685735547 0.0024568523763581233
254.2252560195954 0.002445945677910344
254.6470151818354 0.0025106745621745474
255.0687743440754 0.0024694187897863736
255.4905335063154 0.0025154166049777857
255.91229266855538 0.002559754705188064
256.3340518307954 0.002587021451306685
256.75581099303537 0.002598402354034457
257.17757015527536 0.00265933760405607
257.59932931751536 0.002671904017485012
258.0210884797553 0.0027245406926005972
258.4428476419953 0.0027416120466922556
258.8646068042353 0.0027612915243256948
259.2863659664753 0.0028077635437974307
259.70812512871527 0.0028063409309564587
260.12988429095526 0.00288434753506973
260.55164345319525 0.0028755747558841262
260.9734026154352 0.0029711269183689917
261.3951617776752 0.0029893837831614593
261.8169209399152 0.0030149908142989464
262.2386801021552 0.0030394123347356242
262.66043926439517 0.0031280885351561813
263.08219842663516 0.0031119655896251707
263.50395758887515 0.0030735550429193547
263.9257167511151 0.003149664829910916
264.3474759133551 0.003175034758908241
264.7692350755951 0.0032307537618462916
265.19099423783507 0.003250196137339569
265.61275340007506 0.003259206018665722
266.03451256231506 0.0032215067783799766
266.45627172455505 0.0033215638815287537
266.878030886795 0.0033106571830808576
267.299790049035 0.003367561696719718
267.721549211275 0.003360448632514861
268.14330837351497 0.0034510216500567136
268.56506753575496 0.0034685672084286954
268.98682669799496 0.003477577089754848
269.40858586023495 0.003599684691938721
269.8303450224749 0.0034939371374260206
270.2521041847149 0.003537326829075652
270.6738633469549 0.0035311621734314415
271.09562250919487 0.0035700469244179965
271.51738167143486 0.003558903123830386
271.93914083367486 0.003573129252240101
272.36089999591485 0.003650424549933378
272.7826591581548 0.0036179415567307036
273.2044183203948 0.00361628184174957
273.6261774826348 0.0036582489205582293
274.04793664487477 0.0036748460703695638
274.46969580711476 0.003685041462396526
274.89145496935475 0.003660382839819687
275.31321413159475 0.0036845672581166987
275.7349732938347 0.003771820845695788
276.1567324560747 0.0037177615577388707
276.5784916183147 0.003668918516865516
277.00025078055467 0.0037075661657119084
277.42200994279466 0.00367935101103264
277.84376910503465 0.0036859898709571738
278.26552826727465 0.003666073291184067
278.6872874295146 0.0036869382795178215
279.1090465917546 0.003664887780482763
279.53080575399457 0.0036708153339868113
279.95256491623456 0.0036973707736849457
280.37432407847456 0.0036504245499328863
280.79608324071455 0.003648053528531267
281.21784240295455 0.003590911912752729
281.6396015651945 0.0036293224594584755
282.0613607274345 0.003601344406919369
282.48311988967447 0.003613910820347951
282.90487905191446 0.003598499181237426
283.32663821415446 0.0035823762357064157
283.74839737639445 0.0034946484438465064
284.17015653863444 0.0035584289195505414
284.5919157008744 0.0035826133378465777
285.0136748631144 0.003522626496385613
285.43543402535437 0.003562696758072977
285.85719318759436 0.003511956900078326
286.27895234983436 0.00352973956059047
286.70071151207435 0.003540646259037918
287.12247067431434 0.0035785826014643075
287.5442298365543 0.0034813707239974394
287.9659889987943 0.0034946484438465064
288.38774816103427 0.0034882466860621346
288.80950732327426 0.0034937000352858586
289.23126648551425 0.003419487065415178
289.65302564775425 0.003418301554714369
290.07478480999424 0.003504843835873941
290.4965439722342 0.003499864690930068
290.9183031344742 0.0034448569944125033
291.34006229671417 0.003501050201630878
291.76182145895416 0.0035057922444341164
292.18358062119415 0.0034450940965526657
292.60533978343415 0.0034709382298303143
293.02709894567414 0.003513853717200095
293.4488581079141 0.0034811336218572766
293.87061727015407 0.003440114951609265
294.29237643239406 0.0034650106763262664
294.71413559463406 0.003497730771668611
295.13589475687405 0.0035276056413290125
295.55765391911405 0.0035579547152697387
295.97941308135404 0.003516698942882039
296.401172243594 0.003490854809603916
296.82293140583397 0.0035359042162346798
297.24469056807396 0.003577397090763016
297.66644973031396 0.003540646259037918
298.08820889255395 0.003619127067431513
298.50996805479394 0.003642363077167381
298.93172721703394 0.0036625167590816376
299.3534863792739 0.003667021699744221
299.77524554151387 0.0036508987542132098
300.19700470375386 0.0036527955713345052
300.61876386599386 0.0037381523417927957
301.04052302823385 0.003745739610277977
301.46228219047384 0.0036867011773776596
301.88404135271384 0.0037656561900520857
302.3058005149538 0.0037711095392753023
302.72755967719377 0.0038446112027254965
303.14931883943376 0.0038028812260569997
303.57107800167375 0.0039053093506069476
303.99283716391375 0.0038676101103212028
304.41459632615374 0.003924988828240917
304.8363554883937 0.0038538581861918115
305.2581146506337 0.004001098615232362
305.67987381287367 0.0039890064060841045
306.10163297511366 0.004056817618170413
306.52339213735365 0.004035478425555841
306.94515129959365 0.004099021799119235
307.36691046183364 0.0040807649343273175
307.7886696240736 0.00415782312987939
308.21042878631357 0.004187223795259468
308.63218794855356 0.004201687025809345
309.05394711079356 0.0042185212777608415
309.47570627303355 0.004297950494715084
309.89746543527355 0.0042887035112487695
310.31922459751354 0.004399193108564815
310.7409837597535 0.004328062466515647
311.16274292199347 0.004415790258375556
311.58450208423346 0.004398718904283899
312.00626124647346 0.00446558170780956
312.42802040871345 0.004520352302186962
312.84977957095344 0.004581287552208576
313.27153873319344 0.004572751875163363
313.6932978954334 0.0046109253197288156
314.11505705767337 0.004617327077513187
314.53681621991336 0.004728053776968802
314.95857538215336 0.004684901187459334
315.38033454439335 0.004686086698160143
315.80209370663334 0.004766464323675033
316.22385286887334 0.00476338199585357
316.6456120311133 0.0048041635639607784
317.06737119335327 0.0049300648003867565
317.48913035559326 0.004936940762451452
317.91088951783325 0.00489212845796085
318.33264868007325 0.0049374149667317764
318.75440784231324 0.004970135062074121
319.17616700455324 0.005001195442436006
319.5979261667932 0.005084418293632166
320.01968532903317 0.0050486158704677155
320.44144449127316 0.0050483787683275536
320.86320365351315 0.005099118626322204
321.28496281575315 0.0051081285076483565
321.70672197799314 0.005210319530058144
322.12848114023313 0.005155548935681435
322.55024030247307 0.005205577487254905
322.97199946471306 0.00513563235590714
323.39375862695306 0.00523213292695304
323.81551778919305 0.005219566513524458
324.23727695143305 0.005269120860818299
324.65903611367304 0.005379610458133752
325.08079527591303 0.005297098913358119
325.50255443815297 0.005409959532074478
325.92431360039296 0.005369889270387114
326.34607276263296 0.0054969760175139016
326.76783192487295 0.00543485525679148
327.18959108711294 0.005484883808365644
327.61135024935294 0.00550171806031714
328.03310941159293 0.005556014450414968
328.45486857383287 0.005547241671228228
328.87662773607286 0.005536572074920943
329.29838689831286 0.005618135211136642
329.72014606055285 0.005676699439756636
330.14190522279284 0.005629990318144738
330.56366438503284 0.005716769701443999
330.98542354727283 0.005665081434889465
331.40718270951277 0.0057378717919184105
331.82894187175276 0.0056823898911205215
332.25070103399275 0.005833423954403663
332.67246019623275 0.005838877303627387
333.09421935847274 0.005807105616845691
333.51597852071274 0.005828681911600425
333.93773768295273 0.005897204430108014
334.35949684519267 0.005904080392171915
334.78125600743266 0.005929687423309403
335.20301516967265 0.005970468991417252
335.62477433191265 0.006080010180172058
336.04653349415264 0.006090442674339182
336.46829265639263 0.006128616118905251
336.8900518186326 0.006106091415590692
337.31181098087256 0.00618409801970314
337.73357014311256 0.006279650182188392
338.15532930535255 0.006258548091713982
338.57708846759255 0.006392510800905465
338.99884762983254 0.006337740206528062
339.42060679207253 0.006419540444883924
339.8423659543125 0.00641479840208155
340.26412511655246 0.006546152987730388
340.68588427879246 0.006524576692975654
341.10764344103245 0.006573893938129333
341.52940260327244 0.006627479021805926
341.95116176551244 0.0067678434887817815
342.37292092775243 0.006715443915805998
342.7946800899924 0.0068178720403568645
343.21643925223236 0.006813604201833032
343.63819841447236 0.006875962064695616
344.05995757671235 0.006918877552064923
344.48171673895234 0.006987874274852041
344.90347590119234 0.006914846815682171
345.32523506343233 0.007004708526803537
345.7469942256723 0.007064932470405617
346.16875338791226 0.007167360594954613
346.59051255015225 0.007203400120259225
347.01227171239225 0.0071569281007874885
347.43403087463224 0.007253665773973551
347.85579003687224 0.007276664681569257
348.27754919911223 0.007428172949132722
348.6993083613522 0.0074141839228641674
349.12106752359216 0.007514241026011498
349.54282668583215 0.007581815135957646
349.96458584807215 0.0075794441145560255
350.38634501031214 0.0076389567517366665
350.80810417255213 0.007724550624335119
351.2298633347921 0.0077681774181249125
351.6516224970321 0.007802794330589604
352.07338165927206 0.007843101694416078
352.49514082151205 0.007896212573812348
352.91689998375205 0.00796544639873963
353.33865914599204 0.00794837504464797
353.76041830823203 0.008087079796642692
354.182177470472 0.008130469488292323
354.603936632712 0.008119325687705807
355.02569579495196 0.008233371817122595
355.44745495719195 0.00821416654376948
355.86921411943194 0.008216063360890775
356.29097328167194 0.008384168778265574
356.71273244391193 0.008348366355101125
357.1344916061519 0.008458618850276416
357.5562507683919 0.00848446298355521
357.97800993063186 0.008592107355187577
358.39976909287185 0.008601354338653892
358.82152825511184 0.008584757188842558
359.24328741735184 0.00875428521905833
359.66504657959183 0.008812375243397999
360.0868057418318 0.00881877700118237
360.5085649040718 0.008891804460353439
360.93032406631175 0.008904370873780822
361.35208322855175 0.008949894484691912
361.77384239079174 0.009005850589770124
362.19560155303174 0.009052559711382021
362.61736071527173 0.009057064652045097
363.0391198775117 0.00916115249157618
363.4608790397517 0.009157595959474985
363.88263820199165 0.009222087741597792
364.30439736423165 0.00926263220756548
364.72615652647164 0.00914265852464355
365.14791568871163 0.009270693680330986
365.5696748509516 0.00938853344399146
365.9914340131916 0.009442829834088538
366.4131931754316 0.009322856151167864
366.83495233767155 0.009369565272778506
367.25671149991155 0.009398254631738098
367.67847066215154 0.009467014252385053
368.10022982439153 0.009431448931360767
368.5219889866315 0.009448757387592585
368.9437481488715 0.009406553206643764
369.3655073111115 0.009342772730941468
369.78726647335145 0.00943595387202384
370.20902563559144 0.009440458812686918
370.63078479783144 0.00931574308696175
371.05254396007143 0.009335659666735352
371.4743031223114 0.009337556483856646
371.8960622845514 0.00927116788461131
372.3178214467914 0.009174193109286322
372.73958060903135 0.009120133821328168
373.16133977127134 0.00909073315594809
373.58309893351134 0.008986408214276846
374.00485809575133 0.00888682531540884
374.4266172579913 0.008864063509953297
374.8483764202313 0.008774438900972093
375.2701355824713 0.008622693531269626
375.69189474471125 0.008459804360977227
376.11365390695124 0.008336985452373354
376.53541306919124 0.00823266051070211
376.95717223143123 0.008175281792782926
377.3789313936712 0.007942684593284084
377.8006905559112 0.007782640648674789
378.2224497181512 0.007659110433651463
378.64420888039115 0.00747488207074462
379.06596804263114 0.007310807389752573
379.48772720487113 0.007146495606620363
379.9094863671111 0.006973885248582489
380.3312455293511 0.006741525151223809
380.7530046915911 0.00659950096926682
381.1747638538311 0.006433766573294506
381.59652301607105 0.006220848851428237
382.01828217831104 0.006020497542991416
382.44004134055103 0.0058009409612014805
382.861800502791 0.0055304074192767325
383.283559665031 0.005453112121583947
383.705318827271 0.005196804708068914
384.127077989511 0.004992185561109852
384.54883715175094 0.004789937435551063
384.97059631399094 0.0045374236562786205
385.39235547623093 0.004374771588127545
385.8141146384709 0.004156874721318742
386.2358738007109 0.003965770396348237
386.6576329629509 0.0038166331501863905
387.0793921251909 0.003636672625803985
387.50115128743084 0.0034448569944125033
387.92291044967084 0.003318955757986525
388.34466961191083 0.003144448582827354
388.7664287741508 0.0028784199815656817
389.1881879363908 0.002736632901748855
389.6099470986308 0.002614762401705982
390.03170626087075 0.002466336461964269
390.45346542311074 0.002298705248869793
390.87522458535074 0.0021789686680880244
391.29698374759073 0.00205354163594237
391.7187429098307 0.0018797457672036842
392.1405020720707 0.001785142013279079
392.5622612343107 0.001660426287554134
392.98402039655065 0.001528597497623884
393.40577955879064 0.001456044242734337
393.82753872103063 0.0013481627689606644
394.24929788327063 0.0012530848107557353
394.6710570455106 0.001150893788345949
395.0928162077506 0.0010503624809172958
395.5145753699906 0.00098136575813031
395.93633453223055 0.0009083382989603071
396.35809369447054 0.0008210847113807213
396.77985285671053 0.0007653657084426706
397.2016120189505 0.0007120177269062391
397.6233711811905 0.0006304545906905394
398.0451303434305 0.0005742613834721649
398.4668895056705 0.0005166455634128885
398.88864866791045 0.0004772866081459405
399.31040783015044 0.00044693753420521506
399.73216699239043 0.0003843425692024687
400.1539261546304 0.00037391007503534434
400.5756853168704 0.00032459282988166546
400.9974444791104 0.0003025423308466071
401.4192036413504 0.00026579149912154567
401.84096280359034 0.00024089577440450849
402.26272196583034 0.00020770147478183998
402.68448112807033 0.0001854138736066197
403.1062402903103 0.0001813831372238671
403.5279994525503 0.00015862133176832298
403.9497586147903 0.00013751924129391232
404.3715177770303 0.00011783976366048903
404.79327693927024 0.00011143800587610135
405.21503610151024 9.412954964428136e-05
405.63679526375023 8.108893193537588e-05
406.0585544259902 7.776950197310904e-05
406.4803135882302 6.78112120863085e-05
406.9020727504702 6.567729282485123e-05
407.3238319127102 5.571900293805819e-05
407.74559107495014 4.291548736930712e-05
408.16735023719013 3.746213814558301e-05
408.58910939943013 3.224589106202082e-05
409.0108685616701 2.9637767520239724e-05
409.4326277239101 2.6318337557972877e-05
409.8543868861501 2.347311187602986e-05
410.2761460483901 1.967947763344183e-05
410.69790521063004 1.5411639110524654e-05
411.11966437287003 1.493743483020082e-05
411.54142353511 1.1618004867933972e-05
411.96318269735 1.06695963072863e-05
412.38494185959 1.2092209148257807e-05
412.80670102183 7.113064204857534e-06
413.22846018407 5.216247083562895e-06
413.65021934630994 4.5049406630764384e-06
414.07197850854993 3.0823278221049313e-06
414.4937376707899 3.319429962266849e-06
414.9154968330299 2.6081235417810955e-06
415.3372559952699 4.5049406630764384e-06
415.7590151575099 2.6081235417810955e-06
416.1807743197499 2.1339192614575476e-06
416.60253348198984 1.6597149811334244e-06
417.02429264422983 1.1855107008095888e-06
417.4460518064698 7.113064204857533e-07
417.8678109687098 9.484085606476711e-07
418.2895701309498 2.3710214016191777e-07
418.7113292931898 4.7420428032383553e-07
419.1330884554298 4.742042803238995e-07
419.55484761766974 7.113064204857533e-07
419.97660677990973 2.3710214016191777e-07
420.3983659421497 0.0
420.8201251043897 0.0
421.2418842666297 0.0
421.6636434288697 4.7420428032383553e-07
422.0854025911097 0.0
422.50716175334964 4.7420428032383553e-07
