bin	ch 1	ch 2	ch 3	ch 4	ch 5	ch 6	ch 7	
0.0500	0	0	0	0	1	1	0	
0.1500	0	0	0	0	1	1	0	
0.2500	0	0	0	0	3	2	0	
0.3500	0	0	0	0	2	2	0	
0.4500	0	0	1	0	1	4	0	
0.5500	0	0	0	0	0	1	1	
0.6500	0	0	0	0	1	3	1	
0.7500	0	0	0	0	2	1	0	
0.8500	0	1	0	1	0	2	1	
0.9500	1	0	0	0	1	0	0	
1.0500	1	0	1	0	3	1	0	
1.1500	0	0	0	0	0	0	0	
1.2500	0	0	0	0	0	1	0	
1.3500	0	0	0	0	1	1	0	
1.4500	0	0	0	0	0	2	0	
1.5500	0	0	1	0	0	0	0	
1.6500	1	1	0	0	0	3	2	
1.7500	0	0	0	0	0	1	0	
1.8500	0	0	0	0	0	0	0	
1.9500	0	0	0	0	0	0	0	
2.0500	0	0	0	0	0	0	0	
2.1500	0	0	0	1	0	1	0	
2.2500	0	1	0	0	0	1	0	
2.3500	0	0	1	0	2	0	0	
2.4500	0	0	0	0	0	0	0	
2.5500	0	0	1	0	2	1	0	
2.6500	0	0	2	1	1	2	0	
2.7500	2	0	2	0	1	2	0	
2.8500	0	0	1	0	2	2	0	
2.9500	1	2	0	0	3	3	0	
3.0500	2	6	1	0	2	1	0	
3.1500	4	5	3	0	3	2	0	
3.2500	5	0	2	0	5	1	0	
3.3500	4	4	3	0	5	0	1	
3.4500	5	7	2	0	8	3	1	
3.5500	2	5	2	1	6	4	1	
3.6500	5	5	5	1	4	1	0	
3.7500	0	4	5	0	1	0	0	
3.8500	3	3	6	3	4	0	3	
3.9500	7	4	8	2	4	1	1	
4.0500	4	4	3	2	5	3	0	
4.1500	7	3	4	1	6	0	2	
4.2500	3	10	1	3	12	0	2	
4.3500	5	5	11	4	8	0	4	
4.4500	4	3	7	4	10	1	5	
4.5500	5	5	6	2	5	3	5	
4.6500	11	7	2	5	8	1	3	
4.7500	8	9	7	1	3	3	4	
4.8500	6	8	6	10	6	2	4	
4.9500	11	8	3	9	11	1	4	
5.0500	6	6	5	12	11	1	4	
5.1500	6	7	11	10	9	1	7	
5.2500	6	4	13	7	11	2	4	
5.3500	10	10	8	8	11	4	7	
5.4500	13	15	15	11	11	2	4	
5.5500	13	9	17	8	6	3	5	
5.6500	11	12	15	4	10	2	7	
5.7500	10	9	14	5	7	1	4	
5.8500	21	8	17	7	15	2	3	
5.9500	15	15	24	14	12	2	10	
6.0500	14	13	15	17	21	2	7	
6.1500	12	18	11	12	17	3	15	
6.2500	11	22	13	9	14	3	10	
6.3500	16	20	9	17	17	3	8	
6.4500	10	14	11	13	15	4	10	
6.5500	15	17	15	12	16	2	10	
6.6500	18	9	14	18	14	0	13	
6.7500	19	10	15	15	13	3	11	
6.8500	16	22	15	12	14	1	15	
6.9500	12	11	18	17	15	2	6	
7.0500	14	11	23	20	11	1	13	
7.1500	18	20	13	22	14	1	13	
7.2500	10	15	18	16	9	1	13	
7.3500	15	19	9	21	18	4	9	
7.4500	22	18	6	9	11	3	15	
7.5500	13	19	6	20	18	0	11	
7.6500	17	7	19	13	11	1	12	
7.7500	16	13	17	16	13	3	20	
7.8500	20	20	8	19	14	3	13	
7.9500	20	18	15	13	12	2	10	
8.0500	21	8	12	15	17	0	10	
8.1500	12	14	14	11	20	8	14	
8.2500	14	12	6	14	8	0	12	
8.3500	12	15	14	12	13	6	13	
8.4500	13	15	10	18	13	5	16	
8.5500	21	8	18	16	14	4	10	
8.6500	21	13	16	25	14	3	12	
8.7500	23	15	11	14	15	3	13	
8.8500	10	16	11	14	20	6	20	
8.9500	25	11	20	11	17	5	13	
9.0500	11	20	15	16	23	6	18	
9.1500	11	16	20	13	18	9	11	
9.2500	21	16	23	18	22	5	17	
9.3500	11	10	23	16	10	6	22	
9.4500	16	20	13	24	18	7	18	
9.5500	17	18	17	17	23	9	18	
9.6500	16	18	22	18	18	8	19	
9.7500	9	16	21	18	25	7	20	
9.8500	17	16	14	14	20	13	11	
9.9500	25	21	20	28	27	14	18	
10.0500	20	14	23	21	16	14	25	
10.1500	21	24	21	17	20	15	24	
10.2500	26	13	19	16	26	14	18	
10.3500	29	21	27	23	25	11	22	
10.4500	24	23	21	25	20	15	29	
10.5500	22	27	25	20	17	11	15	
10.6500	23	31	30	21	33	15	32	
10.7500	26	20	34	27	27	23	31	
10.8500	24	32	19	35	24	25	25	
10.9500	24	29	31	26	24	26	23	
11.0500	29	22	29	33	32	29	27	
11.1500	30	34	24	21	20	26	31	
11.2500	33	36	31	28	38	23	32	
11.3500	34	38	37	35	39	31	32	
11.4500	54	36	19	42	35	37	36	
11.5500	35	26	31	43	40	32	39	
11.6500	32	40	35	44	25	40	30	
11.7500	36	27	38	43	34	42	34	
11.8500	37	40	42	35	26	48	43	
11.9500	37	38	45	27	37	45	38	
12.0500	34	48	42	33	44	67	37	
12.1500	49	44	50	42	53	69	36	
12.2500	46	60	38	52	39	60	42	
12.3500	53	43	57	55	45	62	42	
12.4500	63	68	58	57	59	72	55	
12.5500	54	54	50	51	61	84	55	
12.6500	54	67	74	54	53	84	50	
12.7500	87	87	59	59	72	103	85	
12.8500	87	77	77	84	99	112	98	
12.9500	104	75	109	98	104	147	92	
13.0500	106	110	124	114	113	157	104	
13.1500	115	148	141	126	114	170	122	
13.2500	156	151	154	143	183	206	166	
13.3500	207	146	203	180	196	289	206	
13.4500	256	234	248	216	277	352	244	
13.5500	297	324	321	328	324	419	334	
13.6500	418	387	479	452	397	544	413	
13.7500	529	574	599	592	563	686	595	
13.8500	731	780	833	832	766	881	799	
13.9500	914	951	983	1070	912	1140	1024	
14.0500	1126	1162	1172	1202	1170	1325	1237	
14.1500	1298	1373	1330	1298	1276	1503	1446	
14.2500	1390	1439	1367	1361	1322	1667	1436	
14.3500	1424	1449	1389	1500	1408	1693	1420	
14.4500	1392	1375	1405	1429	1367	1605	1442	
14.5500	1339	1347	1374	1395	1357	1543	1323	
14.6500	1315	1315	1310	1255	1229	1556	1293	
14.7500	1237	1256	1193	1214	1241	1452	1228	
14.8500	1176	1189	1119	1200	1222	1399	1188	
14.9500	1097	1099	1084	1151	1123	1266	1092	
15.0500	1049	1020	1010	1076	1068	1176	1017	
15.1500	988	961	953	973	1050	1124	1017	
15.2500	903	928	909	922	938	1051	941	
15.3500	865	855	843	848	906	1018	845	
15.4500	812	791	761	796	771	955	860	
15.5500	763	761	756	722	749	840	769	
15.6500	724	703	710	693	714	826	709	
15.7500	639	586	622	615	709	727	646	
15.8500	622	578	613	573	650	723	609	
15.9500	589	543	604	548	589	693	547	
16.0500	540	493	496	464	574	591	499	
16.1500	486	466	474	452	525	549	485	
16.2500	436	429	414	376	456	500	424	
16.3500	395	384	411	369	374	464	363	
16.4500	373	376	350	339	348	416	323	
16.5500	330	296	307	279	324	376	292	
16.6500	289	282	262	270	246	352	265	
16.7500	263	276	292	227	258	318	239	
16.8500	220	191	227	207	227	238	213	
16.9500	215	208	210	182	182	229	190	
17.0500	194	179	154	157	181	188	171	
17.1500	166	150	170	107	163	158	127	
17.2500	156	137	136	108	155	155	147	
17.3500	120	105	117	89	149	135	105	
17.4500	98	86	79	68	103	107	74	
17.5500	74	60	72	65	73	102	74	
17.6500	69	62	57	47	66	70	71	
17.7500	55	36	46	40	50	63	42	
17.8500	40	47	44	21	50	53	36	
17.9500	49	37	29	25	41	33	35	
18.0500	26	18	20	19	40	21	16	
18.1500	13	12	9	4	17	25	10	
18.2500	13	9	8	2	9	8	8	
18.3500	12	10	5	3	4	12	3	
18.4500	6	4	1	2	4	2	1	
18.5500	5	1	0	0	6	1	1	
18.6500	1	2	1	0	2	4	0	
18.7500	0	0	1	0	0	2	0	
18.8500	1	0	0	0	0	1	0	
18.9500	0	0	1	0	0	2	0	
19.0500	0	0	0	0	0	2	0	
19.1500	0	0	1	0	0	1	0	
19.2500	0	0	0	0	0	1	0	
19.3500	0	0	0	0	0	0	0	
19.4500	0	1	0	1	0	0	0	
19.5500	0	0	0	0	0	0	0	
19.6500	0	1	0	0	1	0	0	
19.7500	0	0	0	0	0	2	0	
19.8500	0	0	0	0	1	1	0	
19.9500	0	1	0	0	0	2	0	
20.0500	0	0	0	0	0	0	0	
20.1500	0	0	0	1	0	1	0	
20.2500	0	1	0	0	0	1	0	
20.3500	0	0	0	0	0	0	0	
20.4500	0	0	0	0	0	1	0	
20.5500	0	1	0	0	0	0	0	
20.6500	0	0	0	0	0	0	0	
20.7500	0	0	0	0	0	0	0	
20.8500	0	0	0	0	0	0	0	
20.9500	1	0	0	0	0	0	0	
21.0500	0	0	0	1	0	1	0	
21.1500	0	0	0	0	0	2	0	
21.2500	0	0	0	0	1	2	1	
21.3500	0	0	0	0	0	1	0	
21.4500	0	0	0	0	0	1	0	
21.5500	0	0	1	0	1	1	1	
21.6500	0	0	0	1	0	0	0	
21.7500	0	0	0	0	0	1	0	
21.8500	0	0	0	0	0	1	0	
21.9500	0	0	0	1	0	1	0	
22.0500	0	0	0	0	0	1	0	
22.1500	0	0	0	1	0	1	0	
22.2500	0	0	1	0	0	2	0	
22.3500	0	0	0	0	0	1	2	
22.4500	0	0	0	0	0	1	0	
22.5500	0	0	0	0	0	1	0	
22.6500	0	0	0	0	0	0	0	
22.7500	0	1	0	0	0	0	0	
22.8500	0	0	0	1	0	1	0	
22.9500	0	0	0	0	1	1	0	
23.0500	0	0	0	0	0	0	0	
23.1500	0	1	0	0	0	2	0	
23.2500	0	0	0	0	0	0	0	
23.3500	0	1	0	0	0	2	0	
23.4500	0	0	0	0	0	1	1	
23.5500	0	0	1	0	0	2	0	
23.6500	0	0	0	0	0	3	0	
23.7500	1	0	0	0	0	0	1	
23.8500	0	0	0	0	0	2	0	
23.9500	0	0	0	0	0	1	0	
24.0500	0	0	0	0	1	1	0	
24.1500	1	0	0	1	0	2	1	
24.2500	0	0	0	0	0	1	0	
24.3500	1	0	0	0	1	3	0	
24.4500	0	0	0	0	2	2	0	
24.5500	0	0	0	0	0	1	0	
24.6500	0	2	0	0	0	1	0	
24.7500	0	0	0	0	1	1	0	
24.8500	0	0	0	0	0	1	0	
24.9500	0	0	0	0	0	0	0	
25.0500	0	0	0	1	0	1	0	
25.1500	0	1	1	0	0	0	0	
25.2500	0	0	0	0	0	0	0	
25.3500	0	1	1	0	0	0	0	
25.4500	0	0	0	3	0	1	0	
25.5500	0	0	1	0	0	1	1	
25.6500	0	1	0	0	1	4	0	
25.7500	0	0	0	1	0	1	0	
25.8500	1	0	0	1	0	1	2	
25.9500	0	0	0	0	0	0	0	
26.0500	0	2	1	2	0	3	0	
26.1500	0	0	1	0	0	2	0	
26.2500	0	1	0	1	2	1	0	
26.3500	0	0	0	0	0	0	0	
26.4500	1	0	0	0	0	1	0	
26.5500	0	1	0	0	0	3	0	
26.6500	0	0	0	0	0	0	0	
26.7500	0	0	0	0	1	0	0	
26.8500	0	1	0	0	0	2	1	
26.9500	0	0	0	0	0	1	0	
27.0500	0	0	0	0	1	2	0	
27.1500	0	0	0	0	0	2	1	
27.2500	0	0	2	0	0	2	0	
27.3500	0	0	0	2	0	0	1	
27.4500	0	0	0	1	0	1	1	
27.5500	0	0	1	1	0	0	0	
27.6500	0	0	0	1	1	3	0	
27.7500	0	1	0	0	0	1	0	
27.8500	1	1	1	0	1	4	0	
27.9500	0	0	0	0	0	0	1	
28.0500	1	1	0	0	1	4	1	
28.1500	0	0	0	1	0	3	0	
28.2500	1	1	0	1	0	3	1	
28.3500	1	0	1	1	0	1	0	
28.4500	0	0	0	1	0	3	1	
28.5500	0	1	0	0	0	1	1	
28.6500	0	1	0	2	1	4	1	
28.7500	0	1	1	1	0	2	1	
28.8500	1	0	0	0	0	0	1	
28.9500	0	1	0	0	1	3	1	
29.0500	2	1	3	0	0	3	1	
29.1500	0	0	2	0	0	3	0	
29.2500	0	2	1	1	1	3	0	
29.3500	1	0	1	0	1	1	0	
29.4500	0	0	1	0	0	3	1	
29.5500	0	0	0	0	1	3	0	
29.6500	2	0	0	0	0	1	2	
29.7500	0	0	0	0	0	1	0	
29.8500	3	0	1	1	1	1	0	
29.9500	0	1	0	1	0	1	0	
30.0500	1	1	0	1	0	1	0	
30.1500	0	0	1	0	0	0	1	
30.2500	1	0	0	0	0	1	1	
30.3500	0	0	0	0	0	1	1	
30.4500	2	0	0	1	0	0	0	
30.5500	0	0	0	0	0	1	0	
30.6500	1	0	0	0	1	0	0	
30.7500	0	0	0	0	0	0	0	
30.8500	0	0	0	0	2	0	0	
30.9500	0	0	0	1	0	1	1	
31.0500	1	0	1	1	1	0	0	
31.1500	0	0	0	0	0	2	1	
31.2500	0	0	0	0	1	1	0	
31.3500	0	0	0	0	0	0	0	
31.4500	1	0	1	0	0	0	0	
31.5500	0	0	0	0	0	1	0	
31.6500	0	0	0	0	0	0	0	
31.7500	0	0	0	1	0	0	0	
31.8500	0	0	0	0	0	0	0	
31.9500	0	0	0	0	0	1	0	
32.0500	0	0	0	0	0	0	0	
32.1500	0	0	0	1	0	0	0	
32.2500	0	0	0	0	0	0	0	
32.3500	0	0	0	0	0	0	0	
32.4500	0	0	0	0	0	0	0	
32.5500	0	0	0	0	0	0	0	
32.6500	0	0	0	0	0	0	0	
32.7500	0	0	0	0	0	0	0	
32.8500	0	0	0	0	0	0	0	
32.9500	0	0	0	0	0	0	0	
33.0500	0	0	0	0	0	0	0	
33.1500	0	0	0	0	0	0	0	
33.2500	0	0	0	0	0	0	0	
33.3500	0	0	0	0	0	0	0	
33.4500	0	0	0	0	0	0	0	
33.5500	0	0	0	0	0	0	0	
33.6500	0	0	0	0	0	0	0	
33.7500	0	0	0	0	0	0	0	
33.8500	0	0	0	0	0	0	0	
33.9500	0	0	0	0	0	0	0	
34.0500	0	0	0	0	0	0	0	
34.1500	0	0	0	0	0	0	0	
34.2500	0	0	0	0	0	0	0	
34.3500	0	0	0	0	0	0	0	
34.4500	0	0	0	0	0	0	0	
34.5500	0	0	0	0	0	0	0	
34.6500	0	0	0	0	0	0	0	
34.7500	0	0	0	0	0	0	0	
34.8500	0	0	0	0	0	0	0	
34.9500	0	0	0	0	0	0	0	
35.0500	0	0	0	0	0	0	0	
35.1500	0	0	0	0	0	0	0	
35.2500	0	0	0	0	0	0	0	
35.3500	0	0	0	0	0	0	0	
35.4500	0	0	0	0	0	0	0	
35.5500	0	0	0	0	0	0	0	
35.6500	0	0	0	0	0	0	0	
35.7500	0	0	0	0	0	0	0	
35.8500	0	0	0	0	0	0	0	
35.9500	0	0	0	0	0	0	0	
36.0500	0	0	0	0	0	0	0	
36.1500	0	0	0	0	0	0	0	
36.2500	0	0	0	0	0	0	0	
36.3500	0	0	0	0	0	0	0	
36.4500	0	0	0	0	0	0	0	
36.5500	0	0	0	0	0	0	0	
36.6500	0	0	0	0	0	0	0	
36.7500	0	0	0	0	0	0	0	
36.8500	0	0	0	0	0	0	0	
36.9500	0	0	0	0	0	0	0	
37.0500	0	0	0	0	0	0	0	
37.1500	0	0	0	0	0	0	0	
37.2500	0	0	0	0	0	0	0	
37.3500	0	0	0	0	0	0	0	
37.4500	0	0	0	0	0	0	0	
37.5500	0	0	0	0	0	0	0	
37.6500	0	0	0	0	0	0	0	
37.7500	0	0	0	0	0	0	0	
37.8500	0	0	0	0	0	0	0	
37.9500	0	0	0	0	0	0	0	
38.0500	0	0	0	0	0	0	0	
38.1500	0	0	0	0	0	0	0	
38.2500	0	0	0	0	0	0	0	
38.3500	0	0	0	0	0	0	0	
38.4500	0	0	0	0	0	0	0	
38.5500	0	0	0	0	0	0	0	
38.6500	0	0	0	0	0	0	0	
38.7500	0	0	0	0	0	0	0	
38.8500	0	0	0	0	0	0	0	
38.9500	0	0	0	0	0	0	0	
39.0500	0	0	0	0	0	0	0	
39.1500	0	0	0	0	0	0	0	
39.2500	0	0	0	0	0	0	0	
39.3500	0	0	0	0	0	0	0	
39.4500	0	0	0	0	0	0	0	
39.5500	0	0	0	0	0	0	0	
39.6500	0	0	0	0	0	0	0	
39.7500	0	0	0	0	0	0	0	
39.8500	0	0	0	0	0	0	0	
39.9500	0	0	0	0	0	0	0	
