bin	ch 1	ch 2	ch 3	ch 4	ch 5	ch 6	ch 7	
0.0500	0	0	0	0	1	0	0	
0.1500	0	0	0	0	0	0	0	
0.2500	0	0	0	0	0	0	0	
0.3500	0	0	0	0	1	1	0	
0.4500	0	0	0	0	1	0	0	
0.5500	0	0	0	0	0	0	0	
0.6500	0	0	0	0	0	0	0	
0.7500	0	0	0	0	1	1	1	
0.8500	0	0	0	0	1	0	0	
0.9500	0	0	0	0	3	0	0	
1.0500	0	0	0	0	0	0	0	
1.1500	0	0	0	0	0	0	0	
1.2500	0	0	0	0	0	0	0	
1.3500	0	0	0	0	0	0	0	
1.4500	0	0	0	0	0	0	0	
1.5500	0	0	0	0	0	1	0	
1.6500	0	0	0	0	0	0	0	
1.7500	0	0	0	0	0	0	0	
1.8500	0	0	0	0	0	0	0	
1.9500	0	0	0	0	0	0	0	
2.0500	0	0	0	0	0	0	0	
2.1500	0	0	0	0	0	1	0	
2.2500	0	0	0	0	0	0	0	
2.3500	0	0	0	0	0	1	0	
2.4500	0	0	0	0	0	0	0	
2.5500	0	0	0	0	0	0	0	
2.6500	0	1	0	0	1	0	0	
2.7500	0	0	0	0	0	0	0	
2.8500	1	1	0	0	1	0	0	
2.9500	0	0	0	0	0	0	0	
3.0500	0	0	0	0	0	0	0	
3.1500	0	0	0	0	0	1	0	
3.2500	0	1	0	0	0	0	0	
3.3500	2	0	1	0	0	0	0	
3.4500	0	0	0	0	0	0	0	
3.5500	0	1	0	0	0	0	0	
3.6500	0	1	1	1	0	0	0	
3.7500	0	0	0	0	0	0	0	
3.8500	0	0	0	0	0	0	0	
3.9500	0	0	1	0	0	0	0	
4.0500	0	0	0	0	1	0	0	
4.1500	0	0	0	0	1	0	0	
4.2500	1	0	1	0	1	0	0	
4.3500	2	0	1	0	0	0	0	
4.4500	0	2	2	0	1	1	1	
4.5500	1	1	0	2	2	0	0	
4.6500	0	1	2	0	1	0	1	
4.7500	0	1	1	1	1	0	0	
4.8500	0	1	1	0	0	0	1	
4.9500	1	1	2	0	0	3	2	
5.0500	0	2	1	0	0	1	0	
5.1500	0	0	1	3	2	0	0	
5.2500	1	0	2	1	1	0	0	
5.3500	2	1	1	1	1	1	0	
5.4500	2	1	1	0	0	0	0	
5.5500	0	0	1	0	0	0	3	
5.6500	0	0	1	2	1	0	0	
5.7500	1	1	1	1	1	0	0	
5.8500	1	2	0	0	1	3	0	
5.9500	1	2	2	0	3	1	0	
6.0500	1	1	0	1	3	0	3	
6.1500	0	1	1	1	2	0	0	
6.2500	0	2	1	1	1	0	1	
6.3500	0	2	2	1	3	1	0	
6.4500	2	4	0	3	2	1	0	
6.5500	0	1	2	0	1	0	0	
6.6500	0	2	1	0	4	0	1	
6.7500	1	1	1	1	3	0	1	
6.8500	0	1	0	1	3	0	0	
6.9500	0	2	2	2	3	0	1	
7.0500	2	0	0	0	3	0	2	
7.1500	2	4	1	2	1	0	2	
7.2500	0	1	1	1	2	1	1	
7.3500	0	2	2	2	1	0	3	
7.4500	1	3	2	3	0	0	1	
7.5500	1	0	3	2	1	0	1	
7.6500	5	0	2	3	1	0	1	
7.7500	1	5	1	1	4	0	2	
7.8500	1	0	2	2	1	0	4	
7.9500	1	0	0	4	2	1	1	
8.0500	2	1	4	0	0	1	2	
8.1500	1	2	1	3	2	0	2	
8.2500	1	4	2	1	1	0	3	
8.3500	1	0	0	1	1	0	4	
8.4500	0	4	1	2	0	1	1	
8.5500	2	3	1	0	4	3	0	
8.6500	1	1	2	0	1	0	1	
8.7500	2	3	2	0	1	0	0	
8.8500	2	1	2	2	1	0	1	
8.9500	2	0	2	1	1	0	2	
9.0500	2	3	2	2	0	2	1	
9.1500	0	0	1	0	2	0	2	
9.2500	2	1	3	0	0	0	2	
9.3500	0	2	1	1	1	1	0	
9.4500	0	2	6	2	0	0	1	
9.5500	1	0	1	3	1	2	0	
9.6500	1	3	1	3	1	2	0	
9.7500	1	2	1	3	3	0	1	
9.8500	1	2	1	2	1	0	2	
9.9500	1	0	2	1	3	0	1	
10.0500	1	2	2	1	1	1	1	
10.1500	1	1	1	2	1	0	1	
10.2500	1	1	4	0	3	0	0	
10.3500	2	1	2	2	2	2	1	
10.4500	1	1	6	1	2	0	0	
10.5500	0	0	0	1	1	0	2	
10.6500	1	1	0	0	2	0	1	
10.7500	3	0	3	1	2	2	2	
10.8500	1	0	2	1	2	2	1	
10.9500	0	1	1	2	2	0	1	
11.0500	4	1	3	0	4	0	1	
11.1500	1	2	4	2	2	0	2	
11.2500	0	4	3	1	1	0	1	
11.3500	1	0	0	0	1	0	2	
11.4500	2	0	2	6	3	0	2	
11.5500	1	1	2	3	0	0	3	
11.6500	3	2	3	2	0	1	2	
11.7500	1	1	2	0	4	0	1	
11.8500	0	4	1	1	2	1	2	
11.9500	1	2	2	3	1	1	3	
12.0500	1	2	3	4	4	1	0	
12.1500	1	0	1	3	1	1	3	
12.2500	1	1	3	3	1	2	1	
12.3500	4	4	1	3	2	1	4	
12.4500	2	3	3	3	2	0	1	
12.5500	2	2	1	5	3	0	2	
12.6500	1	6	5	3	2	0	2	
12.7500	0	2	3	1	0	0	0	
12.8500	3	3	3	3	1	4	2	
12.9500	1	4	4	2	4	3	1	
13.0500	4	1	6	3	2	3	4	
13.1500	2	4	3	6	1	1	6	
13.2500	0	1	2	5	3	5	3	
13.3500	1	2	6	2	3	7	2	
13.4500	2	1	0	2	4	5	1	
13.5500	3	4	2	3	3	6	3	
13.6500	3	5	3	4	2	4	6	
13.7500	5	0	2	2	7	3	2	
13.8500	1	5	4	2	6	1	3	
13.9500	5	4	5	5	4	9	3	
14.0500	7	1	2	4	5	3	7	
14.1500	8	3	6	4	2	11	9	
14.2500	4	7	6	4	5	5	3	
14.3500	1	4	3	2	3	4	5	
14.4500	1	11	6	3	5	4	5	
14.5500	6	9	6	7	4	10	4	
14.6500	3	4	8	4	7	7	6	
14.7500	6	7	5	1	7	4	5	
14.8500	9	6	3	8	11	11	12	
14.9500	5	6	10	12	9	6	5	
15.0500	10	8	12	9	5	15	10	
15.1500	20	8	11	10	14	12	10	
15.2500	18	8	15	12	11	18	11	
15.3500	14	15	13	21	13	30	16	
15.4500	23	24	19	23	16	23	26	
15.5500	22	25	34	20	26	33	36	
15.6500	27	30	26	39	41	45	31	
15.7500	32	37	32	48	39	47	38	
15.8500	55	36	52	47	46	52	53	
15.9500	47	60	62	70	46	84	63	
16.0500	64	65	82	73	74	78	81	
16.1500	73	97	97	109	94	120	98	
16.2500	103	114	107	129	103	123	129	
16.3500	142	143	156	189	139	171	178	
16.4500	161	181	168	206	172	203	199	
16.5500	163	190	208	231	204	236	196	
16.6500	221	213	200	204	214	229	211	
16.7500	190	229	239	194	208	272	230	
16.8500	219	225	195	240	189	230	215	
16.9500	181	181	188	177	223	218	199	
17.0500	181	165	146	165	201	216	139	
17.1500	153	145	143	122	160	167	158	
17.2500	139	115	147	135	152	170	127	
17.3500	143	112	115	91	116	134	103	
17.4500	108	78	97	88	104	107	77	
17.5500	94	60	63	55	81	93	67	
17.6500	76	49	50	50	70	67	67	
17.7500	58	34	52	44	49	73	49	
17.8500	39	34	44	30	46	41	31	
17.9500	38	30	22	18	31	43	21	
18.0500	27	15	15	21	19	31	15	
18.1500	20	12	12	12	19	12	13	
18.2500	9	8	2	6	15	11	10	
18.3500	10	2	6	4	7	11	6	
18.4500	8	3	2	0	3	5	7	
18.5500	2	2	2	0	1	3	0	
18.6500	5	3	0	2	1	1	0	
18.7500	0	1	1	1	0	0	1	
18.8500	1	1	0	0	0	0	0	
18.9500	0	0	1	0	0	0	0	
19.0500	0	0	0	0	0	0	0	
19.1500	0	0	0	0	0	0	0	
19.2500	0	0	0	0	0	0	0	
19.3500	0	0	0	0	0	0	0	
19.4500	0	0	0	0	0	0	0	
19.5500	0	0	0	0	0	0	0	
19.6500	0	0	0	0	0	0	0	
19.7500	0	0	0	0	0	0	0	
19.8500	0	0	0	0	0	0	0	
19.9500	0	0	0	0	0	0	0	
20.0500	0	0	0	0	0	0	0	
20.1500	0	0	0	0	0	0	0	
20.2500	0	0	1	0	0	0	0	
20.3500	0	0	0	0	0	0	0	
20.4500	0	0	0	0	1	0	0	
20.5500	0	0	0	0	0	0	0	
20.6500	0	0	1	0	0	0	0	
20.7500	0	0	0	0	0	0	0	
20.8500	0	0	0	0	0	0	0	
20.9500	0	0	0	0	0	0	0	
21.0500	0	0	0	0	0	0	0	
21.1500	0	0	0	0	0	0	0	
21.2500	0	0	0	0	0	0	0	
21.3500	0	0	0	0	0	0	0	
21.4500	0	0	0	0	0	0	0	
21.5500	0	0	0	0	0	0	0	
21.6500	0	0	0	0	0	0	0	
21.7500	0	0	0	0	0	0	0	
21.8500	0	0	0	0	0	0	0	
21.9500	0	0	0	0	0	0	0	
22.0500	0	0	0	0	0	0	0	
22.1500	0	0	0	0	0	0	0	
22.2500	0	0	0	0	0	0	0	
22.3500	0	0	0	0	0	0	0	
22.4500	0	0	0	0	0	0	0	
22.5500	0	0	0	0	0	0	0	
22.6500	0	0	0	1	0	0	0	
22.7500	0	0	0	0	0	0	0	
22.8500	0	0	0	0	0	0	0	
22.9500	0	0	0	0	0	0	0	
23.0500	0	0	0	0	0	0	0	
23.1500	0	0	0	0	0	0	0	
23.2500	0	0	0	0	0	0	0	
23.3500	0	0	0	0	0	0	0	
23.4500	0	0	0	0	0	0	0	
23.5500	0	0	0	0	0	0	0	
23.6500	0	0	0	0	0	0	0	
23.7500	0	0	0	0	0	0	0	
23.8500	0	0	0	0	0	0	0	
23.9500	0	0	0	0	0	0	1	
24.0500	0	0	0	0	0	0	0	
24.1500	0	0	0	0	0	0	0	
24.2500	0	0	0	0	0	0	0	
24.3500	0	0	0	0	0	0	0	
24.4500	0	0	0	0	0	0	0	
24.5500	0	0	0	0	0	0	0	
24.6500	0	0	0	0	0	0	0	
24.7500	0	0	0	0	0	0	0	
24.8500	0	0	0	0	0	0	0	
24.9500	0	0	0	0	0	0	0	
25.0500	0	0	0	0	0	0	0	
25.1500	0	0	0	0	0	0	0	
25.2500	0	0	0	0	0	0	0	
25.3500	0	0	0	0	0	0	0	
25.4500	0	0	0	0	0	0	0	
25.5500	0	0	0	0	0	0	0	
25.6500	0	0	0	0	0	0	0	
25.7500	0	0	0	0	0	0	0	
25.8500	0	0	0	0	0	0	0	
25.9500	0	0	0	0	0	0	0	
26.0500	0	0	0	0	0	0	0	
26.1500	0	0	0	0	0	0	0	
26.2500	0	0	0	0	0	0	0	
26.3500	0	0	0	0	0	0	0	
26.4500	0	0	0	0	0	0	0	
26.5500	1	0	0	0	0	0	0	
26.6500	0	0	0	0	0	0	0	
26.7500	0	0	0	0	0	0	0	
26.8500	0	0	0	0	0	0	0	
26.9500	0	0	0	0	0	0	0	
27.0500	0	0	0	0	0	0	0	
27.1500	0	0	0	0	0	0	0	
27.2500	0	0	0	0	0	0	0	
27.3500	0	0	0	0	0	0	0	
27.4500	0	0	0	0	0	0	0	
27.5500	0	0	0	0	0	0	0	
27.6500	0	0	0	0	0	0	0	
27.7500	0	0	0	0	0	0	0	
27.8500	0	0	0	0	0	0	0	
27.9500	0	0	0	0	0	0	0	
28.0500	0	0	0	0	0	0	0	
28.1500	0	0	0	0	0	0	0	
28.2500	0	0	0	0	0	0	0	
28.3500	0	0	0	0	0	0	0	
28.4500	1	0	0	0	0	0	0	
28.5500	0	1	1	0	0	0	0	
28.6500	0	0	0	0	0	0	0	
28.7500	0	0	0	0	1	0	0	
28.8500	0	0	0	0	0	0	0	
28.9500	0	0	0	0	0	0	0	
29.0500	0	0	0	0	0	0	0	
29.1500	0	0	0	0	0	0	0	
29.2500	0	0	0	0	0	0	0	
29.3500	0	0	0	0	0	0	0	
29.4500	1	0	0	0	0	0	0	
29.5500	0	0	0	0	0	0	0	
29.6500	0	0	0	0	0	0	0	
29.7500	0	0	0	0	0	0	0	
29.8500	0	0	0	0	0	0	0	
29.9500	0	0	0	0	0	0	0	
30.0500	0	0	0	0	0	0	0	
30.1500	0	0	0	0	0	0	0	
30.2500	0	0	0	0	0	0	0	
30.3500	0	0	0	0	0	0	0	
30.4500	0	0	0	0	0	0	0	
30.5500	0	0	0	0	0	0	0	
30.6500	0	0	0	0	0	0	0	
30.7500	0	0	0	0	0	0	0	
30.8500	0	0	0	0	1	0	0	
30.9500	0	0	0	0	0	0	0	
31.0500	0	0	0	0	1	0	0	
31.1500	0	0	0	0	0	0	0	
31.2500	0	0	0	0	0	0	0	
31.3500	0	0	0	0	0	0	0	
31.4500	0	0	0	0	0	0	0	
31.5500	0	0	0	0	0	1	0	
31.6500	0	0	0	0	0	0	0	
31.7500	0	0	0	0	0	0	0	
31.8500	0	0	0	0	0	0	0	
31.9500	0	0	0	0	0	0	0	
32.0500	0	0	0	0	0	0	0	
32.1500	0	0	0	0	0	0	0	
32.2500	0	0	0	0	0	0	0	
32.3500	0	0	0	0	0	0	0	
32.4500	0	0	0	0	0	0	0	
32.5500	0	0	0	0	0	0	0	
32.6500	0	0	0	0	0	0	0	
32.7500	0	0	0	0	0	0	0	
32.8500	0	0	0	0	0	0	0	
32.9500	0	0	0	0	0	0	0	
33.0500	0	0	0	0	0	0	0	
33.1500	0	0	0	0	0	0	0	
33.2500	0	0	0	0	0	0	0	
33.3500	0	0	0	0	0	0	0	
33.4500	0	0	0	0	0	0	0	
33.5500	0	0	0	0	0	0	0	
33.6500	0	0	0	0	0	0	0	
33.7500	0	0	0	0	0	0	0	
33.8500	0	0	0	0	0	0	0	
33.9500	0	0	0	0	0	0	0	
34.0500	0	0	0	0	0	0	0	
34.1500	0	0	0	0	0	0	0	
34.2500	0	0	0	0	0	0	0	
34.3500	0	0	0	0	0	0	0	
34.4500	0	0	0	0	0	0	0	
34.5500	0	0	0	0	0	0	0	
34.6500	0	0	0	0	0	0	0	
34.7500	0	0	0	0	0	0	0	
34.8500	0	0	0	0	0	0	0	
34.9500	0	0	0	0	0	0	0	
35.0500	0	0	0	0	0	0	0	
35.1500	0	0	0	0	0	0	0	
35.2500	0	0	0	0	0	0	0	
35.3500	0	0	0	0	0	0	0	
35.4500	0	0	0	0	0	0	0	
35.5500	0	0	0	0	0	0	0	
35.6500	0	0	0	0	0	0	0	
35.7500	0	0	0	0	0	0	0	
35.8500	0	0	0	0	0	0	0	
35.9500	0	0	0	0	0	0	0	
36.0500	0	0	0	0	0	0	0	
36.1500	0	0	0	0	0	0	0	
36.2500	0	0	0	0	0	0	0	
36.3500	0	0	0	0	0	0	0	
36.4500	0	0	0	0	0	0	0	
36.5500	0	0	0	0	0	0	0	
36.6500	0	0	0	0	0	0	0	
36.7500	0	0	0	0	0	0	0	
36.8500	0	0	0	0	0	0	0	
36.9500	0	0	0	0	0	0	0	
37.0500	0	0	0	0	0	0	0	
37.1500	0	0	0	0	0	0	0	
37.2500	0	0	0	0	0	0	0	
37.3500	0	0	0	0	0	0	0	
37.4500	0	0	0	0	0	0	0	
37.5500	0	0	0	0	0	0	0	
37.6500	0	0	0	0	0	0	0	
37.7500	0	0	0	0	0	0	0	
37.8500	0	0	0	0	0	0	0	
37.9500	0	0	0	0	0	0	0	
38.0500	0	0	0	0	0	0	0	
38.1500	0	0	0	0	0	0	0	
38.2500	0	0	0	0	0	0	0	
38.3500	0	0	0	0	0	0	0	
38.4500	0	0	0	0	0	0	0	
38.5500	0	0	0	0	0	0	0	
38.6500	0	0	0	0	0	0	0	
38.7500	0	0	0	0	0	0	0	
38.8500	0	0	0	0	0	0	0	
38.9500	0	0	0	0	0	0	0	
39.0500	0	0	0	0	0	0	0	
39.1500	0	0	0	0	0	0	0	
39.2500	0	0	0	0	0	0	0	
39.3500	0	0	0	0	0	0	0	
39.4500	0	0	0	0	0	0	0	
39.5500	0	0	0	0	0	0	0	
39.6500	0	0	0	0	0	0	0	
39.7500	0	0	0	0	0	0	0	
39.8500	0	0	0	0	0	0	0	
39.9500	0	0	0	0	0	0	0	
