bin	ch 1	ch 2	ch 3	ch 4	ch 5	ch 6	ch 7	
0.0500	0	0	0	0	0	0	0	
0.1500	0	0	0	0	1	0	0	
0.2500	0	0	0	0	2	1	1	
0.3500	0	0	1	0	1	0	1	
0.4500	0	0	0	0	2	0	0	
0.5500	0	0	0	0	0	1	0	
0.6500	0	0	0	0	0	1	0	
0.7500	0	0	0	0	2	1	0	
0.8500	0	0	0	0	0	0	0	
0.9500	0	0	0	0	0	0	0	
1.0500	0	0	0	0	0	0	0	
1.1500	0	0	0	0	0	1	0	
1.2500	0	0	0	0	0	0	0	
1.3500	0	0	0	0	0	1	0	
1.4500	0	0	0	0	0	0	0	
1.5500	0	0	0	0	0	0	0	
1.6500	0	0	0	0	0	0	0	
1.7500	0	0	0	0	0	0	0	
1.8500	0	0	0	0	0	0	0	
1.9500	0	0	0	0	0	0	0	
2.0500	0	0	0	0	0	1	0	
2.1500	0	0	1	0	0	0	0	
2.2500	0	0	0	0	0	0	0	
2.3500	0	0	0	0	0	0	0	
2.4500	0	0	0	0	0	0	0	
2.5500	0	0	0	0	1	1	0	
2.6500	0	0	0	0	1	0	0	
2.7500	0	0	0	0	1	1	0	
2.8500	0	0	1	0	1	1	0	
2.9500	0	1	0	0	2	2	1	
3.0500	0	0	4	0	2	0	0	
3.1500	1	0	0	0	2	0	0	
3.2500	0	2	1	0	0	0	0	
3.3500	2	0	0	0	3	2	0	
3.4500	4	1	0	0	1	2	0	
3.5500	0	0	5	0	4	2	0	
3.6500	6	3	1	0	2	1	1	
3.7500	3	0	2	1	1	1	0	
3.8500	6	3	1	1	4	3	0	
3.9500	2	1	4	0	2	1	1	
4.0500	1	2	3	1	1	2	2	
4.1500	3	3	2	0	3	0	2	
4.2500	1	2	1	2	3	0	1	
4.3500	4	6	3	2	3	1	3	
4.4500	4	1	2	2	6	3	1	
4.5500	5	0	5	5	1	2	2	
4.6500	6	4	7	3	4	1	4	
4.7500	2	5	1	3	2	1	6	
4.8500	1	4	6	1	1	0	3	
4.9500	3	2	3	3	3	2	2	
5.0500	10	4	3	7	2	2	2	
5.1500	8	5	10	4	3	1	2	
5.2500	5	5	8	6	6	2	1	
5.3500	9	0	8	3	3	0	2	
5.4500	7	6	3	1	3	1	5	
5.5500	11	3	6	5	6	5	2	
5.6500	2	11	4	2	3	1	1	
5.7500	8	4	4	3	4	3	0	
5.8500	10	6	8	8	6	2	5	
5.9500	3	5	8	7	5	1	1	
6.0500	5	4	4	5	13	3	1	
6.1500	7	10	4	2	7	1	5	
6.2500	11	10	3	9	7	2	4	
6.3500	8	9	7	3	11	1	4	
6.4500	6	11	7	6	2	1	3	
6.5500	5	8	5	9	11	0	2	
6.6500	8	5	9	10	8	3	3	
6.7500	7	14	4	7	7	1	6	
6.8500	8	6	5	8	5	1	1	
6.9500	3	4	9	9	7	0	10	
7.0500	6	11	7	8	5	1	4	
7.1500	7	8	6	2	6	0	7	
7.2500	7	5	5	6	10	1	8	
7.3500	7	6	4	7	9	0	7	
7.4500	8	6	4	10	5	1	7	
7.5500	7	9	5	7	9	2	6	
7.6500	4	10	7	6	9	3	4	
7.7500	11	8	10	10	7	1	9	
7.8500	10	7	5	8	6	6	4	
7.9500	9	2	3	9	1	2	3	
8.0500	7	4	10	8	7	1	5	
8.1500	5	7	6	3	6	0	6	
8.2500	11	8	7	2	4	2	9	
8.3500	11	11	7	7	5	1	13	
8.4500	4	7	6	4	7	1	2	
8.5500	17	9	13	5	4	2	7	
8.6500	10	5	7	9	6	1	14	
8.7500	8	5	6	11	6	0	7	
8.8500	7	4	5	10	9	1	8	
8.9500	7	10	6	4	4	1	7	
9.0500	8	8	9	7	4	3	6	
9.1500	10	11	6	5	6	0	11	
9.2500	6	8	4	5	9	1	9	
9.3500	7	9	10	6	4	1	7	
9.4500	5	3	7	7	7	0	6	
9.5500	6	9	9	6	7	0	7	
9.6500	8	8	6	6	11	1	7	
9.7500	4	10	7	13	7	1	8	
9.8500	4	8	8	7	8	3	6	
9.9500	9	12	6	10	10	2	8	
10.0500	8	1	10	4	9	3	9	
10.1500	7	14	9	4	5	5	11	
10.2500	8	5	6	9	11	6	5	
10.3500	9	4	11	10	6	4	7	
10.4500	6	8	6	11	7	1	4	
10.5500	8	5	7	7	8	2	9	
10.6500	13	18	5	10	5	4	9	
10.7500	3	9	11	10	6	5	4	
10.8500	18	14	6	9	7	3	9	
10.9500	5	9	6	7	8	8	9	
11.0500	4	15	13	12	8	6	8	
11.1500	7	11	10	8	10	12	13	
11.2500	3	8	14	3	9	11	4	
11.3500	8	12	11	11	9	16	9	
11.4500	10	15	10	13	17	7	10	
11.5500	11	12	20	10	13	11	11	
11.6500	6	13	8	10	13	13	12	
11.7500	11	9	12	9	12	5	15	
11.8500	6	18	15	12	13	13	24	
11.9500	13	19	16	22	15	14	17	
12.0500	16	11	11	10	12	13	13	
12.1500	18	19	20	14	13	14	15	
12.2500	18	15	18	12	15	11	22	
12.3500	17	13	13	17	17	15	20	
12.4500	24	10	17	25	13	12	14	
12.5500	19	15	16	18	19	21	10	
12.6500	12	22	16	20	19	20	11	
12.7500	23	25	19	12	23	23	19	
12.8500	27	9	13	17	15	27	26	
12.9500	26	35	20	18	16	25	21	
13.0500	21	21	32	18	27	30	26	
13.1500	20	17	22	29	25	22	25	
13.2500	20	23	24	20	18	42	27	
13.3500	22	33	23	23	26	43	21	
13.4500	25	32	35	27	21	36	36	
13.5500	32	39	27	39	39	42	24	
13.6500	35	30	39	34	39	64	35	
13.7500	47	44	40	35	56	72	53	
13.8500	57	53	44	52	48	85	63	
13.9500	67	53	64	52	66	81	62	
14.0500	68	66	79	77	86	115	81	
14.1500	84	68	83	95	87	142	81	
14.2500	112	111	123	108	103	146	108	
14.3500	131	132	137	123	131	158	121	
14.4500	160	151	150	175	155	222	150	
14.5500	187	205	222	245	206	277	204	
14.6500	229	292	282	275	251	365	255	
14.7500	317	389	378	389	344	430	373	
14.8500	472	483	449	521	457	563	514	
14.9500	507	622	633	629	571	662	601	
15.0500	666	671	682	682	626	742	701	
15.1500	720	775	729	775	687	793	794	
15.2500	773	791	777	833	753	890	798	
15.3500	820	808	800	816	790	883	807	
15.4500	773	750	746	765	782	919	783	
15.5500	718	706	767	688	700	906	703	
15.6500	659	673	690	639	681	823	655	
15.7500	636	637	576	627	635	768	637	
15.8500	607	572	612	575	609	690	587	
15.9500	507	563	548	509	535	689	580	
16.0500	548	490	502	504	508	590	552	
16.1500	504	417	466	445	465	561	442	
16.2500	461	430	426	449	440	493	422	
16.3500	419	431	420	369	437	471	363	
16.4500	369	373	337	367	366	405	347	
16.5500	360	308	360	285	320	350	299	
16.6500	275	282	290	248	268	334	313	
16.7500	284	240	247	236	274	266	250	
16.8500	231	233	225	217	232	281	213	
16.9500	191	211	213	173	194	274	181	
17.0500	184	158	160	163	170	171	167	
17.1500	173	130	132	138	149	192	146	
17.2500	119	129	150	132	137	146	108	
17.3500	87	87	99	82	107	137	103	
17.4500	93	101	94	77	96	118	80	
17.5500	97	71	87	53	84	88	72	
17.6500	73	60	60	44	57	81	59	
17.7500	47	42	39	42	45	65	49	
17.8500	69	32	39	24	46	56	28	
17.9500	36	25	27	17	28	39	28	
18.0500	31	20	13	9	22	31	21	
18.1500	22	15	11	12	15	10	14	
18.2500	12	5	8	5	15	8	4	
18.3500	10	5	5	3	11	7	5	
18.4500	3	2	5	3	4	4	2	
18.5500	2	1	2	1	3	6	1	
18.6500	0	0	0	0	0	0	1	
18.7500	2	0	2	0	4	3	0	
18.8500	0	0	0	0	0	0	0	
18.9500	0	0	0	0	0	1	1	
19.0500	0	0	0	0	0	0	0	
19.1500	0	0	0	0	0	0	0	
19.2500	0	1	0	0	0	0	0	
19.3500	0	0	0	0	0	0	0	
19.4500	0	0	0	0	0	0	0	
19.5500	0	0	0	0	0	0	0	
19.6500	0	0	0	0	0	0	1	
19.7500	0	0	0	0	0	1	0	
19.8500	0	0	0	0	0	0	0	
19.9500	0	0	0	0	0	0	0	
20.0500	0	0	0	0	0	0	0	
20.1500	0	0	0	0	0	0	0	
20.2500	0	0	0	0	0	2	0	
20.3500	0	0	0	0	0	0	0	
20.4500	0	0	0	0	0	0	0	
20.5500	0	0	0	0	0	0	0	
20.6500	2	0	1	0	0	0	0	
20.7500	0	0	0	0	0	0	0	
20.8500	0	0	0	0	0	0	0	
20.9500	0	0	0	0	0	0	0	
21.0500	0	0	0	0	0	1	0	
21.1500	0	0	0	0	0	0	0	
21.2500	0	0	0	0	0	0	0	
21.3500	0	0	0	0	0	0	0	
21.4500	0	0	0	0	0	0	0	
21.5500	0	0	0	0	0	0	0	
21.6500	0	0	0	0	0	1	0	
21.7500	0	0	0	0	0	1	0	
21.8500	0	0	0	0	0	0	0	
21.9500	0	0	1	0	0	0	0	
22.0500	0	0	0	0	0	0	0	
22.1500	0	1	0	0	0	0	1	
22.2500	0	0	1	0	0	0	0	
22.3500	0	0	0	0	0	0	0	
22.4500	0	0	0	0	0	0	0	
22.5500	0	0	0	1	0	0	0	
22.6500	1	0	0	0	0	0	0	
22.7500	0	0	0	0	0	0	0	
22.8500	0	0	0	0	0	0	0	
22.9500	0	0	0	0	0	0	0	
23.0500	0	1	0	0	0	0	0	
23.1500	0	0	0	0	0	0	1	
23.2500	0	0	0	0	0	1	0	
23.3500	0	0	0	0	0	0	0	
23.4500	0	1	0	0	0	0	0	
23.5500	0	1	0	0	0	0	0	
23.6500	0	0	0	0	0	0	0	
23.7500	0	0	0	0	0	1	0	
23.8500	0	0	0	0	0	0	0	
23.9500	0	0	0	0	0	0	0	
24.0500	0	0	0	0	0	0	0	
24.1500	0	0	0	0	0	0	0	
24.2500	0	0	0	0	1	0	0	
24.3500	0	1	0	0	0	0	0	
24.4500	0	0	0	0	0	0	0	
24.5500	0	0	0	0	0	0	0	
24.6500	0	0	0	0	0	1	0	
24.7500	0	0	0	0	0	1	0	
24.8500	0	0	0	0	0	0	0	
24.9500	0	0	0	0	0	0	0	
25.0500	0	0	0	0	0	0	0	
25.1500	0	0	1	0	0	1	0	
25.2500	0	0	0	0	0	1	0	
25.3500	1	0	0	0	0	0	1	
25.4500	0	1	0	0	0	0	0	
25.5500	0	0	0	0	0	0	0	
25.6500	0	0	1	0	0	1	0	
25.7500	0	0	0	0	0	0	0	
25.8500	0	0	0	0	0	1	0	
25.9500	0	0	0	0	0	1	0	
26.0500	0	0	0	0	0	0	0	
26.1500	0	0	0	0	0	0	0	
26.2500	0	0	0	0	0	0	0	
26.3500	0	0	0	0	0	0	0	
26.4500	0	0	0	1	0	0	0	
26.5500	0	1	1	0	0	1	0	
26.6500	0	0	0	0	0	0	0	
26.7500	0	0	0	0	0	0	0	
26.8500	0	0	0	1	0	0	0	
26.9500	0	0	0	0	0	0	0	
27.0500	0	0	0	0	0	0	0	
27.1500	0	1	0	0	0	0	0	
27.2500	0	0	0	0	0	0	0	
27.3500	0	0	0	0	0	1	0	
27.4500	0	0	0	1	0	1	0	
27.5500	0	0	0	0	0	0	0	
27.6500	0	0	0	0	0	1	0	
27.7500	0	0	0	0	0	0	0	
27.8500	0	0	0	0	0	0	0	
27.9500	0	0	0	0	1	0	0	
28.0500	0	0	0	0	0	0	1	
28.1500	0	0	0	0	0	1	0	
28.2500	0	0	1	0	0	0	0	
28.3500	0	0	1	0	0	0	0	
28.4500	0	0	0	0	0	1	0	
28.5500	0	0	0	0	0	0	0	
28.6500	1	0	0	1	1	2	0	
28.7500	0	0	0	0	0	0	0	
28.8500	0	0	0	0	0	1	0	
28.9500	1	0	0	0	0	0	0	
29.0500	0	0	0	0	0	0	0	
29.1500	0	0	0	1	0	1	0	
29.2500	0	0	0	0	1	1	0	
29.3500	0	0	0	0	0	0	1	
29.4500	0	0	0	0	0	1	0	
29.5500	0	0	0	0	0	0	0	
29.6500	1	1	0	0	0	0	0	
29.7500	0	0	0	0	0	1	0	
29.8500	0	1	0	0	1	2	0	
29.9500	0	0	0	0	0	2	0	
30.0500	0	0	0	0	0	0	0	
30.1500	0	0	0	0	0	0	1	
30.2500	0	0	0	0	0	1	0	
30.3500	0	1	0	0	1	1	0	
30.4500	0	0	0	0	0	1	0	
30.5500	0	0	0	0	0	0	1	
30.6500	0	0	0	0	1	0	0	
30.7500	0	0	1	0	0	2	0	
30.8500	0	0	0	0	0	0	0	
30.9500	0	0	0	0	0	0	0	
31.0500	0	0	1	0	0	0	0	
31.1500	0	0	1	0	0	0	1	
31.2500	0	0	0	0	0	0	0	
31.3500	0	0	0	0	0	0	0	
31.4500	0	1	0	0	0	0	0	
31.5500	0	0	0	0	0	1	0	
31.6500	0	0	0	1	0	0	0	
31.7500	0	0	0	0	0	0	0	
31.8500	1	0	0	0	0	0	1	
31.9500	0	1	0	0	0	0	0	
32.0500	0	0	0	0	0	0	0	
32.1500	0	0	0	0	0	1	0	
32.2500	0	0	0	0	0	0	0	
32.3500	0	0	0	0	0	0	0	
32.4500	0	0	0	0	0	0	0	
32.5500	0	0	0	0	0	0	0	
32.6500	0	0	0	0	0	0	0	
32.7500	0	0	0	0	0	0	0	
32.8500	0	0	0	0	1	1	0	
32.9500	0	0	0	0	0	0	0	
33.0500	0	0	0	0	0	0	0	
33.1500	0	0	0	0	0	0	0	
33.2500	0	0	0	0	0	0	0	
33.3500	0	0	0	0	0	0	0	
33.4500	0	0	0	0	0	0	0	
33.5500	0	0	0	0	0	0	0	
33.6500	0	0	0	0	0	0	0	
33.7500	0	0	0	0	0	0	0	
33.8500	0	0	0	0	0	0	0	
33.9500	0	0	0	0	0	0	0	
34.0500	0	0	0	0	0	0	0	
34.1500	0	0	0	0	0	0	0	
34.2500	0	0	0	0	0	0	0	
34.3500	0	0	0	0	0	0	0	
34.4500	0	0	0	0	0	0	0	
34.5500	0	0	0	0	0	0	0	
34.6500	0	0	0	0	0	0	0	
34.7500	0	0	0	0	0	0	0	
34.8500	0	0	0	0	0	0	0	
34.9500	0	0	0	0	0	0	0	
35.0500	0	0	0	0	0	0	0	
35.1500	0	0	0	0	0	0	0	
35.2500	0	0	0	0	0	0	0	
35.3500	0	0	0	0	0	0	0	
35.4500	0	0	0	0	0	0	0	
35.5500	0	0	0	0	0	0	0	
35.6500	0	0	0	0	0	0	0	
35.7500	0	0	0	0	0	0	0	
35.8500	0	0	0	0	0	0	0	
35.9500	0	0	0	0	0	0	0	
36.0500	0	0	0	0	0	0	0	
36.1500	0	0	0	0	0	0	0	
36.2500	0	0	0	0	0	0	0	
36.3500	0	0	0	0	0	0	0	
36.4500	0	0	0	0	0	0	0	
36.5500	0	0	0	0	0	0	0	
36.6500	0	0	0	0	0	0	0	
36.7500	0	0	0	0	0	0	0	
36.8500	0	0	0	0	0	0	0	
36.9500	0	0	0	0	0	0	0	
37.0500	0	0	0	0	0	0	0	
37.1500	0	0	0	0	0	0	0	
37.2500	0	0	0	0	0	0	0	
37.3500	0	0	0	0	0	0	0	
37.4500	0	0	0	0	0	0	0	
37.5500	0	0	0	0	0	0	0	
37.6500	0	0	0	0	0	0	0	
37.7500	0	0	0	0	0	0	0	
37.8500	0	0	0	0	0	0	0	
37.9500	0	0	0	0	0	0	0	
38.0500	0	0	0	0	0	0	0	
38.1500	0	0	0	0	0	0	0	
38.2500	0	0	0	0	0	0	0	
38.3500	0	0	0	0	0	0	0	
38.4500	0	0	0	0	0	0	0	
38.5500	0	0	0	0	0	0	0	
38.6500	0	0	0	0	0	0	0	
38.7500	0	0	0	0	0	0	0	
38.8500	0	0	0	0	0	0	0	
38.9500	0	0	0	0	0	0	0	
39.0500	0	0	0	0	0	0	0	
39.1500	0	0	0	0	0	0	0	
39.2500	0	0	0	0	0	0	0	
39.3500	0	0	0	0	0	0	0	
39.4500	0	0	0	0	0	0	0	
39.5500	0	0	0	0	0	0	0	
39.6500	0	0	0	0	0	0	0	
39.7500	0	0	0	0	0	0	0	
39.8500	0	0	0	0	0	0	0	
39.9500	0	0	0	0	0	0	0	
