bin	ch 1	ch 2	ch 3	ch 4	ch 5	ch 6	ch 7	
0.0500	0	0	0	0	2	0	0	
0.1500	0	1	0	0	1	0	0	
0.2500	0	0	0	0	2	0	0	
0.3500	0	0	0	0	0	0	0	
0.4500	0	0	0	0	0	0	0	
0.5500	0	0	0	0	1	0	0	
0.6500	0	0	0	0	0	0	0	
0.7500	0	0	0	1	1	0	0	
0.8500	0	0	0	0	0	0	1	
0.9500	0	1	1	0	0	0	0	
1.0500	1	0	0	0	0	0	0	
1.1500	0	0	0	0	0	0	0	
1.2500	0	0	0	0	1	0	1	
1.3500	0	0	1	0	0	0	0	
1.4500	0	0	0	0	0	0	1	
1.5500	0	0	0	0	0	0	0	
1.6500	0	0	0	0	0	0	0	
1.7500	0	0	0	0	0	0	0	
1.8500	0	0	0	0	0	0	0	
1.9500	0	0	0	0	1	0	0	
2.0500	0	0	0	0	0	0	0	
2.1500	0	0	0	0	0	0	0	
2.2500	0	0	0	0	0	0	0	
2.3500	0	0	0	0	0	0	0	
2.4500	0	0	0	0	0	1	0	
2.5500	0	0	0	1	0	0	0	
2.6500	1	0	1	0	0	0	0	
2.7500	0	0	1	1	1	0	0	
2.8500	0	1	2	0	0	0	0	
2.9500	0	1	1	0	2	1	0	
3.0500	4	0	1	0	1	1	0	
3.1500	1	2	5	0	1	0	0	
3.2500	1	0	3	0	2	2	1	
3.3500	2	3	3	0	3	1	0	
3.4500	2	3	7	1	5	0	0	
3.5500	2	2	2	0	7	2	0	
3.6500	1	1	2	0	4	1	0	
3.7500	4	2	4	1	6	2	0	
3.8500	3	2	4	1	1	1	1	
3.9500	3	2	2	2	4	1	0	
4.0500	4	4	2	0	3	2	2	
4.1500	1	3	3	2	7	2	5	
4.2500	5	6	7	1	3	0	1	
4.3500	7	1	3	3	4	3	3	
4.4500	4	4	3	1	8	1	3	
4.5500	3	4	5	2	7	2	3	
4.6500	3	7	3	3	6	1	2	
4.7500	4	1	5	2	5	1	0	
4.8500	3	2	5	1	5	0	1	
4.9500	7	5	6	6	6	0	2	
5.0500	2	3	5	6	5	1	1	
5.1500	4	8	7	5	6	1	6	
5.2500	3	8	6	5	9	0	5	
5.3500	13	1	10	6	3	2	3	
5.4500	8	3	7	1	5	3	2	
5.5500	5	7	10	2	3	2	3	
5.6500	15	7	9	4	9	3	2	
5.7500	9	8	7	5	7	2	4	
5.8500	15	8	10	10	7	2	3	
5.9500	12	6	10	5	11	0	4	
6.0500	9	14	17	9	10	0	7	
6.1500	5	14	13	8	14	1	4	
6.2500	14	8	10	13	13	0	10	
6.3500	9	13	13	6	8	3	6	
6.4500	8	9	11	8	8	0	6	
6.5500	6	9	12	22	14	2	5	
6.6500	8	7	9	12	14	0	8	
6.7500	8	10	10	8	4	0	6	
6.8500	11	5	14	5	12	1	4	
6.9500	6	10	15	10	7	3	10	
7.0500	5	14	9	11	12	0	5	
7.1500	8	9	13	11	17	5	11	
7.2500	11	5	16	9	10	3	8	
7.3500	7	17	13	11	5	3	14	
7.4500	14	15	19	6	9	1	6	
7.5500	6	6	10	10	10	2	8	
7.6500	16	12	8	10	8	4	10	
7.7500	14	13	8	11	14	1	14	
7.8500	8	9	8	5	13	2	14	
7.9500	11	11	7	10	12	2	11	
8.0500	11	9	8	9	9	2	12	
8.1500	12	12	12	14	13	3	10	
8.2500	15	6	8	8	8	3	10	
8.3500	8	16	10	11	13	2	16	
8.4500	11	13	11	13	9	4	12	
8.5500	7	8	6	8	15	2	7	
8.6500	9	7	12	6	12	0	12	
8.7500	13	12	16	12	8	0	15	
8.8500	8	9	14	15	18	3	12	
8.9500	13	9	6	11	17	4	9	
9.0500	14	9	5	8	14	3	13	
9.1500	13	14	12	10	12	2	10	
9.2500	13	9	12	11	14	2	13	
9.3500	10	15	5	7	15	3	12	
9.4500	6	12	13	11	12	5	13	
9.5500	11	17	13	11	15	2	13	
9.6500	14	18	11	11	21	6	10	
9.7500	9	15	10	11	13	4	8	
9.8500	17	13	17	14	11	4	12	
9.9500	16	16	13	5	9	2	13	
10.0500	10	19	14	11	11	8	14	
10.1500	14	11	10	8	16	5	20	
10.2500	7	16	14	12	10	7	11	
10.3500	13	12	16	19	13	7	13	
10.4500	21	14	15	15	14	7	9	
10.5500	11	14	19	18	9	13	12	
10.6500	12	17	16	17	17	11	14	
10.7500	19	19	16	10	18	9	9	
10.8500	17	15	16	20	19	8	12	
10.9500	16	10	14	19	18	11	16	
11.0500	11	17	25	10	18	11	18	
11.1500	18	11	11	19	15	20	13	
11.2500	15	22	22	17	17	15	16	
11.3500	23	20	14	21	21	17	19	
11.4500	16	17	18	21	17	15	15	
11.5500	21	18	19	22	26	17	15	
11.6500	22	22	27	15	21	20	22	
11.7500	20	18	22	22	11	17	19	
11.8500	25	12	23	25	25	17	22	
11.9500	22	24	13	19	21	25	27	
12.0500	22	27	24	27	23	17	23	
12.1500	21	45	26	27	26	31	33	
12.2500	25	31	25	25	30	28	30	
12.3500	20	29	36	36	29	36	33	
12.4500	24	22	34	26	29	32	40	
12.5500	35	38	28	29	35	27	27	
12.6500	31	35	41	45	41	41	34	
12.7500	24	35	25	38	31	38	38	
12.8500	36	39	42	39	49	51	45	
12.9500	41	41	45	39	50	54	31	
13.0500	51	48	36	48	52	65	32	
13.1500	51	54	55	55	36	80	41	
13.2500	60	48	62	50	56	77	70	
13.3500	57	75	62	68	59	95	57	
13.4500	58	77	74	73	98	113	76	
13.5500	90	95	77	71	84	121	86	
13.6500	86	107	98	91	90	153	108	
13.7500	119	121	134	170	125	190	143	
13.8500	139	167	205	165	149	202	163	
13.9500	186	220	204	212	186	208	191	
14.0500	243	256	270	277	279	331	280	
14.1500	338	309	353	384	361	379	372	
14.2500	431	461	433	538	475	544	492	
14.3500	584	644	650	697	565	643	648	
14.4500	731	785	806	840	712	853	817	
14.5500	807	966	907	993	889	1012	931	
14.6500	1002	986	1039	1055	947	1139	1019	
14.7500	984	1124	1043	1107	1029	1269	1027	
14.8500	1039	1104	1046	1118	1069	1201	1115	
14.9500	1089	1089	1092	1032	969	1297	1098	
15.0500	1013	1005	1024	987	998	1209	1030	
15.1500	950	953	926	950	975	1085	1002	
15.2500	938	861	948	869	886	1057	895	
15.3500	922	803	878	815	845	927	878	
15.4500	785	780	795	752	782	947	785	
15.5500	804	667	718	661	711	891	756	
15.6500	708	694	656	650	650	823	703	
15.7500	681	652	609	645	634	776	640	
15.8500	628	550	599	529	611	679	580	
15.9500	567	548	567	515	507	654	518	
16.0500	511	502	503	454	526	569	488	
16.1500	487	443	480	460	484	532	482	
16.2500	458	440	393	405	459	500	409	
16.3500	436	360	388	362	402	407	392	
16.4500	380	324	358	328	369	381	327	
16.5500	308	352	293	327	352	378	323	
16.6500	308	255	285	249	297	375	287	
16.7500	292	251	244	222	253	286	290	
16.8500	251	207	200	215	229	252	214	
16.9500	209	198	199	183	188	253	166	
17.0500	169	168	183	193	160	209	148	
17.1500	154	130	151	135	133	171	148	
17.2500	157	150	137	110	149	162	120	
17.3500	120	86	87	90	120	129	110	
17.4500	113	104	89	81	113	133	71	
17.5500	76	87	75	52	77	88	71	
17.6500	55	40	75	51	71	79	46	
17.7500	55	48	42	43	37	50	30	
17.8500	44	32	35	27	47	42	42	
17.9500	33	30	27	20	35	34	22	
18.0500	23	16	19	13	26	27	19	
18.1500	19	11	18	10	14	18	12	
18.2500	15	11	11	4	17	11	6	
18.3500	3	7	11	6	5	8	5	
18.4500	4	6	5	2	10	8	3	
18.5500	3	0	5	0	2	3	1	
18.6500	2	0	0	1	3	4	1	
18.7500	0	0	1	0	1	2	0	
18.8500	0	1	1	0	0	0	0	
18.9500	0	0	0	0	0	1	0	
19.0500	1	0	0	0	0	1	0	
19.1500	0	0	0	0	0	0	0	
19.2500	0	0	0	0	0	0	0	
19.3500	0	0	0	1	0	0	0	
19.4500	0	0	0	0	0	0	0	
19.5500	0	0	0	0	0	0	1	
19.6500	0	0	0	0	0	0	1	
19.7500	0	0	0	0	0	0	0	
19.8500	0	0	0	1	0	1	0	
19.9500	0	0	0	1	0	1	0	
20.0500	0	0	0	0	0	0	0	
20.1500	0	0	0	0	0	0	0	
20.2500	0	0	0	0	0	2	0	
20.3500	1	1	0	0	0	0	0	
20.4500	0	1	0	0	0	1	0	
20.5500	0	0	0	0	0	0	0	
20.6500	0	0	0	0	0	0	1	
20.7500	0	0	0	0	0	0	0	
20.8500	0	0	0	0	0	0	0	
20.9500	0	0	0	0	0	0	0	
21.0500	0	0	0	0	0	0	0	
21.1500	1	0	0	0	0	1	0	
21.2500	0	1	0	0	0	1	1	
21.3500	0	0	0	0	0	1	0	
21.4500	0	0	0	0	0	1	0	
21.5500	0	0	0	0	0	2	2	
21.6500	0	1	0	0	0	1	0	
21.7500	0	0	0	0	0	1	0	
21.8500	0	0	0	1	0	0	0	
21.9500	0	0	0	0	0	0	0	
22.0500	0	0	0	0	0	1	1	
22.1500	0	0	0	0	0	0	0	
22.2500	0	0	0	0	0	2	0	
22.3500	0	0	0	0	0	1	0	
22.4500	1	0	0	0	0	0	0	
22.5500	0	0	0	0	1	1	0	
22.6500	0	0	0	0	0	1	0	
22.7500	0	0	1	1	0	1	0	
22.8500	0	0	0	0	0	0	0	
22.9500	0	0	0	0	0	2	0	
23.0500	0	1	0	0	0	0	0	
23.1500	1	0	0	0	1	0	0	
23.2500	0	0	0	0	0	0	1	
23.3500	1	0	0	0	0	0	0	
23.4500	0	0	1	0	0	0	0	
23.5500	1	0	0	0	0	0	0	
23.6500	0	0	0	0	0	0	0	
23.7500	0	0	1	0	1	0	0	
23.8500	0	0	0	0	0	1	0	
23.9500	0	0	0	0	0	0	0	
24.0500	0	0	0	0	0	2	0	
24.1500	0	0	0	0	0	1	0	
24.2500	0	0	0	0	0	0	0	
24.3500	1	0	0	0	0	1	0	
24.4500	0	0	0	0	0	0	0	
24.5500	0	0	0	0	0	0	0	
24.6500	0	0	1	0	0	0	0	
24.7500	0	0	0	0	0	0	0	
24.8500	0	0	0	0	0	1	0	
24.9500	0	0	0	0	0	0	0	
25.0500	0	0	0	1	0	1	0	
25.1500	0	0	0	0	0	0	0	
25.2500	0	0	0	0	0	0	0	
25.3500	0	0	0	0	0	0	0	
25.4500	0	0	0	0	0	1	0	
25.5500	0	0	0	0	0	0	0	
25.6500	0	0	0	0	0	0	0	
25.7500	0	0	0	0	2	1	0	
25.8500	0	0	0	0	0	0	0	
25.9500	0	0	0	0	0	3	0	
26.0500	0	0	0	0	1	4	0	
26.1500	0	0	0	0	1	0	0	
26.2500	0	0	0	0	0	0	0	
26.3500	0	0	0	0	0	0	0	
26.4500	0	0	0	0	0	0	0	
26.5500	0	0	1	0	0	0	1	
26.6500	1	0	0	0	0	2	1	
26.7500	0	0	0	0	0	0	0	
26.8500	0	0	0	0	1	0	0	
26.9500	0	0	0	0	0	0	0	
27.0500	0	0	0	1	0	0	0	
27.1500	0	0	0	0	0	2	0	
27.2500	0	0	0	0	0	1	0	
27.3500	1	0	0	0	0	1	0	
27.4500	0	0	0	0	0	3	0	
27.5500	0	0	0	0	0	0	0	
27.6500	0	0	0	0	0	1	0	
27.7500	1	0	0	0	0	0	0	
27.8500	0	0	0	0	0	3	0	
27.9500	0	0	1	1	0	0	0	
28.0500	0	0	0	0	0	0	0	
28.1500	0	0	1	0	0	1	0	
28.2500	1	0	1	0	0	3	0	
28.3500	0	0	0	0	0	3	0	
28.4500	0	0	0	0	0	1	1	
28.5500	1	0	0	0	0	0	0	
28.6500	0	0	0	0	0	0	0	
28.7500	0	0	0	1	0	0	0	
28.8500	0	0	0	0	0	3	0	
28.9500	0	0	0	0	1	0	0	
29.0500	0	0	0	0	0	0	0	
29.1500	0	0	0	1	0	3	0	
29.2500	0	0	0	1	0	4	0	
29.3500	0	0	1	0	0	0	0	
29.4500	0	1	0	1	0	0	0	
29.5500	1	1	0	0	0	0	0	
29.6500	0	0	0	0	0	0	0	
29.7500	0	0	0	0	0	1	0	
29.8500	0	0	2	0	0	1	0	
29.9500	0	0	0	0	0	0	0	
30.0500	1	0	0	0	0	3	1	
30.1500	0	0	0	2	0	0	0	
30.2500	1	0	0	1	0	0	0	
30.3500	0	0	0	1	0	1	0	
30.4500	1	0	0	0	0	0	0	
30.5500	0	0	1	0	1	0	0	
30.6500	0	0	0	0	0	1	0	
30.7500	1	0	0	0	1	2	0	
30.8500	0	0	0	0	0	0	0	
30.9500	0	0	0	0	0	0	0	
31.0500	0	0	0	0	0	0	0	
31.1500	0	0	0	0	0	1	0	
31.2500	1	0	0	0	0	0	0	
31.3500	0	0	0	0	0	2	0	
31.4500	0	0	0	0	0	0	0	
31.5500	0	0	1	0	0	0	0	
31.6500	0	0	0	0	0	0	0	
31.7500	0	0	0	0	0	1	0	
31.8500	0	0	0	0	0	0	0	
31.9500	0	0	0	0	0	0	0	
32.0500	0	0	0	0	0	0	0	
32.1500	0	0	0	0	0	0	0	
32.2500	0	0	0	0	1	0	0	
32.3500	0	0	0	0	0	0	0	
32.4500	0	0	0	0	0	2	0	
32.5500	0	0	0	0	0	0	0	
32.6500	0	0	0	0	0	0	0	
32.7500	0	0	0	0	0	0	0	
32.8500	0	0	0	0	0	0	0	
32.9500	0	0	0	0	0	0	0	
33.0500	0	0	0	0	0	0	0	
33.1500	0	0	0	0	0	0	0	
33.2500	0	0	0	0	0	0	0	
33.3500	0	0	0	0	0	0	0	
33.4500	0	0	0	0	0	0	0	
33.5500	0	0	0	0	0	0	0	
33.6500	0	0	0	0	0	0	0	
33.7500	0	0	0	0	0	0	0	
33.8500	0	0	0	0	1	0	0	
33.9500	0	0	0	0	0	0	0	
34.0500	0	0	0	0	0	0	0	
34.1500	0	0	0	0	0	0	0	
34.2500	0	0	0	0	0	0	0	
34.3500	0	0	0	0	0	0	0	
34.4500	0	0	0	0	0	0	0	
34.5500	0	0	0	0	0	0	0	
34.6500	0	0	0	0	0	0	0	
34.7500	0	0	0	0	0	0	0	
34.8500	0	0	0	0	0	0	0	
34.9500	0	0	0	0	0	0	0	
35.0500	0	0	0	0	0	0	0	
35.1500	0	0	0	0	0	0	0	
35.2500	0	0	0	0	0	0	0	
35.3500	0	0	0	0	0	0	0	
35.4500	0	0	0	0	0	0	0	
35.5500	0	0	0	0	0	0	0	
35.6500	0	0	0	0	0	0	0	
35.7500	0	0	0	0	0	0	0	
35.8500	0	0	0	0	0	0	0	
35.9500	0	0	0	0	0	0	0	
36.0500	0	0	0	0	0	0	0	
36.1500	0	0	0	0	0	0	0	
36.2500	0	0	0	0	0	0	0	
36.3500	0	0	0	0	0	0	0	
36.4500	0	0	0	0	0	0	0	
36.5500	0	0	0	0	0	0	0	
36.6500	0	0	0	0	0	0	0	
36.7500	0	0	0	0	0	0	0	
36.8500	0	0	0	0	0	0	0	
36.9500	0	0	0	0	0	0	0	
37.0500	0	0	0	0	0	0	0	
37.1500	0	0	0	0	0	0	0	
37.2500	0	0	0	0	0	0	0	
37.3500	0	0	0	0	0	0	0	
37.4500	0	0	0	0	0	0	0	
37.5500	0	0	0	0	0	0	0	
37.6500	0	0	0	0	0	0	0	
37.7500	0	0	0	0	0	0	0	
37.8500	0	0	0	0	0	0	0	
37.9500	0	0	0	0	0	0	0	
38.0500	0	0	0	0	0	0	0	
38.1500	0	0	0	0	0	0	0	
38.2500	0	0	0	0	0	0	0	
38.3500	0	0	0	0	0	0	0	
38.4500	0	0	0	0	0	0	0	
38.5500	0	0	0	0	0	0	0	
38.6500	0	0	0	0	0	0	0	
38.7500	0	0	0	0	0	0	0	
38.8500	0	0	0	0	0	0	0	
38.9500	0	0	0	0	0	0	0	
39.0500	0	0	0	0	0	0	0	
39.1500	0	0	0	0	0	0	0	
39.2500	0	0	0	0	0	0	0	
39.3500	0	0	0	0	0	0	0	
39.4500	0	0	0	0	0	0	0	
39.5500	0	0	0	0	0	0	0	
39.6500	0	0	0	0	0	0	0	
39.7500	0	0	0	0	0	0	0	
39.8500	0	0	0	0	0	0	0	
39.9500	0	0	0	0	0	0	0	
