bin	ch 1	ch 2	ch 3	ch 4	ch 5	ch 6	ch 7	
0.0500	0	0	0	0	0	0	0	
0.1500	0	0	0	0	0	0	0	
0.2500	1	0	0	0	1	0	0	
0.3500	0	0	1	0	0	0	0	
0.4500	0	0	0	0	0	0	1	
0.5500	0	0	0	0	0	0	1	
0.6500	0	0	0	0	1	0	1	
0.7500	0	0	0	0	0	0	0	
0.8500	0	0	0	0	0	1	0	
0.9500	0	0	0	0	0	0	0	
1.0500	0	0	1	0	3	0	0	
1.1500	0	0	0	0	0	0	0	
1.2500	0	0	0	1	0	0	0	
1.3500	0	1	0	1	1	0	0	
1.4500	0	0	0	0	0	0	0	
1.5500	0	1	0	0	0	0	0	
1.6500	0	0	0	2	0	0	0	
1.7500	2	0	1	0	0	0	0	
1.8500	0	0	0	0	0	0	0	
1.9500	0	0	0	0	0	0	0	
2.0500	0	0	0	0	0	0	0	
2.1500	0	1	0	0	0	0	1	
2.2500	0	0	0	0	1	0	1	
2.3500	0	0	1	0	0	0	0	
2.4500	1	0	4	0	0	0	0	
2.5500	2	0	2	0	1	1	0	
2.6500	0	1	2	0	0	2	0	
2.7500	0	0	1	1	2	3	0	
2.8500	0	5	3	0	0	0	0	
2.9500	2	1	2	0	4	0	0	
3.0500	1	3	2	0	2	0	0	
3.1500	4	0	2	1	1	2	1	
3.2500	2	3	5	0	4	3	0	
3.3500	4	2	4	0	2	1	0	
3.4500	2	1	7	0	3	1	1	
3.5500	5	5	2	0	6	1	0	
3.6500	4	6	7	2	3	0	1	
3.7500	5	4	4	1	1	2	0	
3.8500	9	10	7	1	5	1	1	
3.9500	4	5	2	2	7	1	2	
4.0500	2	6	4	0	11	0	3	
4.1500	1	2	3	6	1	2	7	
4.2500	4	7	7	1	8	3	4	
4.3500	8	6	7	4	3	1	4	
4.4500	4	6	4	1	6	1	3	
4.5500	6	5	6	2	4	3	4	
4.6500	2	6	6	6	10	0	5	
4.7500	9	5	17	2	8	0	3	
4.8500	8	7	7	3	11	2	6	
4.9500	10	4	7	5	11	0	5	
5.0500	11	9	8	4	10	1	2	
5.1500	10	10	10	10	14	2	8	
5.2500	7	8	7	1	21	2	4	
5.3500	18	5	12	5	14	0	4	
5.4500	6	14	20	5	14	1	6	
5.5500	11	9	11	6	17	2	10	
5.6500	12	14	16	12	16	3	7	
5.7500	14	16	14	5	17	2	5	
5.8500	11	13	10	14	15	3	7	
5.9500	13	14	15	10	10	0	4	
6.0500	13	16	9	7	12	0	7	
6.1500	17	7	18	7	15	0	13	
6.2500	13	15	15	11	16	4	14	
6.3500	18	16	10	13	15	2	12	
6.4500	16	7	12	8	13	1	9	
6.5500	14	16	14	17	17	2	7	
6.6500	14	13	13	10	20	1	10	
6.7500	15	12	8	17	8	1	16	
6.8500	13	8	8	13	18	0	12	
6.9500	13	14	16	21	13	2	15	
7.0500	10	16	15	17	12	3	12	
7.1500	16	13	15	12	10	1	18	
7.2500	16	18	18	11	10	1	15	
7.3500	12	15	15	15	18	4	10	
7.4500	9	20	10	15	14	3	19	
7.5500	12	16	14	8	13	3	9	
7.6500	15	11	8	10	16	0	8	
7.7500	16	16	19	8	7	2	19	
7.8500	18	8	19	19	10	2	24	
7.9500	13	17	10	16	17	2	13	
8.0500	10	15	20	16	19	0	15	
8.1500	18	16	9	15	8	2	21	
8.2500	14	21	16	12	13	1	16	
8.3500	14	13	14	17	19	3	14	
8.4500	9	11	15	14	13	1	18	
8.5500	17	12	14	22	9	5	12	
8.6500	17	8	16	18	11	1	16	
8.7500	15	18	12	9	17	1	13	
8.8500	22	20	17	10	13	4	9	
8.9500	11	14	18	14	15	6	12	
9.0500	14	18	14	16	23	2	24	
9.1500	21	10	16	18	13	9	24	
9.2500	18	29	18	18	14	5	24	
9.3500	15	13	16	13	17	6	12	
9.4500	15	23	9	23	11	6	12	
9.5500	19	12	20	12	25	7	13	
9.6500	19	18	21	15	21	8	10	
9.7500	20	16	17	17	17	6	18	
9.8500	24	15	23	23	20	6	19	
9.9500	23	23	21	11	16	11	27	
10.0500	16	15	18	19	19	12	27	
10.1500	16	30	16	16	24	7	24	
10.2500	23	18	18	20	25	21	24	
10.3500	24	22	23	18	17	15	24	
10.4500	15	23	22	27	24	21	20	
10.5500	18	23	28	15	36	22	20	
10.6500	18	33	25	21	21	25	22	
10.7500	24	24	29	32	29	21	26	
10.8500	30	16	14	18	29	18	33	
10.9500	31	27	26	34	30	21	29	
11.0500	34	29	32	20	37	21	25	
11.1500	30	31	20	30	34	26	23	
11.2500	35	34	26	30	25	19	21	
11.3500	33	29	22	25	31	30	29	
11.4500	29	28	35	30	33	32	45	
11.5500	39	32	30	38	28	40	31	
11.6500	34	33	46	24	32	43	24	
11.7500	31	36	47	42	35	44	34	
11.8500	32	43	44	34	46	44	45	
11.9500	47	57	37	31	32	49	49	
12.0500	44	51	43	43	41	59	44	
12.1500	51	35	37	43	45	42	47	
12.2500	41	49	53	42	52	63	56	
12.3500	50	59	43	51	59	60	45	
12.4500	44	60	70	51	54	66	74	
12.5500	62	54	55	53	59	81	63	
12.6500	75	57	60	54	77	95	68	
12.7500	62	62	73	77	80	127	70	
12.8500	87	84	89	79	76	102	90	
12.9500	85	90	109	87	104	138	84	
13.0500	107	118	120	111	125	153	118	
13.1500	146	139	154	121	115	212	131	
13.2500	164	159	160	169	162	259	160	
13.3500	195	198	203	203	219	272	201	
13.4500	227	238	268	272	293	307	248	
13.5500	295	334	354	322	304	404	292	
13.6500	390	438	447	498	444	550	472	
13.7500	581	672	597	645	568	720	633	
13.8500	697	850	755	876	744	879	797	
13.9500	969	1019	1046	1010	938	1111	1055	
14.0500	1162	1283	1183	1297	1061	1335	1228	
14.1500	1305	1297	1360	1369	1231	1465	1301	
14.2500	1304	1388	1425	1403	1380	1554	1345	
14.3500	1401	1428	1415	1424	1350	1692	1426	
14.4500	1368	1407	1398	1413	1385	1690	1434	
14.5500	1360	1397	1384	1269	1280	1527	1412	
14.6500	1253	1282	1315	1312	1285	1552	1293	
14.7500	1288	1182	1351	1200	1275	1392	1278	
14.8500	1220	1106	1129	1147	1145	1381	1147	
14.9500	1094	1061	1064	1083	1103	1276	1098	
15.0500	1030	1029	1059	1012	1006	1197	1036	
15.1500	985	928	1021	931	1042	1175	919	
15.2500	939	871	898	894	892	1078	988	
15.3500	905	843	839	878	835	1008	865	
15.4500	841	725	875	790	788	978	778	
15.5500	767	764	724	757	785	927	767	
15.6500	670	650	720	695	704	778	704	
15.7500	672	622	638	633	657	824	629	
15.8500	629	552	598	586	637	682	602	
15.9500	563	500	583	518	550	624	583	
16.0500	528	483	489	488	499	598	474	
16.1500	477	465	455	485	471	571	469	
16.2500	473	419	447	391	468	476	396	
16.3500	393	409	383	375	390	485	353	
16.4500	357	315	339	336	319	413	371	
16.5500	324	352	316	248	332	368	329	
16.6500	313	269	280	271	279	333	286	
16.7500	258	242	265	262	258	291	242	
16.8500	226	226	236	177	236	238	219	
16.9500	226	185	187	176	206	233	147	
17.0500	168	155	151	163	164	200	178	
17.1500	179	148	143	152	142	166	123	
17.2500	134	126	134	113	116	148	118	
17.3500	101	120	99	86	126	136	110	
17.4500	100	100	90	91	88	119	76	
17.5500	81	66	82	60	87	88	70	
17.6500	58	62	47	57	56	64	70	
17.7500	53	35	49	44	51	51	33	
17.8500	41	31	34	38	40	39	35	
17.9500	39	29	30	21	34	44	23	
18.0500	23	15	14	18	24	34	21	
18.1500	21	21	10	10	9	12	13	
18.2500	10	9	9	6	11	13	3	
18.3500	7	3	6	3	5	13	3	
18.4500	5	2	2	1	7	7	2	
18.5500	1	1	4	3	7	5	2	
18.6500	3	0	1	1	2	4	0	
18.7500	2	0	0	0	2	1	0	
18.8500	1	0	0	0	1	1	0	
18.9500	1	0	0	0	0	0	0	
19.0500	0	0	0	0	0	1	0	
19.1500	0	0	0	0	0	1	0	
19.2500	0	0	0	0	0	0	1	
19.3500	0	0	0	0	0	1	1	
19.4500	0	0	0	0	0	0	0	
19.5500	0	1	0	0	0	2	0	
19.6500	0	0	1	0	1	2	0	
19.7500	0	1	0	0	0	1	0	
19.8500	0	0	0	0	0	1	0	
19.9500	0	0	0	0	0	2	1	
20.0500	0	0	0	0	1	0	0	
20.1500	0	0	0	0	0	1	0	
20.2500	0	0	0	0	0	1	0	
20.3500	0	0	0	0	0	1	0	
20.4500	0	0	0	0	0	1	0	
20.5500	0	0	0	1	0	0	0	
20.6500	0	0	0	0	0	1	0	
20.7500	0	0	0	0	1	0	0	
20.8500	0	0	0	0	0	1	1	
20.9500	0	0	1	0	0	0	0	
21.0500	0	0	0	0	1	0	0	
21.1500	0	0	0	0	0	1	0	
21.2500	0	0	0	0	0	3	0	
21.3500	1	0	0	0	0	1	0	
21.4500	1	0	0	1	0	0	0	
21.5500	0	0	0	0	0	0	0	
21.6500	0	1	0	0	0	1	0	
21.7500	1	1	0	1	0	0	0	
21.8500	0	0	1	0	0	0	0	
21.9500	0	0	0	0	0	2	0	
22.0500	0	0	0	0	1	1	0	
22.1500	0	1	0	1	0	2	0	
22.2500	0	0	0	0	1	0	0	
22.3500	0	0	0	0	0	1	1	
22.4500	0	0	0	0	0	0	0	
22.5500	0	1	0	0	0	3	0	
22.6500	0	0	0	0	1	0	0	
22.7500	0	0	0	0	0	1	0	
22.8500	0	0	0	0	0	0	0	
22.9500	0	0	0	0	0	0	1	
23.0500	0	1	0	0	0	0	0	
23.1500	0	0	0	1	0	1	0	
23.2500	0	0	1	0	0	0	0	
23.3500	0	0	0	0	0	0	0	
23.4500	0	0	0	0	0	2	0	
23.5500	0	0	0	0	0	1	0	
23.6500	2	1	0	1	4	0	0	
23.7500	0	0	1	0	0	1	0	
23.8500	0	1	1	0	0	0	0	
23.9500	1	0	1	1	0	0	0	
24.0500	0	0	1	0	0	4	0	
24.1500	0	0	0	0	1	3	0	
24.2500	1	0	0	0	0	2	0	
24.3500	0	0	0	0	1	0	1	
24.4500	0	0	1	0	0	4	0	
24.5500	0	0	0	0	1	0	0	
24.6500	0	0	0	0	0	0	0	
24.7500	0	1	1	0	0	3	0	
24.8500	0	0	1	0	0	2	0	
24.9500	0	0	0	0	0	0	1	
25.0500	2	0	0	0	0	1	0	
25.1500	0	0	2	0	0	2	0	
25.2500	0	0	0	0	0	0	0	
25.3500	0	0	1	0	1	0	1	
25.4500	0	0	0	0	0	1	0	
25.5500	0	0	0	0	0	5	2	
25.6500	1	0	1	0	0	2	0	
25.7500	0	0	0	0	0	2	0	
25.8500	0	0	0	0	1	1	0	
25.9500	0	0	2	0	1	0	0	
26.0500	1	0	0	0	0	2	1	
26.1500	2	0	0	0	1	1	1	
26.2500	0	0	0	2	0	2	0	
26.3500	0	0	0	1	1	1	0	
26.4500	0	0	2	0	0	1	1	
26.5500	0	0	2	0	0	2	0	
26.6500	0	0	0	0	0	2	0	
26.7500	0	0	0	1	0	3	1	
26.8500	2	0	0	1	0	0	1	
26.9500	1	1	0	0	0	3	0	
27.0500	0	0	0	0	0	1	2	
27.1500	0	0	0	0	0	3	0	
27.2500	2	0	0	0	2	3	1	
27.3500	4	1	0	2	0	2	1	
27.4500	0	1	0	2	0	1	1	
27.5500	0	0	1	0	0	0	0	
27.6500	0	0	0	0	0	1	1	
27.7500	0	0	0	0	0	2	2	
27.8500	0	0	0	0	0	3	0	
27.9500	1	0	0	0	0	1	0	
28.0500	0	1	0	0	0	1	0	
28.1500	1	0	1	1	0	1	1	
28.2500	0	0	0	0	1	2	0	
28.3500	1	0	2	0	0	0	0	
28.4500	0	1	1	0	1	3	0	
28.5500	1	1	1	0	0	0	0	
28.6500	0	0	1	1	1	4	0	
28.7500	0	0	0	0	0	4	1	
28.8500	0	2	1	2	2	3	0	
28.9500	1	0	0	0	0	3	0	
29.0500	0	0	0	0	0	4	0	
29.1500	0	1	0	0	0	2	0	
29.2500	0	1	0	0	0	4	0	
29.3500	0	0	0	1	1	3	1	
29.4500	0	0	1	0	0	0	0	
29.5500	1	2	0	0	0	3	0	
29.6500	0	1	0	1	1	1	0	
29.7500	0	1	0	0	1	0	0	
29.8500	0	0	0	0	0	1	0	
29.9500	0	0	0	1	2	1	0	
30.0500	0	0	0	0	0	2	1	
30.1500	1	0	0	0	1	0	0	
30.2500	1	1	0	0	1	3	1	
30.3500	0	0	0	1	0	1	2	
30.4500	0	0	0	0	0	1	1	
30.5500	1	0	0	0	0	1	0	
30.6500	0	0	0	0	0	1	0	
30.7500	0	0	0	0	0	1	0	
30.8500	0	0	0	0	0	0	0	
30.9500	0	0	1	0	1	0	0	
31.0500	0	0	0	0	0	2	0	
31.1500	0	1	0	0	0	0	0	
31.2500	1	0	0	0	0	0	0	
31.3500	0	0	0	1	0	0	0	
31.4500	0	0	0	0	0	1	0	
31.5500	0	0	0	0	0	1	0	
31.6500	0	0	0	0	0	0	1	
31.7500	0	0	0	0	0	0	0	
31.8500	0	0	0	0	0	1	0	
31.9500	0	0	0	0	0	0	0	
32.0500	0	0	0	0	0	0	0	
32.1500	0	0	0	0	0	0	0	
32.2500	0	0	0	0	0	0	0	
32.3500	0	0	0	0	0	0	0	
32.4500	0	0	0	0	0	0	0	
32.5500	0	0	0	0	0	1	0	
32.6500	0	0	0	0	0	1	0	
32.7500	0	0	0	0	0	0	0	
32.8500	0	0	0	0	0	0	0	
32.9500	0	0	0	0	0	0	0	
33.0500	0	0	0	0	1	0	0	
33.1500	0	0	0	0	0	0	0	
33.2500	0	0	0	0	0	0	0	
33.3500	0	0	0	0	0	0	0	
33.4500	0	0	0	0	0	1	0	
33.5500	0	0	0	0	0	0	0	
33.6500	0	0	0	0	0	0	0	
33.7500	0	0	0	0	0	0	0	
33.8500	0	0	0	0	0	0	0	
33.9500	0	0	0	0	0	0	0	
34.0500	0	0	0	0	0	0	0	
34.1500	0	0	0	0	0	1	0	
34.2500	0	0	0	0	0	0	0	
34.3500	0	0	0	0	0	0	0	
34.4500	0	0	0	0	0	0	0	
34.5500	0	0	0	0	0	0	0	
34.6500	0	0	0	0	0	0	0	
34.7500	0	0	0	0	0	0	0	
34.8500	0	0	0	0	0	0	0	
34.9500	0	0	0	0	0	0	0	
35.0500	0	0	0	0	0	0	0	
35.1500	0	0	0	0	0	0	0	
35.2500	0	0	0	0	0	0	0	
35.3500	0	0	0	0	0	0	0	
35.4500	0	0	0	0	0	0	0	
35.5500	0	0	0	0	0	0	0	
35.6500	0	0	0	0	0	0	0	
35.7500	0	0	0	0	0	0	0	
35.8500	0	0	0	0	0	0	0	
35.9500	0	0	0	0	0	0	0	
36.0500	0	0	0	0	0	0	0	
36.1500	0	0	0	1	0	0	0	
36.2500	0	0	0	0	0	0	0	
36.3500	0	0	0	0	0	0	0	
36.4500	0	0	0	0	0	0	0	
36.5500	0	0	0	0	0	0	0	
36.6500	0	0	0	0	0	0	0	
36.7500	0	0	0	0	0	0	0	
36.8500	0	0	0	0	0	0	0	
36.9500	0	0	0	0	0	0	0	
37.0500	0	0	0	0	0	0	0	
37.1500	0	0	0	0	0	0	0	
37.2500	0	0	0	0	0	0	0	
37.3500	0	0	0	0	0	0	0	
37.4500	0	0	0	0	0	0	0	
37.5500	0	0	0	0	0	0	0	
37.6500	0	0	0	0	0	0	0	
37.7500	0	0	0	0	0	0	0	
37.8500	0	0	0	0	0	0	0	
37.9500	0	0	0	0	0	0	0	
38.0500	0	0	0	0	0	0	0	
38.1500	0	0	0	0	0	0	0	
38.2500	0	0	0	0	0	0	0	
38.3500	0	0	0	0	0	0	0	
38.4500	0	0	0	0	0	0	0	
38.5500	0	0	0	0	0	0	0	
38.6500	0	0	0	0	0	0	0	
38.7500	0	0	0	0	0	0	0	
38.8500	0	0	0	0	0	0	0	
38.9500	0	0	0	0	0	0	0	
39.0500	0	0	0	0	0	0	0	
39.1500	0	0	0	0	0	0	0	
39.2500	0	0	0	0	0	0	0	
39.3500	0	0	0	0	0	0	0	
39.4500	0	0	0	0	0	0	0	
39.5500	0	0	0	0	0	0	0	
39.6500	0	0	0	0	0	0	0	
39.7500	0	0	0	0	0	0	0	
39.8500	0	0	0	0	0	0	0	
39.9500	0	0	0	0	0	0	0	
